1000
-5 -5 -0.2 5 5 0.2
0 -0.30263572561039864 -0.24506183818458416 -0.04325188510354971 0.0 0.0 0.0 0.0 0.0 0.0
1 0.7207643542611903 -0.06790726762907107 -0.01749473755250293 0.0 0.0 0.0 0.0 0.0 0.0
2 0.05079019492320902 0.2029592143202752 0.029578110937348107 0.0 0.0 0.0 0.0 0.0 0.0
3 0.9090126131062277 -0.18772598941303875 -0.0224448015549048 0.0 0.0 0.0 0.0 0.0 0.0
4 -0.013719064669762027 0.5631261564709578 0.010819149734223515 0.0 0.0 0.0 0.0 0.0 0.0
5 0.5630533103620012 -0.3564068250830019 -0.022588637153457998 0.0 0.0 0.0 0.0 0.0 0.0
6 -0.21844922853723592 0.4035434836919678 -0.0002892906476777077 0.0 0.0 0.0 0.0 0.0 0.0
7 0.6881244879439987 -0.18994163957417265 -0.02605290721409199 0.0 0.0 0.0 0.0 0.0 0.0
8 -0.8644061350199543 -0.7607212124583305 -0.01309802672295663 0.0 0.0 0.0 0.0 0.0 0.0
9 0.19390310221670615 0.774311518840602 -0.042361182422678556 0.0 0.0 0.0 0.0 0.0 0.0
10 -0.9275544961951638 0.28350957438931923 0.03799568435291181 0.0 0.0 0.0 0.0 0.0 0.0
11 0.45482321226841993 -0.536260324811854 0.04695975680486297 0.0 0.0 0.0 0.0 0.0 0.0
12 -0.19026032487040467 -0.5575465379201858 -0.018239793370279783 0.0 0.0 0.0 0.0 0.0 0.0
13 -0.1439971134793212 0.7956243345733616 0.0061963509235814715 0.0 0.0 0.0 0.0 0.0 0.0
14 0.6067868506231908 0.659415852132762 -0.026748149762394466 0.0 0.0 0.0 0.0 0.0 0.0
15 0.26212393754145524 -0.6620971914346165 -0.007351426717894696 0.0 0.0 0.0 0.0 0.0 0.0
16 0.4863760320369461 0.024092883004719123 0.013101704760654961 0.0 0.0 0.0 0.0 0.0 0.0
17 -0.08224664548684579 0.9891716482099249 0.013286729676590059 0.0 0.0 0.0 0.0 0.0 0.0
18 0.228134675950858 -0.9441056765341489 -0.04251232582529756 0.0 0.0 0.0 0.0 0.0 0.0
19 -0.9502230708169572 -0.02850633230091071 -0.03211543196079733 0.0 0.0 0.0 0.0 0.0 0.0
20 -0.2934770476992776 -0.8221620079254972 0.005271592164083197 0.0 0.0 0.0 0.0 0.0 0.0
21 0.3453323923244822 -0.010422471432047109 0.04356018557829523 0.0 0.0 0.0 0.0 0.0 0.0
22 0.12213047384188802 -0.4432207737105316 0.0010693984710748589 0.0 0.0 0.0 0.0 0.0 0.0
23 -0.09434245203059954 0.6122989011376814 -0.029951853737540234 0.0 0.0 0.0 0.0 0.0 0.0
24 0.285160460179664 0.4079472693943693 0.01769755845621941 0.0 0.0 0.0 0.0 0.0 0.0
25 -0.3652629250838617 -0.3392450282546664 -0.02909064955804209 0.0 0.0 0.0 0.0 0.0 0.0
26 -0.07731855887199157 -0.6763175161828328 -0.005985395229794646 0.0 0.0 0.0 0.0 0.0 0.0
27 -0.8848127765293072 0.584572394079969 0.030720344822609838 0.0 0.0 0.0 0.0 0.0 0.0
28 -0.6983717270644996 0.24014279800161642 -0.015578723769445163 0.0 0.0 0.0 0.0 0.0 0.0
29 -0.6920547755280069 -0.3734156074628867 -0.0340081463950857 0.0 0.0 0.0 0.0 0.0 0.0
30 -0.15531209930849976 0.66590088068379 0.0044319610230007175 0.0 0.0 0.0 0.0 0.0 0.0
31 0.8616978426246518 -0.934309071641737 -0.039859465485662986 0.0 0.0 0.0 0.0 0.0 0.0
32 0.16560121619179635 -0.3880035031211426 0.036967439058197646 0.0 0.0 0.0 0.0 0.0 0.0
33 -0.5166365667468809 0.5181749894199685 -0.01089858698388877 0.0 0.0 0.0 0.0 0.0 0.0
34 -0.920775659957837 0.45382260705305866 0.022477022124235788 0.0 0.0 0.0 0.0 0.0 0.0
35 0.20561885459185403 -0.3123015686189763 -0.047625155312731524 0.0 0.0 0.0 0.0 0.0 0.0
36 -0.950062922467459 -0.3546020860521635 -0.04427058473311492 0.0 0.0 0.0 0.0 0.0 0.0
37 -0.4507794732510515 -0.3256434291979724 0.04105222200545974 0.0 0.0 0.0 0.0 0.0 0.0
38 -0.6460551279020026 0.29997247485348244 -0.030082007016481935 0.0 0.0 0.0 0.0 0.0 0.0
39 0.658074003285648 0.6195740098655727 0.008804790292846212 0.0 0.0 0.0 0.0 0.0 0.0
40 -0.28074870402916496 -0.9025227611887028 0.04377935293391562 0.0 0.0 0.0 0.0 0.0 0.0
41 0.2149112425750268 0.2007338792177218 0.0014399731662498305 0.0 0.0 0.0 0.0 0.0 0.0
42 -0.636681518581494 0.8198831105440054 -0.04468604987740293 0.0 0.0 0.0 0.0 0.0 0.0
43 0.9882328592434613 0.7335810907500933 -0.04461742723459176 0.0 0.0 0.0 0.0 0.0 0.0
44 0.8268717363794467 0.33177664070122836 0.016435980402987868 0.0 0.0 0.0 0.0 0.0 0.0
45 0.928659074475686 -0.6561953214199339 0.02084796917995381 0.0 0.0 0.0 0.0 0.0 0.0
46 0.14949002890805607 0.7160791195180227 0.03445256357970729 0.0 0.0 0.0 0.0 0.0 0.0
47 0.1533791163740188 0.701999249457941 0.0370345052790339 0.0 0.0 0.0 0.0 0.0 0.0
48 0.9803075987531222 0.29128882063165795 0.024739391405895414 0.0 0.0 0.0 0.0 0.0 0.0
49 -0.04747563420092171 -0.9650797352891831 -0.00706726610833909 0.0 0.0 0.0 0.0 0.0 0.0
50 -0.24068539422329382 0.6453976614403005 0.02692375034697407 0.0 0.0 0.0 0.0 0.0 0.0
51 0.9095834774967861 -0.7917117085170733 0.019804286978949176 0.0 0.0 0.0 0.0 0.0 0.0
52 0.2739983940257278 0.3898227227172302 0.00607335188292335 0.0 0.0 0.0 0.0 0.0 0.0
53 -0.2722248781111838 0.5272818969687172 -0.04408802346666624 0.0 0.0 0.0 0.0 0.0 0.0
54 -0.9707575124511107 0.3211721271910508 -0.03229065744837381 0.0 0.0 0.0 0.0 0.0 0.0
55 0.17843993634329536 -0.08739702216788747 -0.00965277369841358 0.0 0.0 0.0 0.0 0.0 0.0
56 0.1505550510884286 0.7741359031993154 0.04461121773629621 0.0 0.0 0.0 0.0 0.0 0.0
57 0.023687807015758677 0.7417066410368489 0.02825768099809929 0.0 0.0 0.0 0.0 0.0 0.0
58 -0.45856573775530096 -0.506245725453508 0.034165536532084595 0.0 0.0 0.0 0.0 0.0 0.0
59 -0.7206997635880492 -0.1017432626599637 -0.042542315070718886 0.0 0.0 0.0 0.0 0.0 0.0
60 -0.7674945701288631 0.016979195063928865 0.011303103702886931 0.0 0.0 0.0 0.0 0.0 0.0
61 -0.04143536699694561 -0.2434542088258007 0.022831798053360733 0.0 0.0 0.0 0.0 0.0 0.0
62 -0.1114896764879727 -0.35285062277296864 -0.009031286685001319 0.0 0.0 0.0 0.0 0.0 0.0
63 -0.7692247344602743 -0.9694692848114761 0.004098520996179848 0.0 0.0 0.0 0.0 0.0 0.0
64 0.7526194404088202 -0.5888403712817132 -0.04471344020767001 0.0 0.0 0.0 0.0 0.0 0.0
65 0.4109628185335361 0.3369705635054261 -0.023077458047942652 0.0 0.0 0.0 0.0 0.0 0.0
66 -0.2887961903120011 0.789378515947617 0.022148955255450756 0.0 0.0 0.0 0.0 0.0 0.0
67 0.4290898980465392 -0.35784117277809346 -0.014076921230816782 0.0 0.0 0.0 0.0 0.0 0.0
68 0.5152950387123141 -0.5265254589341619 -0.0020180450521749757 0.0 0.0 0.0 0.0 0.0 0.0
69 -0.2190258016916422 -0.38372178032884485 0.03218283406539853 0.0 0.0 0.0 0.0 0.0 0.0
70 -0.8629002738233882 0.9727386149655461 0.006911606040415741 0.0 0.0 0.0 0.0 0.0 0.0
71 0.4445719468627205 -0.4337430699814837 0.02492787444569204 0.0 0.0 0.0 0.0 0.0 0.0
72 -0.6765298007255929 -0.8258543605278323 0.026280799460515092 0.0 0.0 0.0 0.0 0.0 0.0
73 -0.7946516977532176 -0.5945988582771864 -0.011390355501835404 0.0 0.0 0.0 0.0 0.0 0.0
74 -0.6092740873142533 -0.14291300499513904 -0.04043750518222834 0.0 0.0 0.0 0.0 0.0 0.0
75 0.7385365333777296 -0.8965953836033369 -0.02635819646218662 0.0 0.0 0.0 0.0 0.0 0.0
76 -0.1879718035514788 -0.2418335757717387 -0.00970336351343374 0.0 0.0 0.0 0.0 0.0 0.0
77 0.012958568714231955 0.024792989320271408 -0.03230762795001078 0.0 0.0 0.0 0.0 0.0 0.0
78 0.2139824786318918 0.7410053150606783 -0.012384004668585559 0.0 0.0 0.0 0.0 0.0 0.0
79 0.1070971163065575 0.5073681920620199 0.0022679583961163763 0.0 0.0 0.0 0.0 0.0 0.0
80 0.29269072194790446 0.9999162760165794 0.015882486120261316 0.0 0.0 0.0 0.0 0.0 0.0
81 0.946951915606193 0.6863546581709261 0.007497238988829175 0.0 0.0 0.0 0.0 0.0 0.0
82 0.6516394283843299 0.6410595372565646 0.022574894487147515 0.0 0.0 0.0 0.0 0.0 0.0
83 -0.19598126706455732 -0.6133308991485351 -0.01583494373461381 0.0 0.0 0.0 0.0 0.0 0.0
84 0.012911646766981644 0.5749678472063731 -0.011348185650136823 0.0 0.0 0.0 0.0 0.0 0.0
85 0.5959371565440379 -0.8352796491230772 0.04662575654632961 0.0 0.0 0.0 0.0 0.0 0.0
86 -0.5554004406591291 -0.48414440607876497 0.04818913774792666 0.0 0.0 0.0 0.0 0.0 0.0
87 -0.40643870384914504 0.9612753853189213 -0.03395302469068111 0.0 0.0 0.0 0.0 0.0 0.0
88 -0.3116051236247004 -0.5773985726171873 -0.04575772717208573 0.0 0.0 0.0 0.0 0.0 0.0
89 0.1579728548204502 0.9364528276176531 -0.022887344039764442 0.0 0.0 0.0 0.0 0.0 0.0
90 -0.8867356627845273 0.432068385801591 0.046420178432840825 0.0 0.0 0.0 0.0 0.0 0.0
91 -0.2880170419015897 0.006120435876089347 0.005682719482790831 0.0 0.0 0.0 0.0 0.0 0.0
92 -0.6510112329671178 0.45367987737780235 0.007870796854306597 0.0 0.0 0.0 0.0 0.0 0.0
93 -0.21460219768308053 -0.25173716686775927 0.03652389831200499 0.0 0.0 0.0 0.0 0.0 0.0
94 -0.936892272805854 0.3098082470795007 0.02434301088435188 0.0 0.0 0.0 0.0 0.0 0.0
95 -0.6964055423599198 -0.6771131905573478 0.015362394169013874 0.0 0.0 0.0 0.0 0.0 0.0
96 0.504620138782296 -0.1498977286170693 0.03652026553993801 0.0 0.0 0.0 0.0 0.0 0.0
97 0.47551495262985166 -0.8506085504776542 -0.03653396162929621 0.0 0.0 0.0 0.0 0.0 0.0
98 0.5277327764594291 -0.22865955215834033 -0.028737766994499512 0.0 0.0 0.0 0.0 0.0 0.0
99 -0.3312707641823036 -0.7404612850765695 -0.008090548174874479 0.0 0.0 0.0 0.0 0.0 0.0
100 0.6463943231673037 0.7814220076332505 -0.031828577773262645 0.0 0.0 0.0 0.0 0.0 0.0
101 0.24196551207122807 0.10160590795535596 0.026875908030382645 0.0 0.0 0.0 0.0 0.0 0.0
102 -0.2819628019315117 -0.9266773155015156 -0.03906714716013653 0.0 0.0 0.0 0.0 0.0 0.0
103 -0.31036866681783915 0.5716686179440895 0.049402212100593645 0.0 0.0 0.0 0.0 0.0 0.0
104 0.9946992515016413 -0.8103480330496529 0.03920829551642123 0.0 0.0 0.0 0.0 0.0 0.0
105 -0.20036209027290552 -0.7706947871231005 0.003155981593797222 0.0 0.0 0.0 0.0 0.0 0.0
106 0.22358079345575255 0.5130827179977588 -0.0153664567748458 0.0 0.0 0.0 0.0 0.0 0.0
107 0.3966047933504224 0.16790335783592947 -0.04691839385345599 0.0 0.0 0.0 0.0 0.0 0.0
108 -0.16837505246668338 0.19334058727565218 0.04847508210083441 0.0 0.0 0.0 0.0 0.0 0.0
109 -0.8565872137379309 0.22099792864317824 -0.02671461984612713 0.0 0.0 0.0 0.0 0.0 0.0
110 0.9042896484149623 0.10923489669530939 -0.04366608396668478 0.0 0.0 0.0 0.0 0.0 0.0
111 0.027331722619531318 -0.7338241608049825 0.04044779712297247 0.0 0.0 0.0 0.0 0.0 0.0
112 0.16480392036357272 -0.9217263969555916 -0.01734136660291114 0.0 0.0 0.0 0.0 0.0 0.0
113 0.4032123886011947 -0.15606443584832008 -0.041155894093051995 0.0 0.0 0.0 0.0 0.0 0.0
114 -0.8658695683643138 0.9339696628100183 0.03504286222687339 0.0 0.0 0.0 0.0 0.0 0.0
115 -0.3886373348758727 0.13476439411653307 -0.013088217772399671 0.0 0.0 0.0 0.0 0.0 0.0
116 0.7741927098485204 -0.6279561699218386 0.03136180750925843 0.0 0.0 0.0 0.0 0.0 0.0
117 0.31428009518991584 -0.9725570368379417 0.031903413828395843 0.0 0.0 0.0 0.0 0.0 0.0
118 -0.9242566714575831 0.41451888385975666 0.022024146210062823 0.0 0.0 0.0 0.0 0.0 0.0
119 -0.8962670702573212 0.38828109714830705 -0.038659698614695204 0.0 0.0 0.0 0.0 0.0 0.0
120 -0.9412365762388903 -0.1868306086678735 0.021212945582831863 0.0 0.0 0.0 0.0 0.0 0.0
121 -0.3052603247007937 -0.5954890817736549 0.021022611588336473 0.0 0.0 0.0 0.0 0.0 0.0
122 -0.7010910067784781 0.8775567319307274 -0.03037024126366783 0.0 0.0 0.0 0.0 0.0 0.0
123 0.5444429993157156 0.10610362309297683 -0.030629033237540893 0.0 0.0 0.0 0.0 0.0 0.0
124 0.1731659385406774 -0.3929733310008581 0.0018983349985722958 0.0 0.0 0.0 0.0 0.0 0.0
125 0.3352535824992726 0.06488929098822482 0.046750988906283236 0.0 0.0 0.0 0.0 0.0 0.0
126 -0.46301086875132524 -0.7619532505707054 -0.017421937273231575 0.0 0.0 0.0 0.0 0.0 0.0
127 -0.8848342221223604 0.8082967347566261 -0.04276906295008701 0.0 0.0 0.0 0.0 0.0 0.0
128 -0.2578031798580298 0.5342503457973606 0.04193032687348035 0.0 0.0 0.0 0.0 0.0 0.0
129 -0.9252889823696393 0.7593800264714501 0.028577771499761484 0.0 0.0 0.0 0.0 0.0 0.0
130 0.14821753315579733 -0.18460044038282808 -0.01943649855193846 0.0 0.0 0.0 0.0 0.0 0.0
131 0.10995893230879616 0.3776976273178456 -0.005077952458383474 0.0 0.0 0.0 0.0 0.0 0.0
132 0.6286076525929429 -0.7327603472438338 -0.015546968833661343 0.0 0.0 0.0 0.0 0.0 0.0
133 0.8601794500892197 -0.16213913622420906 -0.018478865059068914 0.0 0.0 0.0 0.0 0.0 0.0
134 -0.22714749725878525 -0.018423880077969246 -0.03417630908001847 0.0 0.0 0.0 0.0 0.0 0.0
135 -0.6291462679488522 0.059828528361216105 0.04738007820629371 0.0 0.0 0.0 0.0 0.0 0.0
136 0.027090350849204192 -0.06412527186669004 -0.030301721630316702 0.0 0.0 0.0 0.0 0.0 0.0
137 -0.26322634253377597 0.13644273688839959 -0.007571750137465805 0.0 0.0 0.0 0.0 0.0 0.0
138 0.6575685673714411 0.7233056775329361 0.006754538094264684 0.0 0.0 0.0 0.0 0.0 0.0
139 0.7001925304079768 0.20634723903298124 -0.018932416463607753 0.0 0.0 0.0 0.0 0.0 0.0
140 -0.9667780075065779 0.39899779032404226 -0.01628423871698708 0.0 0.0 0.0 0.0 0.0 0.0
141 0.4316843195869211 -0.5386424819356375 -0.03143410500818149 0.0 0.0 0.0 0.0 0.0 0.0
142 -0.9140549148169057 -0.3677804874764845 -0.006967802035590567 0.0 0.0 0.0 0.0 0.0 0.0
143 0.4592500623120477 0.6133165654534882 0.048255532287652725 0.0 0.0 0.0 0.0 0.0 0.0
144 0.45245525303814493 -0.2768370090911658 0.039545221158700114 0.0 0.0 0.0 0.0 0.0 0.0
145 0.15509977429822985 -0.7550796910661197 0.04600230887979552 0.0 0.0 0.0 0.0 0.0 0.0
146 -0.11739604069374288 0.4416487855648179 0.03044298635359391 0.0 0.0 0.0 0.0 0.0 0.0
147 0.6781757906601227 -0.40489144604967886 -0.025220279157455557 0.0 0.0 0.0 0.0 0.0 0.0
148 0.744453375714714 -0.8530706580106646 -0.032346362518466586 0.0 0.0 0.0 0.0 0.0 0.0
149 0.5687257956020988 0.42288436069085855 0.04323601702748249 0.0 0.0 0.0 0.0 0.0 0.0
150 -0.9943101437120971 -0.07586210251750147 0.046438258050478964 0.0 0.0 0.0 0.0 0.0 0.0
151 0.19941321757833275 0.9618052456061763 -0.009804105507123274 0.0 0.0 0.0 0.0 0.0 0.0
152 -0.704049170107703 0.464002803519425 -0.020484922479788233 0.0 0.0 0.0 0.0 0.0 0.0
153 -0.10917738858288839 0.5120322127371824 -0.03562521376247889 0.0 0.0 0.0 0.0 0.0 0.0
154 0.613591275690236 0.28303689500835283 -0.013578782779714277 0.0 0.0 0.0 0.0 0.0 0.0
155 -0.15278965522453314 0.4203436046069531 0.026899492223631888 0.0 0.0 0.0 0.0 0.0 0.0
156 -0.2050221494375677 0.06885502221742423 0.024914004675289397 0.0 0.0 0.0 0.0 0.0 0.0
157 0.21887198708003508 -0.16463583108404323 0.00364174389345525 0.0 0.0 0.0 0.0 0.0 0.0
158 0.29592431458116164 -0.8358683409673398 -0.020969874649723903 0.0 0.0 0.0 0.0 0.0 0.0
159 0.1910115130372949 -0.6115353236863805 0.008687885931526779 0.0 0.0 0.0 0.0 0.0 0.0
160 -0.25647025785571653 -0.032303943916594635 -0.02903263413842444 0.0 0.0 0.0 0.0 0.0 0.0
161 0.5232227528203062 0.7040218476093656 -0.029313218052701737 0.0 0.0 0.0 0.0 0.0 0.0
162 -0.8987632335460114 0.9434334639844351 0.04358136538776995 0.0 0.0 0.0 0.0 0.0 0.0
163 0.469673439901537 0.9869701525011982 0.031046431226625565 0.0 0.0 0.0 0.0 0.0 0.0
164 -0.9500310282371323 -0.5548324492719847 0.043419800108322235 0.0 0.0 0.0 0.0 0.0 0.0
165 0.6901263090324519 -0.10609413329494233 -0.04327724145985173 0.0 0.0 0.0 0.0 0.0 0.0
166 0.600190444927341 0.3765248742755565 0.039973576705392255 0.0 0.0 0.0 0.0 0.0 0.0
167 -0.41209824099671666 0.7090457524036045 -0.045586209944490225 0.0 0.0 0.0 0.0 0.0 0.0
168 0.16552555821610415 0.5688739578409905 0.028479806986183423 0.0 0.0 0.0 0.0 0.0 0.0
169 -0.9511310994734947 -0.6974952983377782 -0.016825995723638146 0.0 0.0 0.0 0.0 0.0 0.0
170 0.8405320087073243 0.09676887007962032 0.03805555784835174 0.0 0.0 0.0 0.0 0.0 0.0
171 -0.3546297536979113 0.00038223865866160445 -0.014567003286986874 0.0 0.0 0.0 0.0 0.0 0.0
172 -0.01325741557126281 -0.11046099232871631 0.048089391927581965 0.0 0.0 0.0 0.0 0.0 0.0
173 0.29473983533809234 -0.09897588173109972 -0.03726977865703675 0.0 0.0 0.0 0.0 0.0 0.0
174 0.962375018168498 -0.9970720504284323 -0.04142786718184638 0.0 0.0 0.0 0.0 0.0 0.0
175 -0.3159119891476807 0.6034632801414992 -0.022257822810305347 0.0 0.0 0.0 0.0 0.0 0.0
176 0.27928796214026086 -0.5931407676968674 -0.01976015049313698 0.0 0.0 0.0 0.0 0.0 0.0
177 0.2741551259608148 -0.6827711443878901 -0.03368479575406326 0.0 0.0 0.0 0.0 0.0 0.0
178 0.5184127195961381 0.06261481505195698 -0.029531918750144836 0.0 0.0 0.0 0.0 0.0 0.0
179 0.9931180492850455 -0.2361964511116581 0.04899153865081873 0.0 0.0 0.0 0.0 0.0 0.0
180 0.7219386182922831 0.39066662312096057 0.016197610272477028 0.0 0.0 0.0 0.0 0.0 0.0
181 -0.2668092128987576 0.41835369641242703 -0.017017415524247154 0.0 0.0 0.0 0.0 0.0 0.0
182 -0.4603094844724138 -0.443501228351447 0.048701174695828686 0.0 0.0 0.0 0.0 0.0 0.0
183 0.9478825425622386 -0.30974221062877394 -0.03384015561150076 0.0 0.0 0.0 0.0 0.0 0.0
184 -0.8483230139889806 -0.11887067972065135 -0.02068400482101363 0.0 0.0 0.0 0.0 0.0 0.0
185 0.7995645269099672 0.7380927463610987 -0.010725406854770664 0.0 0.0 0.0 0.0 0.0 0.0
186 0.8655836353830337 -0.9765409335050235 0.024404368248917188 0.0 0.0 0.0 0.0 0.0 0.0
187 -0.18210568402797578 -0.800763665020408 0.03600855456175843 0.0 0.0 0.0 0.0 0.0 0.0
188 0.5354605738011191 -0.7351320515810262 -0.03188687885400926 0.0 0.0 0.0 0.0 0.0 0.0
189 -0.10702483481731839 -0.5875470631054731 0.02083569843292417 0.0 0.0 0.0 0.0 0.0 0.0
190 0.7824379054633095 -0.04332306549213638 -0.03962862225180112 0.0 0.0 0.0 0.0 0.0 0.0
191 -0.8510896026723245 0.9513890114639156 -0.016019324352243743 0.0 0.0 0.0 0.0 0.0 0.0
192 -0.8746937650715334 -0.25793362770182826 0.031213792114250932 0.0 0.0 0.0 0.0 0.0 0.0
193 -0.7173340718529566 -0.7927981282318584 -0.04139713987577873 0.0 0.0 0.0 0.0 0.0 0.0
194 -0.9405395014865412 -0.9494086018645804 -0.030141036033361768 0.0 0.0 0.0 0.0 0.0 0.0
195 0.12489062253987426 0.2504372786434035 -0.0321243188300602 0.0 0.0 0.0 0.0 0.0 0.0
196 -0.29181778504959865 -0.9523538081337586 0.04201467011011245 0.0 0.0 0.0 0.0 0.0 0.0
197 0.4370681754836241 -0.5515308812345066 0.0089687904187064 0.0 0.0 0.0 0.0 0.0 0.0
198 -0.8165984904627186 0.7808927643960186 0.003151765392324389 0.0 0.0 0.0 0.0 0.0 0.0
199 0.11283006717383248 -0.4316655492412145 0.03550633522394182 0.0 0.0 0.0 0.0 0.0 0.0
200 -0.4452535868613605 -0.09584685685746774 -0.0438355129084257 0.0 0.0 0.0 0.0 0.0 0.0
201 -0.5787378912997923 0.5052327824201059 -0.04155633016279761 0.0 0.0 0.0 0.0 0.0 0.0
202 -0.4370963144471749 -6.993644268149524e-06 -0.01970820842925051 0.0 0.0 0.0 0.0 0.0 0.0
203 -0.9028292073530366 -0.954739688673846 -0.0027759766792823035 0.0 0.0 0.0 0.0 0.0 0.0
204 -0.6763552019607977 -0.8098452322474681 -0.0461578509687925 0.0 0.0 0.0 0.0 0.0 0.0
205 0.0345924366276682 0.2235238862726623 0.0018244175775230312 0.0 0.0 0.0 0.0 0.0 0.0
206 -0.6741712470762247 -0.9131990240518522 0.009516095143574738 0.0 0.0 0.0 0.0 0.0 0.0
207 0.5727369951509333 -0.9249044277641805 -0.008766767122686925 0.0 0.0 0.0 0.0 0.0 0.0
208 -0.9949865999677645 0.35038020285414384 0.040481373187666356 0.0 0.0 0.0 0.0 0.0 0.0
209 -0.7643756223262026 -0.015440217838692094 0.02445141116162748 0.0 0.0 0.0 0.0 0.0 0.0
210 0.4972000628064057 0.479960330069485 0.013568709167904758 0.0 0.0 0.0 0.0 0.0 0.0
211 0.6057088630368568 -0.218120921052106 0.010094406113487053 0.0 0.0 0.0 0.0 0.0 0.0
212 0.20392368482622536 -0.38312079853252246 0.046235552071960534 0.0 0.0 0.0 0.0 0.0 0.0
213 0.4322278249087541 -0.4439973981311649 -0.048936848123766204 0.0 0.0 0.0 0.0 0.0 0.0
214 -0.8488238723603101 -0.6234400157271489 -0.04979736281839982 0.0 0.0 0.0 0.0 0.0 0.0
215 -0.7931112008172791 -0.019744616826545602 0.04272305766300405 0.0 0.0 0.0 0.0 0.0 0.0
216 -0.37757500469735095 0.6651186293498028 -0.04580269438203754 0.0 0.0 0.0 0.0 0.0 0.0
217 -0.9598260917146488 0.515349941295528 -0.049183203010655915 0.0 0.0 0.0 0.0 0.0 0.0
218 0.6463916709425888 -0.36031474317805 0.007489442721081811 0.0 0.0 0.0 0.0 0.0 0.0
219 -0.18079446136493815 0.3812130982705997 0.029675642065032412 0.0 0.0 0.0 0.0 0.0 0.0
220 0.8882885485009235 -0.20140085171198452 -0.04478759198857725 0.0 0.0 0.0 0.0 0.0 0.0
221 0.46103353950545634 0.1358629076560931 -0.0428361394674964 0.0 0.0 0.0 0.0 0.0 0.0
222 0.5823750033821518 0.6330415928929436 0.04016819839112938 0.0 0.0 0.0 0.0 0.0 0.0
223 0.5596160398168077 -0.49009953821845675 -0.007622922579077519 0.0 0.0 0.0 0.0 0.0 0.0
224 -0.511764000739495 -0.9847667585553563 -0.018533643513633416 0.0 0.0 0.0 0.0 0.0 0.0
225 -0.17738569192138653 -0.1161888050586064 0.0007663332331074441 0.0 0.0 0.0 0.0 0.0 0.0
226 -0.9471202157907126 -0.3762449372660721 0.012024712358054558 0.0 0.0 0.0 0.0 0.0 0.0
227 -0.5765034662461095 -0.7743106687488013 0.016388389379766985 0.0 0.0 0.0 0.0 0.0 0.0
228 0.36767462910636484 -0.6986092868543883 0.02722761934375842 0.0 0.0 0.0 0.0 0.0 0.0
229 -0.6172040616006969 -0.4408644825231416 0.023885743308415114 0.0 0.0 0.0 0.0 0.0 0.0
230 0.702352273904638 0.7223902414561887 -0.004309665837909385 0.0 0.0 0.0 0.0 0.0 0.0
231 -0.6217098469326094 -0.930089308041699 0.04854112567330977 0.0 0.0 0.0 0.0 0.0 0.0
232 0.48937586849950065 -0.6253103637632238 0.03477268562704462 0.0 0.0 0.0 0.0 0.0 0.0
233 -0.3256363844242278 0.15033687561814713 0.02946284537142746 0.0 0.0 0.0 0.0 0.0 0.0
234 0.729789207717261 0.3500297877496823 -0.0443975066406298 0.0 0.0 0.0 0.0 0.0 0.0
235 0.7742254108352742 -0.13836793101131528 0.04911024026032479 0.0 0.0 0.0 0.0 0.0 0.0
236 -0.7891128521961936 -0.9459764658964971 0.045277538757515626 0.0 0.0 0.0 0.0 0.0 0.0
237 -0.37492659787888494 0.2803842999997792 0.017254356511733696 0.0 0.0 0.0 0.0 0.0 0.0
238 -0.33429618332690203 0.9693939471321635 -0.04747810618330821 0.0 0.0 0.0 0.0 0.0 0.0
239 -0.08663829319678418 0.313025027323208 0.0037521993505505932 0.0 0.0 0.0 0.0 0.0 0.0
240 -0.795100747126517 0.8733211737231672 -0.04685165595984067 0.0 0.0 0.0 0.0 0.0 0.0
241 0.5616546335076373 0.7270518965397788 -0.02269631252910513 0.0 0.0 0.0 0.0 0.0 0.0
242 -0.5500895114429092 -0.4858761535126195 -0.015374073464315026 0.0 0.0 0.0 0.0 0.0 0.0
243 -0.6134558379450052 0.5553277573923359 0.020071244102187802 0.0 0.0 0.0 0.0 0.0 0.0
244 -0.5489908294181582 -0.891560618331573 -0.04182481951974905 0.0 0.0 0.0 0.0 0.0 0.0
245 -0.1058908395009932 -0.7366403020424475 -0.007022245700536861 0.0 0.0 0.0 0.0 0.0 0.0
246 0.6508249207676553 0.10363372450353903 -0.01792818817301313 0.0 0.0 0.0 0.0 0.0 0.0
247 -0.15355943274681572 -0.26194671889515675 -0.018067089256089727 0.0 0.0 0.0 0.0 0.0 0.0
248 0.8990264298903061 0.6434203240931766 -0.04982770622784409 0.0 0.0 0.0 0.0 0.0 0.0
249 -0.9169311979501904 0.971792611967863 -0.036108455554900463 0.0 0.0 0.0 0.0 0.0 0.0
250 -0.660186643292912 -0.9011554020954624 0.013232884512268117 0.0 0.0 0.0 0.0 0.0 0.0
251 0.0502377963628049 0.28243593251711063 -0.01062903692301636 0.0 0.0 0.0 0.0 0.0 0.0
252 -0.5654219923370931 -0.6350738782709549 -0.016733212294878577 0.0 0.0 0.0 0.0 0.0 0.0
253 -0.6597743033859462 -0.019587627576044486 0.03767558720432955 0.0 0.0 0.0 0.0 0.0 0.0
254 0.1452053773280626 -0.7154060330521688 -0.036130317532967304 0.0 0.0 0.0 0.0 0.0 0.0
255 0.7511711912986065 -0.31967564276931326 -0.0034143240295272034 0.0 0.0 0.0 0.0 0.0 0.0
256 -0.6104166411658982 0.24644773309569135 0.02811564572926832 0.0 0.0 0.0 0.0 0.0 0.0
257 -0.11992152342552198 0.6036408994709392 0.0037409038848315035 0.0 0.0 0.0 0.0 0.0 0.0
258 0.36471223577312983 -0.06935579712325834 0.04235413021638944 0.0 0.0 0.0 0.0 0.0 0.0
259 0.34053580623713486 0.41009579052561773 0.035305836510705915 0.0 0.0 0.0 0.0 0.0 0.0
260 0.36568798909370637 -0.4120159836904944 -0.004662435928133972 0.0 0.0 0.0 0.0 0.0 0.0
261 -0.14283584321875797 0.6611484837291666 0.015729795163268792 0.0 0.0 0.0 0.0 0.0 0.0
262 0.2396336537862449 0.06263291638710733 -0.024015011700066945 0.0 0.0 0.0 0.0 0.0 0.0
263 -0.7748857874097779 -0.6159581627937021 -0.044393826477662934 0.0 0.0 0.0 0.0 0.0 0.0
264 -0.6591181309086871 -0.9776812655431375 -0.0347655661872218 0.0 0.0 0.0 0.0 0.0 0.0
265 -0.4999199599770998 -0.5571772803647361 0.03693979120967315 0.0 0.0 0.0 0.0 0.0 0.0
266 0.5115995082779714 0.669592438288025 0.04442038021586779 0.0 0.0 0.0 0.0 0.0 0.0
267 -0.8898046813759932 -0.5017820207497072 0.023718664694701283 0.0 0.0 0.0 0.0 0.0 0.0
268 0.1254425015569942 -0.3363622319121571 -0.007127393519369078 0.0 0.0 0.0 0.0 0.0 0.0
269 0.7223966500126584 -0.5331076999718045 -0.016986823578067585 0.0 0.0 0.0 0.0 0.0 0.0
270 0.6205470536911888 -0.8454794497941356 -0.0029380055128651814 0.0 0.0 0.0 0.0 0.0 0.0
271 0.6651251179286624 -0.1667766852026249 -0.00865271852742066 0.0 0.0 0.0 0.0 0.0 0.0
272 0.6750127684053044 -0.7546320945141867 0.03748033097253925 0.0 0.0 0.0 0.0 0.0 0.0
273 0.5633203646507121 -0.6655420391791178 -0.014629950721138402 0.0 0.0 0.0 0.0 0.0 0.0
274 -0.5492884461018592 -0.20941878035348527 -0.04150950663203014 0.0 0.0 0.0 0.0 0.0 0.0
275 -0.5449476405162887 0.731591139708027 0.007389962383484196 0.0 0.0 0.0 0.0 0.0 0.0
276 -0.33200124251059915 -0.268648376227518 0.0187914259006281 0.0 0.0 0.0 0.0 0.0 0.0
277 -0.32710724398600566 -0.5300390732832736 -0.012824726411288338 0.0 0.0 0.0 0.0 0.0 0.0
278 0.7314544475692069 -0.2509709516983305 0.0036220899863445566 0.0 0.0 0.0 0.0 0.0 0.0
279 -0.6749612975887844 -0.8629910905444118 -0.03490111356129485 0.0 0.0 0.0 0.0 0.0 0.0
280 0.8750949396495902 0.22260455810733837 0.007534685127905706 0.0 0.0 0.0 0.0 0.0 0.0
281 -0.11724025204064525 -0.9905010133463166 0.0398212133970038 0.0 0.0 0.0 0.0 0.0 0.0
282 -0.045751516395109215 -0.9644269512118311 -0.04912436409351169 0.0 0.0 0.0 0.0 0.0 0.0
283 -0.15842027505871448 -0.1051338414729488 0.020985576772744596 0.0 0.0 0.0 0.0 0.0 0.0
284 -0.6065052600201399 -0.8673092239364797 -0.010896526061160108 0.0 0.0 0.0 0.0 0.0 0.0
285 0.9648666162875055 0.8983940708892009 -0.02807524204626669 0.0 0.0 0.0 0.0 0.0 0.0
286 -0.05944127731173254 -0.4645136956920919 -0.045837424290214805 0.0 0.0 0.0 0.0 0.0 0.0
287 0.5260056230239569 -0.3708468215381884 -0.012083581079459609 0.0 0.0 0.0 0.0 0.0 0.0
288 -0.5912576352028758 0.3561132941427514 -0.0355816844992648 0.0 0.0 0.0 0.0 0.0 0.0
289 -0.3679121191675534 -0.8702637216649078 -0.005784563386793083 0.0 0.0 0.0 0.0 0.0 0.0
290 -0.27823260967202557 0.11150642676459199 0.03727645588897016 0.0 0.0 0.0 0.0 0.0 0.0
291 -0.26650018335254155 0.2836804089966116 0.004835828654469465 0.0 0.0 0.0 0.0 0.0 0.0
292 -0.5501071331310123 0.09128206552007923 0.018590382267575922 0.0 0.0 0.0 0.0 0.0 0.0
293 -0.7295914451283116 -0.749667305073116 -0.036759735399936856 0.0 0.0 0.0 0.0 0.0 0.0
294 0.9527017656437657 0.18347246895210234 0.017429942363091894 0.0 0.0 0.0 0.0 0.0 0.0
295 0.805322904634475 0.38144139329771987 -0.004896084947199474 0.0 0.0 0.0 0.0 0.0 0.0
296 -0.3029145967308635 -0.07093465424263035 -0.04238425657770937 0.0 0.0 0.0 0.0 0.0 0.0
297 0.4817520900374661 -0.7217221700745289 -0.03813027688631429 0.0 0.0 0.0 0.0 0.0 0.0
298 0.39918870202196177 0.6349440504806179 -0.010301434324432868 0.0 0.0 0.0 0.0 0.0 0.0
299 0.13523726006210968 0.02936858625777372 -0.0151852296306806 0.0 0.0 0.0 0.0 0.0 0.0
300 -0.5639981412243213 0.4358208800777945 0.0370387157237881 0.0 0.0 0.0 0.0 0.0 0.0
301 0.04332854457252111 0.5192546831070055 0.00609947120919823 0.0 0.0 0.0 0.0 0.0 0.0
302 -0.9524423769889794 0.2934438682540912 -0.033108940714621705 0.0 0.0 0.0 0.0 0.0 0.0
303 -0.11284733279715264 0.9815972940693143 0.049523737649693755 0.0 0.0 0.0 0.0 0.0 0.0
304 -0.5002316993282874 0.5068229163063538 -0.005159645083396107 0.0 0.0 0.0 0.0 0.0 0.0
305 -0.18552385579558361 0.09830047220746674 -0.003916715871005616 0.0 0.0 0.0 0.0 0.0 0.0
306 0.6786813695122855 0.542265218293059 -0.02206470621539765 0.0 0.0 0.0 0.0 0.0 0.0
307 0.7525794454831405 -0.8040942105697475 0.03443227921693756 0.0 0.0 0.0 0.0 0.0 0.0
308 -0.75085489684881 -0.5218160829813694 0.03801466721176211 0.0 0.0 0.0 0.0 0.0 0.0
309 0.46404871201514664 -0.8085050134593887 0.03885841644067632 0.0 0.0 0.0 0.0 0.0 0.0
310 -0.22307227215663228 0.9083147993948371 -0.04805700957164626 0.0 0.0 0.0 0.0 0.0 0.0
311 -0.4972094779108056 0.15132785539101445 -0.003823440724269135 0.0 0.0 0.0 0.0 0.0 0.0
312 0.8040145246072279 0.003514160515410092 0.022429161492219185 0.0 0.0 0.0 0.0 0.0 0.0
313 0.931671359592567 0.0908827977311144 0.04618104818934608 0.0 0.0 0.0 0.0 0.0 0.0
314 0.912391025295316 -0.787697901277038 0.0133550599116804 0.0 0.0 0.0 0.0 0.0 0.0
315 -0.3947173661137726 -0.04504103336865706 -0.005974043516552584 0.0 0.0 0.0 0.0 0.0 0.0
316 -0.04477554161164754 -0.7941826461213277 0.02792982653882821 0.0 0.0 0.0 0.0 0.0 0.0
317 0.5129589035104538 0.22780625773518604 -0.04780641316848076 0.0 0.0 0.0 0.0 0.0 0.0
318 -0.9644216038622644 -0.1878508237421721 0.004948142882953553 0.0 0.0 0.0 0.0 0.0 0.0
319 0.9348824548364303 0.899369380731672 -0.010378736978212393 0.0 0.0 0.0 0.0 0.0 0.0
320 -0.21681447156058042 0.9122178034427235 0.042804479787879116 0.0 0.0 0.0 0.0 0.0 0.0
321 -0.4695046064949948 0.9168568818851861 0.0066042882137520645 0.0 0.0 0.0 0.0 0.0 0.0
322 -0.8938066432775913 0.837188856013596 -0.0178475146557346 0.0 0.0 0.0 0.0 0.0 0.0
323 0.34358522573615713 0.5888853367687863 0.027221490002435553 0.0 0.0 0.0 0.0 0.0 0.0
324 0.17106797132395002 0.8003009195636561 -0.01880734733408917 0.0 0.0 0.0 0.0 0.0 0.0
325 0.5036751401053654 0.12501801570361382 0.025248006978685192 0.0 0.0 0.0 0.0 0.0 0.0
326 0.4897735041212603 -0.7034753352457781 -0.020807158898330253 0.0 0.0 0.0 0.0 0.0 0.0
327 -0.4836079242853695 -0.6701868097763701 -0.025071359002776992 0.0 0.0 0.0 0.0 0.0 0.0
328 -0.09410689655743032 -0.6384994097650831 -0.016380266869419832 0.0 0.0 0.0 0.0 0.0 0.0
329 0.18992978960695894 0.6614916732863634 0.012796778462821443 0.0 0.0 0.0 0.0 0.0 0.0
330 0.9058793876087652 0.4109012044529794 -0.049644754852584135 0.0 0.0 0.0 0.0 0.0 0.0
331 0.012630316253179341 -0.33434798019464185 0.026209538212336708 0.0 0.0 0.0 0.0 0.0 0.0
332 -0.7662915811086948 -0.3775941449668436 0.04638389809833687 0.0 0.0 0.0 0.0 0.0 0.0
333 0.4098760125144334 0.10100886283427002 -0.00876986044378169 0.0 0.0 0.0 0.0 0.0 0.0
334 -0.6315887473530581 -0.9963831917715589 -0.03523110962674207 0.0 0.0 0.0 0.0 0.0 0.0
335 0.5362177162912136 0.11739940283608474 -0.002185200191526661 0.0 0.0 0.0 0.0 0.0 0.0
336 0.4118191865526357 0.11518262575041027 -0.02154910351854445 0.0 0.0 0.0 0.0 0.0 0.0
337 -0.4886045386724396 0.1601501845930009 -0.04535483953818577 0.0 0.0 0.0 0.0 0.0 0.0
338 0.5778758579373213 -0.4752951748291907 -0.04833899371571138 0.0 0.0 0.0 0.0 0.0 0.0
339 -0.1965164166370088 -0.6075029361741495 0.02320926257147006 0.0 0.0 0.0 0.0 0.0 0.0
340 0.027506835503591454 -0.9449447932909583 0.01079771560245664 0.0 0.0 0.0 0.0 0.0 0.0
341 -0.6437478826707017 0.7569622699575789 0.01833906648987471 0.0 0.0 0.0 0.0 0.0 0.0
342 -0.9653366779709391 -0.9761002499080567 0.03962710205348029 0.0 0.0 0.0 0.0 0.0 0.0
343 -0.10780284397998652 -0.8411040438210449 -0.013930291722325044 0.0 0.0 0.0 0.0 0.0 0.0
344 0.22532906647713968 -0.6071020158404301 0.03965014357379591 0.0 0.0 0.0 0.0 0.0 0.0
345 -0.6548753421644955 -0.06939202697981606 -0.010060120322615121 0.0 0.0 0.0 0.0 0.0 0.0
346 -0.7059847894889182 0.13787223948003513 0.003789427140176181 0.0 0.0 0.0 0.0 0.0 0.0
347 -0.8101883783583641 0.6282797588615083 0.0372401476970224 0.0 0.0 0.0 0.0 0.0 0.0
348 -0.8089091884771755 -0.6321178634230773 -0.047383800226489574 0.0 0.0 0.0 0.0 0.0 0.0
349 -0.6466162310023311 0.7309856827244074 -0.04396714243291099 0.0 0.0 0.0 0.0 0.0 0.0
350 -0.7182415582336468 -0.42092207615993393 -0.027391276488348378 0.0 0.0 0.0 0.0 0.0 0.0
351 0.7269010253459613 0.8165333790422518 -0.01226668169264692 0.0 0.0 0.0 0.0 0.0 0.0
352 -0.5819752902792994 0.6565687407114418 0.006100813342500011 0.0 0.0 0.0 0.0 0.0 0.0
353 -0.810367955307848 -0.27862817143860696 -0.016001537609961328 0.0 0.0 0.0 0.0 0.0 0.0
354 0.27863162098716443 -0.6172203180249782 0.04562717023045802 0.0 0.0 0.0 0.0 0.0 0.0
355 0.0609237696507865 0.43762141131930266 0.03183938480240951 0.0 0.0 0.0 0.0 0.0 0.0
356 0.8754558914734185 -0.27118415972466225 -0.03452830538887767 0.0 0.0 0.0 0.0 0.0 0.0
357 -0.5373596087366086 0.33945232446136986 0.01941488875731548 0.0 0.0 0.0 0.0 0.0 0.0
358 -0.2043106524009799 -0.030603725294597428 0.03424458116010756 0.0 0.0 0.0 0.0 0.0 0.0
359 0.6085230932986805 -0.5179654368553153 0.04639714148319837 0.0 0.0 0.0 0.0 0.0 0.0
360 -0.1970966275987871 0.3856349898146165 0.0033140911508675805 0.0 0.0 0.0 0.0 0.0 0.0
361 0.4088005829340031 -0.2511931699310972 -0.005665710083597619 0.0 0.0 0.0 0.0 0.0 0.0
362 0.8923281265015497 -0.8623978787199862 0.017853474714449202 0.0 0.0 0.0 0.0 0.0 0.0
363 -0.2984492605560283 -0.18048730744465447 0.04255593193032228 0.0 0.0 0.0 0.0 0.0 0.0
364 0.397463002850053 -0.5454386036784005 -0.047396892010461884 0.0 0.0 0.0 0.0 0.0 0.0
365 0.07382394402568049 0.9405860597139142 -0.0012372451151131184 0.0 0.0 0.0 0.0 0.0 0.0
366 0.21105521275114159 0.2752598835058011 0.03605382854491945 0.0 0.0 0.0 0.0 0.0 0.0
367 0.4778516128381134 0.8213202510896067 0.0018281446357010095 0.0 0.0 0.0 0.0 0.0 0.0
368 -0.08653020871445216 -0.9414970900886848 -0.03503035098793873 0.0 0.0 0.0 0.0 0.0 0.0
369 0.5681095708562196 0.8104429793305292 0.00728375344374016 0.0 0.0 0.0 0.0 0.0 0.0
370 0.8986290546154492 0.008315142225669758 -0.047684248206104465 0.0 0.0 0.0 0.0 0.0 0.0
371 -0.9634416226988651 0.6107277535748687 0.028657138507818994 0.0 0.0 0.0 0.0 0.0 0.0
372 -0.5493532497442388 0.9432380230094553 0.006113828346294196 0.0 0.0 0.0 0.0 0.0 0.0
373 0.40079793919259354 0.1598861655897721 0.030774047824119938 0.0 0.0 0.0 0.0 0.0 0.0
374 -0.10101237415960962 0.7080657546944005 0.041191368093679084 0.0 0.0 0.0 0.0 0.0 0.0
375 -0.5739908880975471 -0.21724466811380205 0.034959323959427885 0.0 0.0 0.0 0.0 0.0 0.0
376 0.44498689179670303 0.5991622181078256 -0.03136522888961898 0.0 0.0 0.0 0.0 0.0 0.0
377 0.38107076577980936 0.9802995356272131 -0.04178714743669522 0.0 0.0 0.0 0.0 0.0 0.0
378 -0.3297479370318972 -0.619484634943072 0.012851092730484404 0.0 0.0 0.0 0.0 0.0 0.0
379 -0.06287697567170047 -0.654012362102002 0.0343653193927097 0.0 0.0 0.0 0.0 0.0 0.0
380 -0.9731678269943189 -0.3113883882805 0.008160358520128419 0.0 0.0 0.0 0.0 0.0 0.0
381 -0.3034342137513373 -0.9025632437060391 0.0450199605371156 0.0 0.0 0.0 0.0 0.0 0.0
382 0.12609257364865734 -0.15170068476405474 0.03521666775807862 0.0 0.0 0.0 0.0 0.0 0.0
383 -0.1273073174997441 0.6984496092616594 -0.004864372407928551 0.0 0.0 0.0 0.0 0.0 0.0
384 -0.9599954971177642 0.34571720157837116 0.016735575680390566 0.0 0.0 0.0 0.0 0.0 0.0
385 -0.9736091590061025 0.9576300747782043 0.010900390200311035 0.0 0.0 0.0 0.0 0.0 0.0
386 -0.6014591152101272 -0.7446386355773276 0.04983903573122557 0.0 0.0 0.0 0.0 0.0 0.0
387 -0.5333996716185165 0.6290206353024008 0.016245196492685895 0.0 0.0 0.0 0.0 0.0 0.0
388 0.364788691794222 -0.9735998763439939 0.0057934645699566426 0.0 0.0 0.0 0.0 0.0 0.0
389 -0.5228849900377315 0.8315108156564508 -0.04690719126392859 0.0 0.0 0.0 0.0 0.0 0.0
390 0.8614602374783926 -0.4735919876529746 -0.033678836499299904 0.0 0.0 0.0 0.0 0.0 0.0
391 -0.017864605871056982 -0.7785146567295942 0.034357378212677314 0.0 0.0 0.0 0.0 0.0 0.0
392 -0.8294823935539157 -0.12903446495703386 0.02508154584279426 0.0 0.0 0.0 0.0 0.0 0.0
393 0.4935731649546391 0.9452304845930473 0.0009555689675655871 0.0 0.0 0.0 0.0 0.0 0.0
394 -0.8480089729551024 0.19682868558284428 -0.036632704896263 0.0 0.0 0.0 0.0 0.0 0.0
395 0.102849263876166 -0.7104759836763834 0.04112394613299686 0.0 0.0 0.0 0.0 0.0 0.0
396 0.16069818955503368 -0.6305127964070725 -0.03364131196386523 0.0 0.0 0.0 0.0 0.0 0.0
397 0.12497077372635457 -0.8154833620726609 -0.04868541939773908 0.0 0.0 0.0 0.0 0.0 0.0
398 -0.08299381354462132 0.19225003857567513 0.003953248891326158 0.0 0.0 0.0 0.0 0.0 0.0
399 0.02962776521978361 0.8907038758997838 0.0010929546012106023 0.0 0.0 0.0 0.0 0.0 0.0
400 0.8815180594739074 -0.8202916734118462 0.03751624603415189 0.0 0.0 0.0 0.0 0.0 0.0
401 -0.1671881536428763 0.064956448508392 0.0133929525983595 0.0 0.0 0.0 0.0 0.0 0.0
402 -0.18116920823557714 -0.6244536421865681 -0.0025746185374110123 0.0 0.0 0.0 0.0 0.0 0.0
403 -0.2711986430900333 0.7406718013956972 -0.037264011889672516 0.0 0.0 0.0 0.0 0.0 0.0
404 -0.2180633557442715 0.5246292018396592 0.024408632176444914 0.0 0.0 0.0 0.0 0.0 0.0
405 -0.09083573666130085 -0.7020647148420838 0.01283895605884966 0.0 0.0 0.0 0.0 0.0 0.0
406 -0.17121095252899887 -0.6248026851162307 0.012775532745713955 0.0 0.0 0.0 0.0 0.0 0.0
407 0.5240081470252826 0.6025890768837727 0.0016962530786166913 0.0 0.0 0.0 0.0 0.0 0.0
408 0.9018040129695841 0.3768778798287946 -0.009100692397655485 0.0 0.0 0.0 0.0 0.0 0.0
409 -0.4188777001553423 -0.1550014088901599 -0.013668351238899291 0.0 0.0 0.0 0.0 0.0 0.0
410 0.48220372973694503 -0.23324902820818272 0.025099700037111705 0.0 0.0 0.0 0.0 0.0 0.0
411 0.6433300365762193 0.1486411814570907 0.02783387459378131 0.0 0.0 0.0 0.0 0.0 0.0
412 0.39002077566319504 -0.22046102628581354 -0.04132957171018127 0.0 0.0 0.0 0.0 0.0 0.0
413 0.875896178541973 0.7113597946867845 0.015320456160073034 0.0 0.0 0.0 0.0 0.0 0.0
414 -0.45674126059727804 -0.4171517154181348 -0.027730072689135618 0.0 0.0 0.0 0.0 0.0 0.0
415 0.19263571521214096 0.43592405201032736 -0.013774576769931414 0.0 0.0 0.0 0.0 0.0 0.0
416 -0.022955916721265623 -0.41155405322901295 0.0309867257902761 0.0 0.0 0.0 0.0 0.0 0.0
417 -0.054646771448584985 -0.37030546561566013 0.013471081209538063 0.0 0.0 0.0 0.0 0.0 0.0
418 0.006538821600385436 -0.6320194926635321 0.033579721518896946 0.0 0.0 0.0 0.0 0.0 0.0
419 -0.49697775904158736 0.25312299508718406 0.0038384069197689996 0.0 0.0 0.0 0.0 0.0 0.0
420 0.8858941598647432 0.265607418536711 0.04586900182405956 0.0 0.0 0.0 0.0 0.0 0.0
421 0.9789358371802539 0.6994595790762894 -0.03853507251510781 0.0 0.0 0.0 0.0 0.0 0.0
422 -0.28393889326277955 -0.7514206693394607 -0.04496503252927025 0.0 0.0 0.0 0.0 0.0 0.0
423 -0.12757045356025265 -0.6411831269249342 0.027979643240548538 0.0 0.0 0.0 0.0 0.0 0.0
424 -0.09266042974959765 0.7643305400140907 -0.029766091711616635 0.0 0.0 0.0 0.0 0.0 0.0
425 0.6331726233556747 0.2706868980485273 0.01277950386363691 0.0 0.0 0.0 0.0 0.0 0.0
426 0.6650726645623823 0.10368151604645681 -0.020178451152296446 0.0 0.0 0.0 0.0 0.0 0.0
427 -0.02853473356789693 0.5763734371579372 -0.0016963240934958351 0.0 0.0 0.0 0.0 0.0 0.0
428 0.5162714480995547 -0.26089956144446536 0.0225870145152932 0.0 0.0 0.0 0.0 0.0 0.0
429 -0.8199081416261695 0.005101961545955769 -0.03341024655048656 0.0 0.0 0.0 0.0 0.0 0.0
430 -0.6821966267079038 -0.17167252082762574 0.023531778216077576 0.0 0.0 0.0 0.0 0.0 0.0
431 -0.9090386497768046 0.6018695566029604 0.04007926418672318 0.0 0.0 0.0 0.0 0.0 0.0
432 0.2168413842130541 -0.9621068669907975 -0.014156555057556655 0.0 0.0 0.0 0.0 0.0 0.0
433 -0.7414565200063574 -0.2624889147749503 0.02151821600327472 0.0 0.0 0.0 0.0 0.0 0.0
434 0.706836035553905 0.05764649553550982 -0.02498712129751228 0.0 0.0 0.0 0.0 0.0 0.0
435 -0.7273693072677812 0.6038462391988766 -0.010858311125524718 0.0 0.0 0.0 0.0 0.0 0.0
436 -0.36008656702105535 -0.2323873174849278 0.016054947978505166 0.0 0.0 0.0 0.0 0.0 0.0
437 -0.059875184602034226 0.9330581955776991 0.00591717412831505 0.0 0.0 0.0 0.0 0.0 0.0
438 0.3794715185316091 0.3701341821545958 0.029129268825321714 0.0 0.0 0.0 0.0 0.0 0.0
439 -0.3712481905881799 -0.30137243845392536 0.024477198860100816 0.0 0.0 0.0 0.0 0.0 0.0
440 0.4531111695110168 0.8134536667325258 -0.03935612479210718 0.0 0.0 0.0 0.0 0.0 0.0
441 -0.19831866247053953 0.8737157967949332 -0.025806315072903527 0.0 0.0 0.0 0.0 0.0 0.0
442 0.3008451703925634 0.47169007130092644 0.031837564912049254 0.0 0.0 0.0 0.0 0.0 0.0
443 0.6577069650236289 -0.7228234312617128 -0.049150765997324555 0.0 0.0 0.0 0.0 0.0 0.0
444 0.05547152988358994 0.38232051063790595 0.027309156692905706 0.0 0.0 0.0 0.0 0.0 0.0
445 0.8996933462172323 0.14034333203796945 0.035780602294557845 0.0 0.0 0.0 0.0 0.0 0.0
446 0.6655091022965667 -0.20500568670594443 -0.02423798132611201 0.0 0.0 0.0 0.0 0.0 0.0
447 0.4791677649540047 -0.1273783358061953 0.019568580999848414 0.0 0.0 0.0 0.0 0.0 0.0
448 0.9633234585733987 -0.6725423546448595 0.018245084429625247 0.0 0.0 0.0 0.0 0.0 0.0
449 -0.7055277161904254 -0.6183376703773893 0.003221555747253649 0.0 0.0 0.0 0.0 0.0 0.0
450 0.10352452816713908 -0.6380608007902937 -0.025518108013556192 0.0 0.0 0.0 0.0 0.0 0.0
451 -0.354616297319055 -0.5503650322908034 0.024335390004851076 0.0 0.0 0.0 0.0 0.0 0.0
452 0.3269530585293001 0.1612753702523988 -0.03550942925797357 0.0 0.0 0.0 0.0 0.0 0.0
453 -0.4476485485674233 -0.16495975543518848 0.04541684214326129 0.0 0.0 0.0 0.0 0.0 0.0
454 0.15421839098050039 0.4616912778151272 -0.046388287073502336 0.0 0.0 0.0 0.0 0.0 0.0
455 0.2065073857295734 0.3303386716731742 -0.02060217934210414 0.0 0.0 0.0 0.0 0.0 0.0
456 -0.17536569707571625 0.16042518597708644 -0.00677762000162814 0.0 0.0 0.0 0.0 0.0 0.0
457 0.6336611291307557 0.8146102687554153 0.020290096236571076 0.0 0.0 0.0 0.0 0.0 0.0
458 -0.14867005702058922 0.3559821226074793 -0.032982759354512135 0.0 0.0 0.0 0.0 0.0 0.0
459 0.11385227186769309 -0.2064342226068805 -0.02164746502380381 0.0 0.0 0.0 0.0 0.0 0.0
460 0.022607865619426404 -0.9369727174159019 -0.01088905884153181 0.0 0.0 0.0 0.0 0.0 0.0
461 -0.6166697856585608 0.25120362006119823 0.04924594234186469 0.0 0.0 0.0 0.0 0.0 0.0
462 0.1630678081760828 0.6066560890373938 0.008526223922026233 0.0 0.0 0.0 0.0 0.0 0.0
463 -0.6282221693509487 -0.864707936333136 0.0034210302393739914 0.0 0.0 0.0 0.0 0.0 0.0
464 -0.10597384375850694 0.5439727446855407 0.049376254455251956 0.0 0.0 0.0 0.0 0.0 0.0
465 0.5989889361241505 -0.764655820424073 0.014083375170593979 0.0 0.0 0.0 0.0 0.0 0.0
466 -0.9091536022523168 -0.1420631087084634 0.009072231873784142 0.0 0.0 0.0 0.0 0.0 0.0
467 0.9779596277416969 0.4632542904290997 0.04999009029472058 0.0 0.0 0.0 0.0 0.0 0.0
468 -0.1810206095289273 0.9880867644491966 0.019993366595768003 0.0 0.0 0.0 0.0 0.0 0.0
469 0.14487282022382164 -0.922297953857554 -0.02965279818590718 0.0 0.0 0.0 0.0 0.0 0.0
470 -0.6070860011318557 -0.03079933558111625 -0.047513733867768 0.0 0.0 0.0 0.0 0.0 0.0
471 0.9041890224916211 -0.7878174423458164 0.022158622500874484 0.0 0.0 0.0 0.0 0.0 0.0
472 0.4283951828582493 -0.5410454420976927 0.03715512820491221 0.0 0.0 0.0 0.0 0.0 0.0
473 -0.6517579855228128 0.775188236586692 -0.04261055194907272 0.0 0.0 0.0 0.0 0.0 0.0
474 0.16351928116709868 -0.3876816363939506 -0.024684079530265045 0.0 0.0 0.0 0.0 0.0 0.0
475 0.700664955403808 0.8457271201412961 -0.007322703813199875 0.0 0.0 0.0 0.0 0.0 0.0
476 0.7243611120160285 -0.9564311588992174 0.0359748641103626 0.0 0.0 0.0 0.0 0.0 0.0
477 -0.6454979828260063 -0.9618236761486916 -0.007796213951533897 0.0 0.0 0.0 0.0 0.0 0.0
478 0.24829276620972895 -0.5468893956005956 -0.018216103868484684 0.0 0.0 0.0 0.0 0.0 0.0
479 0.25715049921599675 -0.32472500499185486 0.041166289807173614 0.0 0.0 0.0 0.0 0.0 0.0
480 -0.9579408133213936 0.41064248442326035 -0.00705824356951637 0.0 0.0 0.0 0.0 0.0 0.0
481 0.23569185514993896 -0.18528652517484945 0.018127122346619715 0.0 0.0 0.0 0.0 0.0 0.0
482 0.09421170307165094 0.05455176949722862 0.04832906379289453 0.0 0.0 0.0 0.0 0.0 0.0
483 0.9867118961931534 -0.4344913490745146 -0.018353526651253685 0.0 0.0 0.0 0.0 0.0 0.0
484 -0.366360754285431 -0.20246825797295043 0.0021747812178153497 0.0 0.0 0.0 0.0 0.0 0.0
485 -0.7046959092492127 -0.36251668431949047 0.03617220617877166 0.0 0.0 0.0 0.0 0.0 0.0
486 0.7480327702930396 0.27078812823924814 0.0002953426334566314 0.0 0.0 0.0 0.0 0.0 0.0
487 -0.34424139400709275 0.38822005172023366 -0.044722244172074946 0.0 0.0 0.0 0.0 0.0 0.0
488 -0.7116259242228018 -0.057338144761332366 0.013937793855135272 0.0 0.0 0.0 0.0 0.0 0.0
489 0.84909267281206 0.9821747015495503 0.03855056901515268 0.0 0.0 0.0 0.0 0.0 0.0
490 -0.7836079710639945 -0.09767371742432118 -0.029833865240245713 0.0 0.0 0.0 0.0 0.0 0.0
491 -0.6453693466785806 -0.8380517595424166 -0.04030637578098112 0.0 0.0 0.0 0.0 0.0 0.0
492 -0.8020860477065783 0.3857118420303518 0.04474728707219028 0.0 0.0 0.0 0.0 0.0 0.0
493 0.6089657061906799 -0.20593570367981218 -0.04245845462907904 0.0 0.0 0.0 0.0 0.0 0.0
494 -0.4755310139983857 0.28805960061180924 -0.049888507389530726 0.0 0.0 0.0 0.0 0.0 0.0
495 -0.8658758266708795 0.4854727786018256 0.03840765789545157 0.0 0.0 0.0 0.0 0.0 0.0
496 0.9656640427929852 -0.9246444592800618 0.01297206467294243 0.0 0.0 0.0 0.0 0.0 0.0
497 -0.6906254078365135 0.43256518933942667 0.04845257308825765 0.0 0.0 0.0 0.0 0.0 0.0
498 -0.2552318550094128 0.6443873908296769 0.044121801963234245 0.0 0.0 0.0 0.0 0.0 0.0
499 -0.9082772017631862 0.6439191652086196 0.035852106756464594 0.0 0.0 0.0 0.0 0.0 0.0
500 -0.15979960497445234 -0.7111438365195122 0.0026832035332805884 0.0 0.0 0.0 0.0 0.0 0.0
501 0.5713854189408492 -0.10612129412926308 0.04638520312947095 0.0 0.0 0.0 0.0 0.0 0.0
502 0.3438000301575759 -0.21624823520342296 0.031155721030332387 0.0 0.0 0.0 0.0 0.0 0.0
503 -0.035442217666745046 0.41030710096041134 0.021525491409209854 0.0 0.0 0.0 0.0 0.0 0.0
504 -0.9592832287080963 -0.8086312311115056 0.017920524706256408 0.0 0.0 0.0 0.0 0.0 0.0
505 0.7956425290874483 0.22850270917621107 -0.04721148295573094 0.0 0.0 0.0 0.0 0.0 0.0
506 -0.08530977191776379 0.4167444811372156 0.009622004033940403 0.0 0.0 0.0 0.0 0.0 0.0
507 -0.9573293546129766 -0.2034241396940879 -0.01909754855374964 0.0 0.0 0.0 0.0 0.0 0.0
508 -0.6625560283847884 -0.33987570977817216 -0.04398142785157292 0.0 0.0 0.0 0.0 0.0 0.0
509 0.5458012034473396 -0.6323902444354119 0.011856530752625473 0.0 0.0 0.0 0.0 0.0 0.0
510 -0.44443700285262944 -0.15428657705417703 0.029743123206532593 0.0 0.0 0.0 0.0 0.0 0.0
511 0.40640809243685405 -0.8716809840902588 0.013862407163629742 0.0 0.0 0.0 0.0 0.0 0.0
512 0.8632478529022114 0.0330113285739666 0.04151158972871426 0.0 0.0 0.0 0.0 0.0 0.0
513 0.6468950455769826 0.5258305203618052 -0.04937104885435751 0.0 0.0 0.0 0.0 0.0 0.0
514 0.5638554370258524 -0.6611511049521022 -0.01914748946054184 0.0 0.0 0.0 0.0 0.0 0.0
515 0.3388839101738732 0.7886841154290987 -0.038939237252719805 0.0 0.0 0.0 0.0 0.0 0.0
516 -0.2946291824497822 -0.7586666749295028 -0.004479091392301092 0.0 0.0 0.0 0.0 0.0 0.0
517 -0.6072567655804959 0.05786543808420941 0.03659599747523669 0.0 0.0 0.0 0.0 0.0 0.0
518 0.2903657207061481 -0.9402339707082112 -0.013873610647483763 0.0 0.0 0.0 0.0 0.0 0.0
519 0.36337444515869466 0.36456757936633033 -0.036554846695069365 0.0 0.0 0.0 0.0 0.0 0.0
520 -0.5944869156856938 0.6676135230576081 0.03466906179798476 0.0 0.0 0.0 0.0 0.0 0.0
521 0.40683194806881184 -0.6926260645925582 0.003286609178227498 0.0 0.0 0.0 0.0 0.0 0.0
522 -0.6664920869343938 -0.3249084498046724 0.021605248114757253 0.0 0.0 0.0 0.0 0.0 0.0
523 -0.2368003987302454 0.6200961214773577 -0.03380709789413341 0.0 0.0 0.0 0.0 0.0 0.0
524 -0.3032250414865676 -0.480448637888498 -0.035215034948240256 0.0 0.0 0.0 0.0 0.0 0.0
525 0.780841246568998 0.6003919838535596 -0.016122020756879393 0.0 0.0 0.0 0.0 0.0 0.0
526 -0.1677018802133916 -0.7519518257962521 -0.024146361189312092 0.0 0.0 0.0 0.0 0.0 0.0
527 0.09264307256110049 -0.14381374961611226 0.0012165898151278859 0.0 0.0 0.0 0.0 0.0 0.0
528 0.6835787665165614 -0.05669055041361526 -0.02576183916190331 0.0 0.0 0.0 0.0 0.0 0.0
529 -0.6400702369297748 -0.9202478589053515 0.027827150686045826 0.0 0.0 0.0 0.0 0.0 0.0
530 -0.4768356989637488 0.7941773125904386 0.03104123551875168 0.0 0.0 0.0 0.0 0.0 0.0
531 -0.5645966613052926 -0.6136747244356102 0.019217312831418656 0.0 0.0 0.0 0.0 0.0 0.0
532 0.1862803871412182 0.4247145350531214 0.048106116384179484 0.0 0.0 0.0 0.0 0.0 0.0
533 0.10397439510705775 -0.8835358730870597 -0.010652855965514942 0.0 0.0 0.0 0.0 0.0 0.0
534 0.3874733327139013 0.6063146564157063 0.027599321971028948 0.0 0.0 0.0 0.0 0.0 0.0
535 0.6950210775047632 -0.5613454873456794 0.005148101295555742 0.0 0.0 0.0 0.0 0.0 0.0
536 -0.8429264840611097 -0.5356925350569077 -0.025867323166462227 0.0 0.0 0.0 0.0 0.0 0.0
537 0.4950903556497095 -0.7886356457015731 0.014661579574734643 0.0 0.0 0.0 0.0 0.0 0.0
538 0.1544852947782429 -0.19467221815267988 0.014467945425940487 0.0 0.0 0.0 0.0 0.0 0.0
539 -0.12308242312401418 -0.6601469695367888 -0.03451275188490445 0.0 0.0 0.0 0.0 0.0 0.0
540 0.23044933192383965 0.706569718379028 0.037340601722731126 0.0 0.0 0.0 0.0 0.0 0.0
541 -0.5244608316390613 -0.27337960191103106 -0.01417600507799182 0.0 0.0 0.0 0.0 0.0 0.0
542 -0.8859477452954407 0.1179028067746386 0.048938193029776464 0.0 0.0 0.0 0.0 0.0 0.0
543 0.10459250180177904 -0.6323589411935155 -0.0002288706587111472 0.0 0.0 0.0 0.0 0.0 0.0
544 0.657440088674107 -0.36912375641606965 0.028905460933482258 0.0 0.0 0.0 0.0 0.0 0.0
545 -0.9349428231437102 -0.11042931973351933 -0.019353112583897266 0.0 0.0 0.0 0.0 0.0 0.0
546 -0.7908882688000165 0.7277268732815796 -0.020477374058568195 0.0 0.0 0.0 0.0 0.0 0.0
547 -0.0607038330890457 -0.857569939865122 0.03111990681195627 0.0 0.0 0.0 0.0 0.0 0.0
548 -0.38409130754721854 0.718520398433466 0.00037408717552948195 0.0 0.0 0.0 0.0 0.0 0.0
549 0.46730304872924755 0.2977656866081766 0.04631049605409389 0.0 0.0 0.0 0.0 0.0 0.0
550 0.2474152545002395 -0.8769283366359233 -0.04773955473865017 0.0 0.0 0.0 0.0 0.0 0.0
551 0.29088534689354373 0.04864457959488 0.03090702116489466 0.0 0.0 0.0 0.0 0.0 0.0
552 0.4480289210057422 -0.20945416035489428 -0.011219763807984034 0.0 0.0 0.0 0.0 0.0 0.0
553 -0.5939798473300253 0.5501753823378004 0.04517878697829435 0.0 0.0 0.0 0.0 0.0 0.0
554 -0.4442071979193345 0.7045627982066542 -0.02928154993163191 0.0 0.0 0.0 0.0 0.0 0.0
555 -0.9468556611180428 0.22568521009003173 -0.04831808583552465 0.0 0.0 0.0 0.0 0.0 0.0
556 0.7346058015632824 0.047480459242012385 -0.020666919558294302 0.0 0.0 0.0 0.0 0.0 0.0
557 0.6842361101163894 -0.6451861193816839 0.017907834985749993 0.0 0.0 0.0 0.0 0.0 0.0
558 -0.9515638766508063 -0.7975240824414649 -0.036829103661056226 0.0 0.0 0.0 0.0 0.0 0.0
559 0.7030096790292533 -0.33110372960401957 0.04921122130908635 0.0 0.0 0.0 0.0 0.0 0.0
560 -0.7470755672468052 0.5396680793311148 -0.007676433568140899 0.0 0.0 0.0 0.0 0.0 0.0
561 0.7297003368855302 -0.7469816534458247 -0.026635846223426404 0.0 0.0 0.0 0.0 0.0 0.0
562 0.4371983457604647 -0.19730458644971804 0.041972816614617936 0.0 0.0 0.0 0.0 0.0 0.0
563 0.6245578018658795 -0.17350660217174374 0.032456119443270676 0.0 0.0 0.0 0.0 0.0 0.0
564 0.20165651562928888 -0.06641327548745979 0.041987510849330556 0.0 0.0 0.0 0.0 0.0 0.0
565 -0.09095676630790983 -0.6218938803149285 0.008731473074125098 0.0 0.0 0.0 0.0 0.0 0.0
566 0.3289975732046262 0.921371505642262 0.043607582406335485 0.0 0.0 0.0 0.0 0.0 0.0
567 -0.33252326491807294 -0.7730584825672915 -0.007261482270181752 0.0 0.0 0.0 0.0 0.0 0.0
568 -0.5139029886323396 -0.171215959745038 -0.04243956978941238 0.0 0.0 0.0 0.0 0.0 0.0
569 -0.9220959675199731 -0.675719407105589 0.0410394415219531 0.0 0.0 0.0 0.0 0.0 0.0
570 0.30262351154053757 0.6772763206870713 0.01213688590311416 0.0 0.0 0.0 0.0 0.0 0.0
571 0.2824872003785832 -0.5410707840918929 0.008681767522319396 0.0 0.0 0.0 0.0 0.0 0.0
572 -0.7894668395013142 -0.1005979278761211 0.004014082011675836 0.0 0.0 0.0 0.0 0.0 0.0
573 0.7281953009671545 0.7389959211512964 0.00626621042959935 0.0 0.0 0.0 0.0 0.0 0.0
574 0.6289815457422554 0.6454203572963135 0.01981151171396807 0.0 0.0 0.0 0.0 0.0 0.0
575 -0.876601283898391 0.26947350576214624 -0.04085988755424785 0.0 0.0 0.0 0.0 0.0 0.0
576 0.09208952905437107 0.6064107552393156 0.01124553364365613 0.0 0.0 0.0 0.0 0.0 0.0
577 0.37340696382627403 0.46016282328917546 -0.01694167313658361 0.0 0.0 0.0 0.0 0.0 0.0
578 0.9729956412062255 -0.9925774374807819 -0.0037910003426803868 0.0 0.0 0.0 0.0 0.0 0.0
579 0.9705034333893545 -0.2821747292768062 -0.04904919802595194 0.0 0.0 0.0 0.0 0.0 0.0
580 0.1689200227423444 -0.14328071922171004 -0.010887324801262838 0.0 0.0 0.0 0.0 0.0 0.0
581 0.5263679959234295 0.0876701127131645 0.043596564667079216 0.0 0.0 0.0 0.0 0.0 0.0
582 0.3353817617969508 -0.21265854691761654 0.0045227633900002395 0.0 0.0 0.0 0.0 0.0 0.0
583 0.3241154777535875 -0.10738009509970614 -0.0036341204019629744 0.0 0.0 0.0 0.0 0.0 0.0
584 0.06253385674503065 0.17507818412151144 -0.02091972013257882 0.0 0.0 0.0 0.0 0.0 0.0
585 0.5206068277086653 0.4063596251562043 0.0035167515717208983 0.0 0.0 0.0 0.0 0.0 0.0
586 -0.7323167674748372 -0.5070561676720875 -0.026016718721814356 0.0 0.0 0.0 0.0 0.0 0.0
587 0.88057622834945 0.06036831653717134 0.014862035695494297 0.0 0.0 0.0 0.0 0.0 0.0
588 0.25249257554811866 -0.7131621056489086 0.04425772894025368 0.0 0.0 0.0 0.0 0.0 0.0
589 -0.017932685570694717 -0.4793869215843427 -0.04671687868983612 0.0 0.0 0.0 0.0 0.0 0.0
590 -0.15301878690381154 0.5459771039479302 -0.03234688345502414 0.0 0.0 0.0 0.0 0.0 0.0
591 0.5735668292191105 0.7535225976374498 -0.0361516316288942 0.0 0.0 0.0 0.0 0.0 0.0
592 -0.5708140872997154 -0.2632774873742203 -0.04015714557342536 0.0 0.0 0.0 0.0 0.0 0.0
593 -0.6965293483524042 0.29258416855218283 0.018709141969548967 0.0 0.0 0.0 0.0 0.0 0.0
594 -0.08906327932981428 0.41293392240683224 0.04997936992794483 0.0 0.0 0.0 0.0 0.0 0.0
595 -0.19759562950535092 -0.22376352299116142 -0.03473764021193175 0.0 0.0 0.0 0.0 0.0 0.0
596 0.6579975488142671 0.8256560139666553 0.04934965323732517 0.0 0.0 0.0 0.0 0.0 0.0
597 -0.39383890720321535 0.32651046612175283 -0.03711299456946596 0.0 0.0 0.0 0.0 0.0 0.0
598 0.5518505758065124 0.1451718160929154 0.010542750803452197 0.0 0.0 0.0 0.0 0.0 0.0
599 -0.7560557200014415 0.05984687232331254 -0.03241943560574536 0.0 0.0 0.0 0.0 0.0 0.0
600 -0.04453069016991584 -0.9756506155834652 0.04634285448083718 0.0 0.0 0.0 0.0 0.0 0.0
601 -0.4244682898637626 -0.3232774923183106 -0.010998254342857297 0.0 0.0 0.0 0.0 0.0 0.0
602 0.9808919228935371 0.024041797643783225 -0.0009328944822271437 0.0 0.0 0.0 0.0 0.0 0.0
603 0.762527412259546 -0.36595051093378306 0.01262458764676938 0.0 0.0 0.0 0.0 0.0 0.0
604 0.9013190122218435 -0.7225791251373836 -0.03986054457090582 0.0 0.0 0.0 0.0 0.0 0.0
605 0.9458277876483214 0.6154547611751111 -0.019934058920938677 0.0 0.0 0.0 0.0 0.0 0.0
606 -0.25122532642213224 -0.3096649244613592 0.017154407806835636 0.0 0.0 0.0 0.0 0.0 0.0
607 -0.8200857774705508 -0.8683576151635228 -0.045412730340097386 0.0 0.0 0.0 0.0 0.0 0.0
608 -0.5980375994256006 0.6632367448003635 -0.04919567496327281 0.0 0.0 0.0 0.0 0.0 0.0
609 -0.7751514926847554 0.7097461853777474 0.048129138490681705 0.0 0.0 0.0 0.0 0.0 0.0
610 0.7681662925329256 0.824364519090657 0.011848324158362074 0.0 0.0 0.0 0.0 0.0 0.0
611 -0.006484332681982785 0.2006909460602646 -0.038289383868203256 0.0 0.0 0.0 0.0 0.0 0.0
612 -0.6147015531365339 0.5973507104372209 -0.006078838756340257 0.0 0.0 0.0 0.0 0.0 0.0
613 0.4568548443472822 -0.4425230454889493 -0.01587189279880786 0.0 0.0 0.0 0.0 0.0 0.0
614 0.24573087069023036 0.0584431038886426 0.007663479377605156 0.0 0.0 0.0 0.0 0.0 0.0
615 -0.5114630381218477 0.35311067006799823 -0.048354892060121085 0.0 0.0 0.0 0.0 0.0 0.0
616 0.9009806510887848 0.681579316797361 -0.00040102422407001237 0.0 0.0 0.0 0.0 0.0 0.0
617 -0.24099425818748532 0.9024866513434051 0.003522171751083082 0.0 0.0 0.0 0.0 0.0 0.0
618 -0.23857476934366928 0.437438490365196 -0.03571614839086951 0.0 0.0 0.0 0.0 0.0 0.0
619 0.5133295919728766 -0.390157982807374 -0.041619046346539595 0.0 0.0 0.0 0.0 0.0 0.0
620 -0.7851498555433183 0.6052747265279497 -0.005960453835820535 0.0 0.0 0.0 0.0 0.0 0.0
621 0.7919429627811623 -0.2987619234951435 -0.029806123155388775 0.0 0.0 0.0 0.0 0.0 0.0
622 0.26726843849993687 0.8178157317130341 0.0425608682195453 0.0 0.0 0.0 0.0 0.0 0.0
623 -0.44713026319934523 -0.06979450280257105 -0.04224173794219388 0.0 0.0 0.0 0.0 0.0 0.0
624 -0.08493635851830028 0.30729358763853054 0.013844003369785654 0.0 0.0 0.0 0.0 0.0 0.0
625 -0.2191123414252556 0.8025077927833077 -0.022168409374911022 0.0 0.0 0.0 0.0 0.0 0.0
626 0.3802892526518893 0.873584931833657 -0.0344832358464935 0.0 0.0 0.0 0.0 0.0 0.0
627 0.48716509721753876 -0.5460522220202328 -0.04210507950268332 0.0 0.0 0.0 0.0 0.0 0.0
628 0.23618970344840706 -0.659967326925265 0.03420257412232661 0.0 0.0 0.0 0.0 0.0 0.0
629 0.08945704760939543 0.27477173621959716 -0.01290967852761487 0.0 0.0 0.0 0.0 0.0 0.0
630 -0.6500344592533296 -0.7923835804568191 -0.006013452151138313 0.0 0.0 0.0 0.0 0.0 0.0
631 -0.9170217456187544 0.0512636069120469 -0.025392147865229905 0.0 0.0 0.0 0.0 0.0 0.0
632 -0.7600537690838187 0.5765471168318437 -0.024728386492674934 0.0 0.0 0.0 0.0 0.0 0.0
633 -0.8193153361086232 0.7525883954253998 0.010556863662840948 0.0 0.0 0.0 0.0 0.0 0.0
634 0.29198651022178224 0.9593503152885468 -0.011200135385079364 0.0 0.0 0.0 0.0 0.0 0.0
635 0.2995425086940513 0.2644737039912384 0.041071994750822696 0.0 0.0 0.0 0.0 0.0 0.0
636 0.5784960587560501 0.8951307016325891 -0.03803191250595185 0.0 0.0 0.0 0.0 0.0 0.0
637 -0.6319303110783996 0.011180835322925464 -0.00035509124926562385 0.0 0.0 0.0 0.0 0.0 0.0
638 -0.14483356568300643 0.3176016728211961 0.008120977664879861 0.0 0.0 0.0 0.0 0.0 0.0
639 -0.6454284524927139 -0.6082880784284215 0.01409829541644006 0.0 0.0 0.0 0.0 0.0 0.0
640 0.7646418198875162 0.35831216651885067 -0.04222339055366347 0.0 0.0 0.0 0.0 0.0 0.0
641 -0.9249574140234196 -0.050823088061966004 -0.006130178530345358 0.0 0.0 0.0 0.0 0.0 0.0
642 0.1050845895558774 -0.1009581486847011 -0.011684000915490447 0.0 0.0 0.0 0.0 0.0 0.0
643 0.4313625755809196 0.32863850458762434 -0.029571789246990096 0.0 0.0 0.0 0.0 0.0 0.0
644 -0.12772982699136182 -0.292391868367599 -0.032939758014735344 0.0 0.0 0.0 0.0 0.0 0.0
645 0.09178010364333278 0.8981530419823613 -0.031415405025039256 0.0 0.0 0.0 0.0 0.0 0.0
646 0.37387466365796884 -0.8976849051611249 0.043533537399029654 0.0 0.0 0.0 0.0 0.0 0.0
647 -0.22514751257040277 -0.515745385533861 -0.034443449331149546 0.0 0.0 0.0 0.0 0.0 0.0
648 0.5630610860180791 -0.12956459808238097 -0.00628634531022057 0.0 0.0 0.0 0.0 0.0 0.0
649 0.9462999414620228 0.6315048169366078 0.04342456813630356 0.0 0.0 0.0 0.0 0.0 0.0
650 0.6634719499209114 -0.5561805366128674 -0.036007752270016645 0.0 0.0 0.0 0.0 0.0 0.0
651 -0.24310854717500185 -0.8130976029816399 0.030080992207063034 0.0 0.0 0.0 0.0 0.0 0.0
652 0.48828596919237444 0.03799770306399153 0.04615611125960768 0.0 0.0 0.0 0.0 0.0 0.0
653 -0.28198862419439497 0.3789593690444033 -0.04184806427428098 0.0 0.0 0.0 0.0 0.0 0.0
654 -0.8183524709932657 0.013679260693040929 -0.025777675395237763 0.0 0.0 0.0 0.0 0.0 0.0
655 -0.04593753616292329 0.0785369448751374 -0.034706339098353134 0.0 0.0 0.0 0.0 0.0 0.0
656 -0.730362780943689 -0.138225255796401 -0.04961091519261036 0.0 0.0 0.0 0.0 0.0 0.0
657 0.006387583511562767 0.035297878447294595 -0.023789600695247333 0.0 0.0 0.0 0.0 0.0 0.0
658 -0.6945260889998306 -0.6123234383581158 0.010497594627089095 0.0 0.0 0.0 0.0 0.0 0.0
659 0.6463862043080575 -0.9929343144842993 0.03857521300085964 0.0 0.0 0.0 0.0 0.0 0.0
660 -0.7476064879814428 -0.7473539052055997 -0.02666236724804266 0.0 0.0 0.0 0.0 0.0 0.0
661 -0.03406152081496994 0.12818020893500992 0.010342553810112377 0.0 0.0 0.0 0.0 0.0 0.0
662 0.04485571541756328 0.7397003099993642 0.0007180167518989894 0.0 0.0 0.0 0.0 0.0 0.0
663 0.01297278092809373 0.6751251135098351 0.03843744032879835 0.0 0.0 0.0 0.0 0.0 0.0
664 -0.10483887075416654 0.9453930100311967 0.046582392946735884 0.0 0.0 0.0 0.0 0.0 0.0
665 -0.13854475179919712 -0.048127505099507584 0.004881073037738541 0.0 0.0 0.0 0.0 0.0 0.0
666 0.77048228643949 -0.35372297766377647 0.02944804309587687 0.0 0.0 0.0 0.0 0.0 0.0
667 0.16026374057252468 0.3093357655317899 -0.04779063442397051 0.0 0.0 0.0 0.0 0.0 0.0
668 0.9165727570919058 0.09519549368292268 -0.019202705169097996 0.0 0.0 0.0 0.0 0.0 0.0
669 0.4657098263905406 -0.21843752342270695 -0.034729252454341886 0.0 0.0 0.0 0.0 0.0 0.0
670 0.5666498436223617 -0.12086793006569474 0.001030814233874501 0.0 0.0 0.0 0.0 0.0 0.0
671 -0.35645611295399293 -0.49754283574797165 -0.027117967786215356 0.0 0.0 0.0 0.0 0.0 0.0
672 -0.820632108877376 -0.8034313807840809 -0.035396019821904504 0.0 0.0 0.0 0.0 0.0 0.0
673 -0.5058332735258302 0.935797831822889 0.001627668154599124 0.0 0.0 0.0 0.0 0.0 0.0
674 -0.8462760231106499 -0.5643196637309846 -0.010951999498082544 0.0 0.0 0.0 0.0 0.0 0.0
675 -0.08721911665291215 -0.638080203747899 -0.03349905929204172 0.0 0.0 0.0 0.0 0.0 0.0
676 0.936595955422346 -0.9512174846517978 3.538579103355005e-05 0.0 0.0 0.0 0.0 0.0 0.0
677 0.3808273954357124 0.12001602826341595 -0.032738201941781175 0.0 0.0 0.0 0.0 0.0 0.0
678 -0.2341520657065177 0.08581956630191212 -0.008959799847424378 0.0 0.0 0.0 0.0 0.0 0.0
679 -0.8651000621719311 0.6592339297380942 0.027452953968608043 0.0 0.0 0.0 0.0 0.0 0.0
680 -0.12425620331573017 0.26111228253310004 0.02867619935343213 0.0 0.0 0.0 0.0 0.0 0.0
681 0.04717237577095523 0.8336813323785814 0.023573928585780057 0.0 0.0 0.0 0.0 0.0 0.0
682 -0.0722448430734346 0.3786553403271109 0.009045868444178665 0.0 0.0 0.0 0.0 0.0 0.0
683 0.6799969706165889 0.9701476568623295 -0.015222652484513738 0.0 0.0 0.0 0.0 0.0 0.0
684 -0.7059570357849654 0.8841749637533891 -0.043241046098973904 0.0 0.0 0.0 0.0 0.0 0.0
685 -0.953086927680185 -0.46032979343310765 0.016364696790452382 0.0 0.0 0.0 0.0 0.0 0.0
686 -0.020642113647964422 0.5502191298547747 -0.036028605931532856 0.0 0.0 0.0 0.0 0.0 0.0
687 -0.18472684980572418 0.5785441743047504 0.04126632446778804 0.0 0.0 0.0 0.0 0.0 0.0
688 -0.26827424070668116 0.15566551929980021 -0.04517927656154881 0.0 0.0 0.0 0.0 0.0 0.0
689 -0.5473215256523849 -0.8030238764070352 0.002655842145727741 0.0 0.0 0.0 0.0 0.0 0.0
690 -0.9896469023279106 -0.07404799756128178 0.006797743967028272 0.0 0.0 0.0 0.0 0.0 0.0
691 -0.7717853045189624 -0.8856500514872445 0.003966548700080376 0.0 0.0 0.0 0.0 0.0 0.0
692 -0.372910218168065 0.4890604465317552 0.008145331229463149 0.0 0.0 0.0 0.0 0.0 0.0
693 -0.06695214313310927 -0.9787028178877519 0.04185178079871461 0.0 0.0 0.0 0.0 0.0 0.0
694 -0.5682413688385022 0.9052153468638553 -0.028370492470032958 0.0 0.0 0.0 0.0 0.0 0.0
695 -0.43486563530525024 0.5544217374770259 -0.02904062488617752 0.0 0.0 0.0 0.0 0.0 0.0
696 0.36343871169827047 0.2272713223112317 -0.04896921764594015 0.0 0.0 0.0 0.0 0.0 0.0
697 0.9773386532254136 -0.4625641441230304 0.005096340482070659 0.0 0.0 0.0 0.0 0.0 0.0
698 -0.8066984727420909 0.5058285236621307 0.04884662722758221 0.0 0.0 0.0 0.0 0.0 0.0
699 -0.2654638056304295 0.956152997900928 0.008010073482187186 0.0 0.0 0.0 0.0 0.0 0.0
700 -0.08283192283987972 0.46941240529566386 -0.048946658906136614 0.0 0.0 0.0 0.0 0.0 0.0
701 0.3831458182591776 0.07355728779322135 -0.04425770429451738 0.0 0.0 0.0 0.0 0.0 0.0
702 0.5289811586702273 -0.5331483203750607 0.02667237463886414 0.0 0.0 0.0 0.0 0.0 0.0
703 -0.6659981877836996 -0.23130067288774048 0.0476711328037345 0.0 0.0 0.0 0.0 0.0 0.0
704 -0.4720709178273754 0.3165053952238326 -0.010940514497048873 0.0 0.0 0.0 0.0 0.0 0.0
705 -0.25170690453452926 0.3164085010338451 0.027974677825912897 0.0 0.0 0.0 0.0 0.0 0.0
706 0.5255150374216546 0.6910406565129146 0.020906570655372908 0.0 0.0 0.0 0.0 0.0 0.0
707 0.1484976234943205 -0.8279789786977454 0.018872882122851514 0.0 0.0 0.0 0.0 0.0 0.0
708 -0.0042283997181262745 -0.5803569851334838 0.04924892418587333 0.0 0.0 0.0 0.0 0.0 0.0
709 0.8140692029982635 -0.8338198089270594 0.04503018885667899 0.0 0.0 0.0 0.0 0.0 0.0
710 -0.425074391873864 -0.4455599132120531 0.014063712329667369 0.0 0.0 0.0 0.0 0.0 0.0
711 -0.06628285444277537 0.34355327810097425 -0.04278585790283958 0.0 0.0 0.0 0.0 0.0 0.0
712 -0.8963044859069946 -0.9290789828070656 0.015283138563224094 0.0 0.0 0.0 0.0 0.0 0.0
713 0.2776085511620787 0.48686214643099235 0.019136183817655736 0.0 0.0 0.0 0.0 0.0 0.0
714 0.0916615687290172 -0.14490788975441826 0.023551934284389994 0.0 0.0 0.0 0.0 0.0 0.0
715 -0.6451548601644441 -0.27492482955106823 0.018385471621486724 0.0 0.0 0.0 0.0 0.0 0.0
716 0.8820361075536918 0.14882958362890952 -0.009507328985543406 0.0 0.0 0.0 0.0 0.0 0.0
717 -0.49069033283638164 0.30707516875532637 -0.0429635529379506 0.0 0.0 0.0 0.0 0.0 0.0
718 0.08581421097415998 -0.24036921506212816 0.04360151118500394 0.0 0.0 0.0 0.0 0.0 0.0
719 -0.6138360047518381 -0.649201146850467 -0.01673868021573069 0.0 0.0 0.0 0.0 0.0 0.0
720 -0.5699055972631801 -0.28731188446294453 0.002359747043248983 0.0 0.0 0.0 0.0 0.0 0.0
721 -0.8101562999191454 0.9498970430025249 -0.03854348367701182 0.0 0.0 0.0 0.0 0.0 0.0
722 -0.8529593509097682 0.16022656783442546 0.010995153628362356 0.0 0.0 0.0 0.0 0.0 0.0
723 0.8114713772150886 0.16852435908024388 0.001726325463368969 0.0 0.0 0.0 0.0 0.0 0.0
724 -0.5087380195955287 -0.9319657989797387 -0.03906985030571535 0.0 0.0 0.0 0.0 0.0 0.0
725 -0.9594321492092583 0.5898915016634123 0.03860451355770743 0.0 0.0 0.0 0.0 0.0 0.0
726 0.6500138180457404 0.04652081300005295 -0.03783068765501022 0.0 0.0 0.0 0.0 0.0 0.0
727 0.7682983217612533 -0.9607902196422626 -0.04631051831750483 0.0 0.0 0.0 0.0 0.0 0.0
728 -0.6277109019362759 -0.7282858208445135 0.04048864998446572 0.0 0.0 0.0 0.0 0.0 0.0
729 0.7493206350126758 -0.3981857134212643 0.00469981470626455 0.0 0.0 0.0 0.0 0.0 0.0
730 0.20559546079909508 -0.9336609900224941 0.037364015557662555 0.0 0.0 0.0 0.0 0.0 0.0
731 -0.50549063722041 0.20124632155765343 0.009516001673282815 0.0 0.0 0.0 0.0 0.0 0.0
732 -0.4668403318784735 -0.5021764670820077 -0.01644879702640943 0.0 0.0 0.0 0.0 0.0 0.0
733 -0.45495123411032967 -0.03999501952766682 0.04765488109694449 0.0 0.0 0.0 0.0 0.0 0.0
734 -0.7453173537183586 -0.08173067148954294 0.016067355075583295 0.0 0.0 0.0 0.0 0.0 0.0
735 0.7132723983527727 0.8901180828972841 -0.01574816777254196 0.0 0.0 0.0 0.0 0.0 0.0
736 -0.7009448878010156 0.8340074718188679 0.019788965964582406 0.0 0.0 0.0 0.0 0.0 0.0
737 -0.39077517947791485 0.1191396296891063 -0.002538480756716692 0.0 0.0 0.0 0.0 0.0 0.0
738 0.1456794607265517 -0.08039209959477756 -0.023150049906191968 0.0 0.0 0.0 0.0 0.0 0.0
739 0.2385145030039597 -0.4331601032021408 0.013119535254847173 0.0 0.0 0.0 0.0 0.0 0.0
740 0.21067644625007498 0.5331811923262162 0.0057217958094922736 0.0 0.0 0.0 0.0 0.0 0.0
741 -0.4530810030899146 -0.17262872456361156 -0.017068289740418102 0.0 0.0 0.0 0.0 0.0 0.0
742 0.5813046357941682 0.6095156052439983 0.01978502740576464 0.0 0.0 0.0 0.0 0.0 0.0
743 -0.8869824431918523 0.7747854297681094 -0.015640138067817118 0.0 0.0 0.0 0.0 0.0 0.0
744 -0.32019989534157745 0.6491857211614676 0.020944938320549417 0.0 0.0 0.0 0.0 0.0 0.0
745 0.3927439243600239 0.6858754411937809 0.005929176514760125 0.0 0.0 0.0 0.0 0.0 0.0
746 0.6542872033629341 0.1686671197087799 -0.02568993413732474 0.0 0.0 0.0 0.0 0.0 0.0
747 0.6237854962029252 -0.7624271984634772 0.0375430259304696 0.0 0.0 0.0 0.0 0.0 0.0
748 -0.5185139661543936 -0.7016783413855903 0.0030333522194848778 0.0 0.0 0.0 0.0 0.0 0.0
749 -0.02550799140801252 -0.35889539075605414 0.011316470255374973 0.0 0.0 0.0 0.0 0.0 0.0
750 0.38867920953802804 0.9891828454214564 0.02320657662215643 0.0 0.0 0.0 0.0 0.0 0.0
751 -0.2545357324723092 -0.44735663796108405 0.005263680282273385 0.0 0.0 0.0 0.0 0.0 0.0
752 -0.5623429786550056 0.8331352941758463 0.04883198900473518 0.0 0.0 0.0 0.0 0.0 0.0
753 -0.8778913219028277 -0.5198050802354715 0.007873869255644775 0.0 0.0 0.0 0.0 0.0 0.0
754 -0.9448612505621032 0.6884703996440917 0.03367643616385668 0.0 0.0 0.0 0.0 0.0 0.0
755 -0.4509063845811563 -0.1611379300911049 0.028333196722521783 0.0 0.0 0.0 0.0 0.0 0.0
756 -0.6988566875959652 -0.4740797015052767 -0.0416668249428142 0.0 0.0 0.0 0.0 0.0 0.0
757 -0.7090613509989123 -0.08502769544816502 -0.0020067176980123613 0.0 0.0 0.0 0.0 0.0 0.0
758 0.291561625923767 0.02286734895037923 0.01718868984248338 0.0 0.0 0.0 0.0 0.0 0.0
759 0.09600561948076658 -0.5706439383973694 -0.007216393084656547 0.0 0.0 0.0 0.0 0.0 0.0
760 -0.7453082410494654 0.585012910976024 0.026656781535837254 0.0 0.0 0.0 0.0 0.0 0.0
761 -0.19872471015241566 0.01317772419509633 -0.009341688558855504 0.0 0.0 0.0 0.0 0.0 0.0
762 0.32307809344591254 -0.4099021640417573 0.011031165782150201 0.0 0.0 0.0 0.0 0.0 0.0
763 -0.8931020096028546 -0.4086919384652372 0.02615623228505591 0.0 0.0 0.0 0.0 0.0 0.0
764 -0.37205264087574674 -0.7881185633751706 -0.043952141338023824 0.0 0.0 0.0 0.0 0.0 0.0
765 -0.677727548882491 0.05725180918037598 -0.027857853650368646 0.0 0.0 0.0 0.0 0.0 0.0
766 -0.9271874624188838 0.5535897714538021 -0.022339429390952743 0.0 0.0 0.0 0.0 0.0 0.0
767 0.3733822566813667 0.5639820855771613 -0.026945756210909198 0.0 0.0 0.0 0.0 0.0 0.0
768 0.09245122087487223 0.6700442302459717 0.04280433890343652 0.0 0.0 0.0 0.0 0.0 0.0
769 -0.864991449091213 0.1750196934071322 -0.014580732881717712 0.0 0.0 0.0 0.0 0.0 0.0
770 -0.25494908330918165 0.3870749630455017 0.010392033548180107 0.0 0.0 0.0 0.0 0.0 0.0
771 -0.4608130079543409 0.0313268633929793 0.020597264771724633 0.0 0.0 0.0 0.0 0.0 0.0
772 -0.935527108145032 -0.786782079576579 0.011970625199841413 0.0 0.0 0.0 0.0 0.0 0.0
773 0.5842720982724245 -0.7471144033967934 0.006063504517545594 0.0 0.0 0.0 0.0 0.0 0.0
774 0.7176514785714014 0.9948511002297846 -0.018458220564849963 0.0 0.0 0.0 0.0 0.0 0.0
775 -0.7761200445139194 0.4457470263111698 0.041425994890312415 0.0 0.0 0.0 0.0 0.0 0.0
776 0.2227408714387582 -0.10578313578140497 0.02644017832444276 0.0 0.0 0.0 0.0 0.0 0.0
777 -0.7086430603480718 0.3022560227338138 0.037846681646806477 0.0 0.0 0.0 0.0 0.0 0.0
778 0.6551300410975152 -0.7581728846277187 0.047259666536834694 0.0 0.0 0.0 0.0 0.0 0.0
779 0.5561934622958031 0.519092860078405 -0.002955585344508682 0.0 0.0 0.0 0.0 0.0 0.0
780 0.4917911487197888 -0.044900393884243384 0.023987260857910545 0.0 0.0 0.0 0.0 0.0 0.0
781 -0.992196427773111 0.40977017141259675 0.03750017873444696 0.0 0.0 0.0 0.0 0.0 0.0
782 0.15555004428998132 0.8441987907755835 0.004680352415918777 0.0 0.0 0.0 0.0 0.0 0.0
783 -0.748267103708254 0.7151901897076376 -0.032819952019248325 0.0 0.0 0.0 0.0 0.0 0.0
784 -0.8866914543289353 0.8890221755364096 0.012362042945274349 0.0 0.0 0.0 0.0 0.0 0.0
785 0.27010053104564014 0.6301539318560434 -0.015605254920724239 0.0 0.0 0.0 0.0 0.0 0.0
786 -0.38251799453153223 -0.7964462070025788 0.0297975679185164 0.0 0.0 0.0 0.0 0.0 0.0
787 0.12355439885256247 -0.15392095776552872 -0.02876372050886312 0.0 0.0 0.0 0.0 0.0 0.0
788 0.23242887621728503 0.5111241472569641 -0.014314468054145574 0.0 0.0 0.0 0.0 0.0 0.0
789 0.22544411441500367 0.9442077382314111 0.01409717178788815 0.0 0.0 0.0 0.0 0.0 0.0
790 -0.9932305729506734 -0.2812026725627499 -0.002153542910568386 0.0 0.0 0.0 0.0 0.0 0.0
791 0.00914462324998011 -0.79583919462151 -0.04611634435728909 0.0 0.0 0.0 0.0 0.0 0.0
792 0.3929821714528279 0.188191485738485 -0.024955618123247068 0.0 0.0 0.0 0.0 0.0 0.0
793 -0.9001782012997235 -0.838569557807294 -0.026755731975170314 0.0 0.0 0.0 0.0 0.0 0.0
794 -0.06343279804512525 0.2896144900493334 -0.011134349190951812 0.0 0.0 0.0 0.0 0.0 0.0
795 -0.9523111936568629 -0.34792794173500474 -0.005980687751061274 0.0 0.0 0.0 0.0 0.0 0.0
796 0.9454406974630174 0.36839424610776783 0.013739641416561477 0.0 0.0 0.0 0.0 0.0 0.0
797 0.03759439634663275 0.30571392330739333 -0.03165608924218218 0.0 0.0 0.0 0.0 0.0 0.0
798 -0.4619041104266717 0.6122438732069146 0.01394182697941676 0.0 0.0 0.0 0.0 0.0 0.0
799 0.5129615246873751 0.6815943652684349 -0.02216555469758102 0.0 0.0 0.0 0.0 0.0 0.0
800 -0.7540976007675046 -0.5472387429566523 0.04449531422095629 0.0 0.0 0.0 0.0 0.0 0.0
801 0.4998255670706986 0.9839249964606887 0.04096538140819715 0.0 0.0 0.0 0.0 0.0 0.0
802 -0.33852870831466686 -0.120872406292857 0.0032524908954761136 0.0 0.0 0.0 0.0 0.0 0.0
803 0.6865096177467345 -0.4158193122460867 -0.04597752694142862 0.0 0.0 0.0 0.0 0.0 0.0
804 0.28313329916441043 -0.5161473835362684 -0.02654686220927793 0.0 0.0 0.0 0.0 0.0 0.0
805 -0.9546570835213579 -0.5237702511411761 0.023759814928598022 0.0 0.0 0.0 0.0 0.0 0.0
806 0.6723121198461843 0.882687511912911 -0.0005211278384122525 0.0 0.0 0.0 0.0 0.0 0.0
807 -0.5736534971631717 -0.7207218065594987 0.010925748996323627 0.0 0.0 0.0 0.0 0.0 0.0
808 0.3860461143707852 -0.07168970370372585 -0.012990704234549524 0.0 0.0 0.0 0.0 0.0 0.0
809 -0.9061700927587937 -0.45130988244831083 0.03413875857801488 0.0 0.0 0.0 0.0 0.0 0.0
810 -0.5421997524022291 -0.23584957211165203 0.044931489585775114 0.0 0.0 0.0 0.0 0.0 0.0
811 0.450999093619352 0.2928390622175068 8.133305661354312e-05 0.0 0.0 0.0 0.0 0.0 0.0
812 0.9722885605336666 -0.2457586088595738 -0.04675345017783436 0.0 0.0 0.0 0.0 0.0 0.0
813 -0.918064994859878 0.030770956648057624 0.03883962683381548 0.0 0.0 0.0 0.0 0.0 0.0
814 -0.20125273617233042 0.21147268616763126 -0.010849628391939141 0.0 0.0 0.0 0.0 0.0 0.0
815 0.7995209813491242 -0.5602591111800739 0.00637632713354961 0.0 0.0 0.0 0.0 0.0 0.0
816 0.5622316952014439 0.6076907686624449 -0.0016700367276677591 0.0 0.0 0.0 0.0 0.0 0.0
817 0.6156773509756484 0.6048175599420269 -0.04096059802529001 0.0 0.0 0.0 0.0 0.0 0.0
818 -0.23112928621957685 -0.21654504738119962 -0.046276493593176385 0.0 0.0 0.0 0.0 0.0 0.0
819 -0.17011857652123363 -0.23833507969496304 0.0038266683532823947 0.0 0.0 0.0 0.0 0.0 0.0
820 0.692786351109022 -0.2300335884278255 -0.0020395674422839377 0.0 0.0 0.0 0.0 0.0 0.0
821 0.39363344041893367 0.3547942028747473 0.014635337609293558 0.0 0.0 0.0 0.0 0.0 0.0
822 0.2734293019031193 -0.044036793042056877 -0.027625978947261508 0.0 0.0 0.0 0.0 0.0 0.0
823 -0.5324281241337643 -0.720937471451844 0.004880845491879282 0.0 0.0 0.0 0.0 0.0 0.0
824 0.24268130773227936 0.6186282423757754 -0.013322177933752184 0.0 0.0 0.0 0.0 0.0 0.0
825 -0.37552371848578203 -0.21450936045534386 -0.012720338207837835 0.0 0.0 0.0 0.0 0.0 0.0
826 -0.46013541216660325 0.5235566238138092 0.0377293426153467 0.0 0.0 0.0 0.0 0.0 0.0
827 -0.3341963288424461 -0.9133954812741714 -0.010414636850435234 0.0 0.0 0.0 0.0 0.0 0.0
828 -0.817766285715108 0.2438020398408578 -0.013791635438176068 0.0 0.0 0.0 0.0 0.0 0.0
829 0.05081910626907504 -0.8053735376454039 -0.005685178474023403 0.0 0.0 0.0 0.0 0.0 0.0
830 0.3311782242828638 -0.036472292946299056 -0.028045819231254984 0.0 0.0 0.0 0.0 0.0 0.0
831 0.9294899701400063 -0.2091883914489121 0.026890748370684003 0.0 0.0 0.0 0.0 0.0 0.0
832 0.09946392443554242 0.38387762973432316 0.02075212459801032 0.0 0.0 0.0 0.0 0.0 0.0
833 0.9500744222417599 0.03324756999606682 -0.004963664651529101 0.0 0.0 0.0 0.0 0.0 0.0
834 -0.4265650460706558 0.26213342578600085 -0.027218471594700398 0.0 0.0 0.0 0.0 0.0 0.0
835 0.04232002887406772 -0.049587113752532996 -0.004311902144818927 0.0 0.0 0.0 0.0 0.0 0.0
836 0.37392273800154685 0.11164077695368113 0.015411946619871636 0.0 0.0 0.0 0.0 0.0 0.0
837 0.4187057929952256 0.5228753889043363 -0.002427171519024239 0.0 0.0 0.0 0.0 0.0 0.0
838 0.2899768563691152 0.9233473112377661 -0.019184014577605386 0.0 0.0 0.0 0.0 0.0 0.0
839 0.15297572315999797 -0.4716714905331352 0.02444230580505498 0.0 0.0 0.0 0.0 0.0 0.0
840 -0.8956006036839268 0.9694639462930617 0.0037344029551433164 0.0 0.0 0.0 0.0 0.0 0.0
841 -0.621884895961434 0.03202100568966948 -0.004350473329804254 0.0 0.0 0.0 0.0 0.0 0.0
842 -0.9666101841427011 -0.5272979232803776 0.04009201427160608 0.0 0.0 0.0 0.0 0.0 0.0
843 0.5458487403446897 -0.7058906449424256 0.0364732864780655 0.0 0.0 0.0 0.0 0.0 0.0
844 0.12052669141414363 0.004259874151274046 0.04568550818266015 0.0 0.0 0.0 0.0 0.0 0.0
845 -0.730095818114394 -0.22147775116587343 0.023992729730550402 0.0 0.0 0.0 0.0 0.0 0.0
846 0.8438479416960494 0.3719962189601653 0.03919494712515702 0.0 0.0 0.0 0.0 0.0 0.0
847 0.6510508060892233 0.4969037152719147 -0.02307315874142649 0.0 0.0 0.0 0.0 0.0 0.0
848 -0.7084969923814388 -0.8034019075863781 0.04848905962963829 0.0 0.0 0.0 0.0 0.0 0.0
849 0.6108491647665242 -0.45176584821528976 0.021699635435890638 0.0 0.0 0.0 0.0 0.0 0.0
850 -0.765545288089214 0.36881007284998657 -0.026137641434189448 0.0 0.0 0.0 0.0 0.0 0.0
851 0.1349050610064979 -0.7418372633066763 -0.017620031130263565 0.0 0.0 0.0 0.0 0.0 0.0
852 0.7179535039995597 0.7317952535010779 0.00713095767961569 0.0 0.0 0.0 0.0 0.0 0.0
853 -0.753996008669902 -0.9305822718104799 -0.02224517394384636 0.0 0.0 0.0 0.0 0.0 0.0
854 0.668209691942538 0.5713904164787265 -0.004577718917730969 0.0 0.0 0.0 0.0 0.0 0.0
855 0.7716426993689696 -0.5632163883153574 0.03657074241268225 0.0 0.0 0.0 0.0 0.0 0.0
856 0.2370462146041179 -0.9420878420114949 0.007911087405182107 0.0 0.0 0.0 0.0 0.0 0.0
857 -0.7565701993353242 -0.6242945023983342 -0.012621273772932685 0.0 0.0 0.0 0.0 0.0 0.0
858 -0.016667237669092616 -0.22077643264833324 -0.007724093731428627 0.0 0.0 0.0 0.0 0.0 0.0
859 -0.3568988387217775 -0.8130672179379352 0.018296053234817644 0.0 0.0 0.0 0.0 0.0 0.0
860 0.9392770505521968 -0.38692428366359355 -0.04494975371532475 0.0 0.0 0.0 0.0 0.0 0.0
861 -0.4591071923997476 -0.12053184170938125 0.04878239640466121 0.0 0.0 0.0 0.0 0.0 0.0
862 -0.008780204546892767 0.797080740734242 0.03087058579495862 0.0 0.0 0.0 0.0 0.0 0.0
863 -0.9643544681752101 -0.5149836060719559 0.024886147337247574 0.0 0.0 0.0 0.0 0.0 0.0
864 0.1845166554852815 -0.8278612383873223 0.04207882781267562 0.0 0.0 0.0 0.0 0.0 0.0
865 -0.5720205160587768 -0.8313740256066087 -0.028979912569620934 0.0 0.0 0.0 0.0 0.0 0.0
866 0.34267905881385974 0.5043831920094186 -0.03917251291161941 0.0 0.0 0.0 0.0 0.0 0.0
867 0.061079666576018266 0.3014347903036523 0.04677076028647771 0.0 0.0 0.0 0.0 0.0 0.0
868 0.5427483026649893 0.3355257496479047 -0.01692653344200397 0.0 0.0 0.0 0.0 0.0 0.0
869 0.008994506296222449 -0.09787447144029748 -0.018732814891646923 0.0 0.0 0.0 0.0 0.0 0.0
870 -0.9796080060721459 -0.04872756146117685 0.03298687769041338 0.0 0.0 0.0 0.0 0.0 0.0
871 0.8876473124036661 -0.8181323568243377 0.0033158201365215967 0.0 0.0 0.0 0.0 0.0 0.0
872 -0.8423356408608891 -0.9502180358775316 -0.018081993762430464 0.0 0.0 0.0 0.0 0.0 0.0
873 0.8013327280389941 0.7786646895488292 -0.036975717527946185 0.0 0.0 0.0 0.0 0.0 0.0
874 -0.9259907209834493 -0.6747664069790187 0.017263098098427965 0.0 0.0 0.0 0.0 0.0 0.0
875 -0.8828878743132551 -0.09726798496105027 -0.0018887843845635799 0.0 0.0 0.0 0.0 0.0 0.0
876 -0.3486009323419488 0.43194269852760137 -0.014483824876795073 0.0 0.0 0.0 0.0 0.0 0.0
877 0.790979042836454 -0.5919840624838693 0.003801905751346528 0.0 0.0 0.0 0.0 0.0 0.0
878 0.7338160245232892 0.19208478740077606 -0.026594400764055358 0.0 0.0 0.0 0.0 0.0 0.0
879 0.7602961143615878 0.6865580018904178 -0.03706758807438046 0.0 0.0 0.0 0.0 0.0 0.0
880 0.4120214002681051 0.43688641102928694 -0.04893036874509633 0.0 0.0 0.0 0.0 0.0 0.0
881 -0.33511305684386117 -0.8251654797466348 -0.04425209432173145 0.0 0.0 0.0 0.0 0.0 0.0
882 0.2834591900411516 0.033661825952931324 0.045382601384653345 0.0 0.0 0.0 0.0 0.0 0.0
883 -0.8687323507805687 0.2091778619722351 0.0321158370100801 0.0 0.0 0.0 0.0 0.0 0.0
884 -0.9276236467560861 0.08767206536445737 0.01294258522421933 0.0 0.0 0.0 0.0 0.0 0.0
885 0.674565265328744 -0.8744430985208018 -0.029497619266378738 0.0 0.0 0.0 0.0 0.0 0.0
886 -0.7251383459808673 -0.7121593686418612 0.014025670202668539 0.0 0.0 0.0 0.0 0.0 0.0
887 0.3457640286674357 0.28178206354963065 0.0074546488670915526 0.0 0.0 0.0 0.0 0.0 0.0
888 0.10399641896691292 0.8724834745455305 -0.03156095090289139 0.0 0.0 0.0 0.0 0.0 0.0
889 0.03813375041814804 0.2396316036308217 0.04411167336549458 0.0 0.0 0.0 0.0 0.0 0.0
890 0.22971867232843146 -0.12319710044695609 -0.04190963087956687 0.0 0.0 0.0 0.0 0.0 0.0
891 0.5490852289866917 -0.5122662087490939 -0.0022994259036490036 0.0 0.0 0.0 0.0 0.0 0.0
892 -0.6400337624700263 -0.024682541866394514 -0.023497057729581036 0.0 0.0 0.0 0.0 0.0 0.0
893 0.7744024719455971 0.22380976316915668 0.013748664682730713 0.0 0.0 0.0 0.0 0.0 0.0
894 0.7028617461832378 0.7991285840831359 0.04731911587509302 0.0 0.0 0.0 0.0 0.0 0.0
895 -0.8291370074154929 -0.9809756148539766 0.009781204375919186 0.0 0.0 0.0 0.0 0.0 0.0
896 0.9350512880577762 -0.39726794208634053 -0.038422797622641884 0.0 0.0 0.0 0.0 0.0 0.0
897 -0.1520472429005688 0.5824306028749484 -0.042937740817618475 0.0 0.0 0.0 0.0 0.0 0.0
898 -0.24523438061242664 -0.0008502130149303788 0.03253148267910928 0.0 0.0 0.0 0.0 0.0 0.0
899 -0.29067695947649663 -0.3948856892133201 -0.013527959506702894 0.0 0.0 0.0 0.0 0.0 0.0
900 0.29107878960890776 -0.8856602942008078 0.030802103905324146 0.0 0.0 0.0 0.0 0.0 0.0
901 0.0669009668821181 0.24901826402794747 0.043249910526786964 0.0 0.0 0.0 0.0 0.0 0.0
902 -0.763516465420836 0.16138495899087624 -0.0394336687352059 0.0 0.0 0.0 0.0 0.0 0.0
903 0.6250280837286164 0.2884056286109744 0.02361338279311627 0.0 0.0 0.0 0.0 0.0 0.0
904 -0.09081861240917188 0.7689392970337201 -0.02636517840897059 0.0 0.0 0.0 0.0 0.0 0.0
905 0.05036509195540484 -0.09701443896097639 -0.042894001765927815 0.0 0.0 0.0 0.0 0.0 0.0
906 -0.519932384000148 -0.9256979768455271 0.04743282139394185 0.0 0.0 0.0 0.0 0.0 0.0
907 -0.5767708820192305 0.9158818684753487 -0.046383403443307665 0.0 0.0 0.0 0.0 0.0 0.0
908 0.12775630845204344 0.9998963116427848 -0.04967609857799585 0.0 0.0 0.0 0.0 0.0 0.0
909 -0.2143978937361617 -0.41548578119285806 -0.02068106330339234 0.0 0.0 0.0 0.0 0.0 0.0
910 0.6510508738994698 -0.33464809014589925 0.006493443442499053 0.0 0.0 0.0 0.0 0.0 0.0
911 0.28444348816168463 0.20695436640941223 0.04930633914663747 0.0 0.0 0.0 0.0 0.0 0.0
912 0.81901485857298 -0.677010231183369 -0.045054075759222614 0.0 0.0 0.0 0.0 0.0 0.0
913 -0.16671788037650215 0.8042261054487558 -0.04136373638399894 0.0 0.0 0.0 0.0 0.0 0.0
914 -0.04487403708591842 0.6347957511532667 -0.017139076257331014 0.0 0.0 0.0 0.0 0.0 0.0
915 -0.9392807891446457 0.31474112305465574 0.009535279079162587 0.0 0.0 0.0 0.0 0.0 0.0
916 -0.41573334337543333 -0.44400375417720905 -0.049095879756849974 0.0 0.0 0.0 0.0 0.0 0.0
917 -0.44469460742298517 0.9800746731610439 0.009790303692550163 0.0 0.0 0.0 0.0 0.0 0.0
918 0.6774755158813581 -0.4992241283865808 0.047732169731862034 0.0 0.0 0.0 0.0 0.0 0.0
919 0.6156201920923865 0.13306565298460593 -0.004417105398885825 0.0 0.0 0.0 0.0 0.0 0.0
920 -0.04712406238914402 -0.9431534169902855 0.034312673772569996 0.0 0.0 0.0 0.0 0.0 0.0
921 0.7683765505701521 -0.48213069363685634 -0.007414660828757802 0.0 0.0 0.0 0.0 0.0 0.0
922 -0.6851794482757567 0.8393777951912194 0.0010860799147474204 0.0 0.0 0.0 0.0 0.0 0.0
923 0.420085877280131 -0.12955991150344826 -0.010909993829007973 0.0 0.0 0.0 0.0 0.0 0.0
924 -0.8352092336462869 0.2358870078105959 -0.01953366888956661 0.0 0.0 0.0 0.0 0.0 0.0
925 0.16186317518359328 0.06000121551246562 0.03662198912464355 0.0 0.0 0.0 0.0 0.0 0.0
926 0.1492332634245599 0.7051009191136519 0.02714607256039679 0.0 0.0 0.0 0.0 0.0 0.0
927 -0.06772398613497943 0.729459248920787 0.010244709554776722 0.0 0.0 0.0 0.0 0.0 0.0
928 0.3614184880096827 0.1722274475324359 0.011757006353837925 0.0 0.0 0.0 0.0 0.0 0.0
929 0.22326124196236052 0.290100238150266 -0.010969506748779695 0.0 0.0 0.0 0.0 0.0 0.0
930 0.08137002995076803 -0.03368151897788163 0.0463867121392505 0.0 0.0 0.0 0.0 0.0 0.0
931 0.7029490025542127 0.0808494109235276 0.023066585863570813 0.0 0.0 0.0 0.0 0.0 0.0
932 -0.6081100063089517 0.17600284181816273 0.04593100559725993 0.0 0.0 0.0 0.0 0.0 0.0
933 0.5513242596571326 -0.3586289978605932 0.0009294151383287264 0.0 0.0 0.0 0.0 0.0 0.0
934 -0.04353769300379917 0.4161075365468556 -0.015651672614808827 0.0 0.0 0.0 0.0 0.0 0.0
935 -0.7284991901848965 -0.8984832602514918 0.016519908229368177 0.0 0.0 0.0 0.0 0.0 0.0
936 0.5465561615102452 -0.8483945808432891 0.015882802469939714 0.0 0.0 0.0 0.0 0.0 0.0
937 -0.43125188649027946 0.13468404114622268 -0.0038623982524464556 0.0 0.0 0.0 0.0 0.0 0.0
938 0.7716998463864231 -0.8042676435426559 -0.031397216163784644 0.0 0.0 0.0 0.0 0.0 0.0
939 0.31898268657659545 -0.10242456500987362 0.004594494242034952 0.0 0.0 0.0 0.0 0.0 0.0
940 0.6974308916562422 0.3318955258130436 -0.01910538000969086 0.0 0.0 0.0 0.0 0.0 0.0
941 -0.3329288267754018 -0.0901724241828461 -0.010124860061424656 0.0 0.0 0.0 0.0 0.0 0.0
942 -0.7015182001216029 -0.6813779963745721 0.04686742276383621 0.0 0.0 0.0 0.0 0.0 0.0
943 -0.7901216371037447 -0.1803882751162047 -0.03484431519143104 0.0 0.0 0.0 0.0 0.0 0.0
944 0.43356872155091875 0.4343112516278702 0.002747996454353578 0.0 0.0 0.0 0.0 0.0 0.0
945 -0.7021798904574807 -0.2730090821038951 0.008984366139211358 0.0 0.0 0.0 0.0 0.0 0.0
946 0.07281730765206373 0.48372891884246116 -0.03644070457158086 0.0 0.0 0.0 0.0 0.0 0.0
947 0.6779058750283988 -0.25156551403338323 0.02493157848107147 0.0 0.0 0.0 0.0 0.0 0.0
948 -0.9589912767099424 0.3798628562189912 -0.03969617440073622 0.0 0.0 0.0 0.0 0.0 0.0
949 -0.33811436529177485 0.34400748030591166 0.03203553187608893 0.0 0.0 0.0 0.0 0.0 0.0
950 0.3063138275196624 0.3313781537291771 -0.011597391379982759 0.0 0.0 0.0 0.0 0.0 0.0
951 -0.15121683468491764 0.35655561660090274 -0.04872028289380646 0.0 0.0 0.0 0.0 0.0 0.0
952 -0.631274771944361 0.17787375088347868 0.02464617691353152 0.0 0.0 0.0 0.0 0.0 0.0
953 -0.39047411718637126 -0.8309694736674182 0.004399515018133036 0.0 0.0 0.0 0.0 0.0 0.0
954 0.6653544672516352 0.041496519059062154 0.0309635110852238 0.0 0.0 0.0 0.0 0.0 0.0
955 -0.25307476901502235 -0.8501752222867329 0.002361481591382754 0.0 0.0 0.0 0.0 0.0 0.0
956 0.648968255336027 0.4234157566202936 -0.002979092267014448 0.0 0.0 0.0 0.0 0.0 0.0
957 -0.08057830189638326 0.5835456040828457 -0.042355949649857776 0.0 0.0 0.0 0.0 0.0 0.0
958 0.6220767055958498 0.4649430549792042 0.03317768914302789 0.0 0.0 0.0 0.0 0.0 0.0
959 0.06879568431635974 -0.5922098955328841 0.028751464599374818 0.0 0.0 0.0 0.0 0.0 0.0
960 -0.2798874903071549 0.7121169450567715 -0.01282714749509322 0.0 0.0 0.0 0.0 0.0 0.0
961 -0.3522448732007537 -0.790629010202037 0.026919872756477836 0.0 0.0 0.0 0.0 0.0 0.0
962 0.7474250858317355 0.9047049248942696 0.028764480155336072 0.0 0.0 0.0 0.0 0.0 0.0
963 -0.029580794651012265 0.6725441564281716 -0.0445894830163631 0.0 0.0 0.0 0.0 0.0 0.0
964 0.07641152343416224 0.05806786296608335 0.048013784605509535 0.0 0.0 0.0 0.0 0.0 0.0
965 0.9383794957624152 -0.7402393095797823 -0.0380533187923277 0.0 0.0 0.0 0.0 0.0 0.0
966 0.6136689497748249 0.5305123660862419 -0.01810496558014936 0.0 0.0 0.0 0.0 0.0 0.0
967 -0.6488033979360732 -0.9068011086965067 -0.03337593507330178 0.0 0.0 0.0 0.0 0.0 0.0
968 -0.8572061305418839 0.845763548992617 0.03307609867387597 0.0 0.0 0.0 0.0 0.0 0.0
969 0.908842687183441 0.2656978142527229 0.0363836951990921 0.0 0.0 0.0 0.0 0.0 0.0
970 0.27386643496228147 -0.7634836048682099 -0.041380721010971025 0.0 0.0 0.0 0.0 0.0 0.0
971 -0.544425343444638 0.5977951278438947 0.011814855857149538 0.0 0.0 0.0 0.0 0.0 0.0
972 -0.12027783588173868 0.5592161830935507 -0.026915809305856984 0.0 0.0 0.0 0.0 0.0 0.0
973 -0.863695975392466 -0.4161502786825195 0.03791915080252482 0.0 0.0 0.0 0.0 0.0 0.0
974 -0.8370831582649532 -0.11610040649317699 -0.04159179722390648 0.0 0.0 0.0 0.0 0.0 0.0
975 0.4871436935626614 -0.167536696598531 -0.037143097412736414 0.0 0.0 0.0 0.0 0.0 0.0
976 -0.5678494381858623 0.5714001763575587 0.03007698852283193 0.0 0.0 0.0 0.0 0.0 0.0
977 0.10434200459815646 0.17988883320462667 0.006540747866643971 0.0 0.0 0.0 0.0 0.0 0.0
978 0.5576163972809134 -0.8875284806190376 0.018093078567877285 0.0 0.0 0.0 0.0 0.0 0.0
979 0.0942947454863774 0.7061513570666664 0.0037495586517076185 0.0 0.0 0.0 0.0 0.0 0.0
980 -0.39483587743217674 -0.6580934176153377 -0.022031515857189782 0.0 0.0 0.0 0.0 0.0 0.0
981 0.2177133597246872 0.44968301267662136 0.00467218532730506 0.0 0.0 0.0 0.0 0.0 0.0
982 -0.70200405971904 -0.25347415596550205 0.026628874520615367 0.0 0.0 0.0 0.0 0.0 0.0
983 0.8437431289138515 0.021499443964848153 -0.0004775496308319499 0.0 0.0 0.0 0.0 0.0 0.0
984 -0.7279260603435576 0.49333253679936107 -0.049912932270128954 0.0 0.0 0.0 0.0 0.0 0.0
985 0.47018405637293603 0.6829167119574149 0.04806095544195978 0.0 0.0 0.0 0.0 0.0 0.0
986 0.6913738130246778 -0.36119351605306416 -0.038887358484669336 0.0 0.0 0.0 0.0 0.0 0.0
987 -0.3841020074016306 0.2238913650191634 -0.018176232968762654 0.0 0.0 0.0 0.0 0.0 0.0
988 0.4806787333097753 -0.6820369232982622 0.005634533107033893 0.0 0.0 0.0 0.0 0.0 0.0
989 -0.7106002143505203 -0.18008813852792427 -0.004503515898798549 0.0 0.0 0.0 0.0 0.0 0.0
990 0.01721328731764915 -0.8497085809922365 0.0320129030454324 0.0 0.0 0.0 0.0 0.0 0.0
991 0.7974670247466478 0.9488770013715897 -0.00978887234834487 0.0 0.0 0.0 0.0 0.0 0.0
992 -0.13951165636689522 -0.9129565367232053 0.04537111910850798 0.0 0.0 0.0 0.0 0.0 0.0
993 -0.5670208170539988 0.6838463948859179 0.02866505462768569 0.0 0.0 0.0 0.0 0.0 0.0
994 0.8105198077017668 -0.5932630594482089 -0.006959635415592018 0.0 0.0 0.0 0.0 0.0 0.0
995 -0.7671759765616246 -0.37205664145810635 0.03799701553069129 0.0 0.0 0.0 0.0 0.0 0.0
996 -0.08843982922309124 -0.7565843441460605 -0.032988570591450196 0.0 0.0 0.0 0.0 0.0 0.0
997 0.7613317264046822 0.09164102377918337 -0.026148715041501822 0.0 0.0 0.0 0.0 0.0 0.0
998 0.855034793058113 0.5340413513015476 0.030022787018248107 0.0 0.0 0.0 0.0 0.0 0.0
999 -0.016511399104492064 -0.31841841737095833 -0.017656523685239914 0.0 0.0 0.0 0.0 0.0 0.0
