1000
-5 -5 -5 5 5 5
0 -1.8245393444170999 -0.08141541965573129 1.459700106958576 0.0 0.0 0.0 0.0 0.0 0.0
1 -1.3306404596486647 -3.857050520001695 -2.269941316711643 0.0 0.0 0.0 0.0 0.0 0.0
2 1.5400640608980263 -2.0788568014713915 -3.769230572726424 0.0 0.0 0.0 0.0 0.0 0.0
3 0.3605966021481626 -1.2203561410270698 3.710398274553315 0.0 0.0 0.0 0.0 0.0 0.0
4 -1.3117359937364048 3.3048525219757554 0.04849846522565926 0.0 0.0 0.0 0.0 0.0 0.0
5 0.8529054385509207 -2.8716989919642097 3.9415835136868154 0.0 0.0 0.0 0.0 0.0 0.0
6 1.325264755647848 1.4418554012594011 -0.9048574295281142 0.0 0.0 0.0 0.0 0.0 0.0
7 1.9972008263229002 -0.5809111653955918 0.9795215625340035 0.0 0.0 0.0 0.0 0.0 0.0
8 -0.9407496484101934 0.09029980560495154 -2.039825954137984 0.0 0.0 0.0 0.0 0.0 0.0
9 -0.37967990569834953 0.4493097541249176 1.7259686463084778 0.0 0.0 0.0 0.0 0.0 0.0
10 -0.4106169884260247 3.763415974839808 1.9915199980643168 0.0 0.0 0.0 0.0 0.0 0.0
11 -2.9228228423364158 3.9903711150473553 1.3512353510423933 0.0 0.0 0.0 0.0 0.0 0.0
12 -3.5713170754935106 1.8107832340124848 -0.16586152429317114 0.0 0.0 0.0 0.0 0.0 0.0
13 0.7017472814911754 -0.9911020226711731 -2.048234081335363 0.0 0.0 0.0 0.0 0.0 0.0
14 1.5160008122028508 -0.5369959022617099 -2.8141315033190946 0.0 0.0 0.0 0.0 0.0 0.0
15 -1.6699908649162403 0.3935686331870585 -1.5683455170324017 0.0 0.0 0.0 0.0 0.0 0.0
16 -2.7967123180693605 -3.7927583600026313 2.3638037236529073 0.0 0.0 0.0 0.0 0.0 0.0
17 -1.5600258788360772 -2.725082385363355 2.817173870915057 0.0 0.0 0.0 0.0 0.0 0.0
18 -3.2006182163383468 -2.8513886163770845 1.494954621717456 0.0 0.0 0.0 0.0 0.0 0.0
19 1.6314075913403645 -3.916105907443879 -2.4460454537494654 0.0 0.0 0.0 0.0 0.0 0.0
20 0.3671843963343173 3.9027198053193404 0.41442440983651263 0.0 0.0 0.0 0.0 0.0 0.0
21 -1.9399783600118523 -1.5977274113372122 -3.695253200249639 0.0 0.0 0.0 0.0 0.0 0.0
22 -2.9756310140384867 3.605294560522151 -1.8148281478300108 0.0 0.0 0.0 0.0 0.0 0.0
23 -0.44548237588146566 0.1492880492235269 -3.31840803858106 0.0 0.0 0.0 0.0 0.0 0.0
24 -0.27646099282602155 -0.4903803154812225 -1.5709953743467961 0.0 0.0 0.0 0.0 0.0 0.0
25 -1.07543488360026 -0.2915764852131586 -0.6722620476713788 0.0 0.0 0.0 0.0 0.0 0.0
26 -1.208978318454757 0.678353583761325 -2.8720249512905767 0.0 0.0 0.0 0.0 0.0 0.0
27 -3.7295821784646934 -0.050024700669201394 2.6666808622206037 0.0 0.0 0.0 0.0 0.0 0.0
28 2.03511729709171 1.4050198940690555 -1.917244485545 0.0 0.0 0.0 0.0 0.0 0.0
29 -1.2105714609138536 -0.4501234234563629 -1.434782575231436 0.0 0.0 0.0 0.0 0.0 0.0
30 3.9164623934868494 1.6034876433746463 -3.1877605150223562 0.0 0.0 0.0 0.0 0.0 0.0
31 -0.2882458498333058 0.19880729712339384 -3.5506208473780188 0.0 0.0 0.0 0.0 0.0 0.0
32 -2.2649101020611573 1.7416304952459765 1.2834220267277878 0.0 0.0 0.0 0.0 0.0 0.0
33 -1.3288228659604524 0.37104199714354014 2.4872383477970637 0.0 0.0 0.0 0.0 0.0 0.0
34 0.22659071545232834 -0.5821127776392476 -2.5721101164328903 0.0 0.0 0.0 0.0 0.0 0.0
35 0.697968934862776 -3.0809646716068704 -0.5385387247982862 0.0 0.0 0.0 0.0 0.0 0.0
36 2.616533205845048 1.4332817399102113 3.4041273969371506 0.0 0.0 0.0 0.0 0.0 0.0
37 1.389863599636179 0.1870640066538991 -3.64709325227693 0.0 0.0 0.0 0.0 0.0 0.0
38 0.6845711698337871 -0.8242302454694315 3.2861944416081688 0.0 0.0 0.0 0.0 0.0 0.0
39 -2.6156939053348047 -1.6902484944619527 3.815230349582877 0.0 0.0 0.0 0.0 0.0 0.0
40 -0.9586345976274382 0.7030118523454032 3.2059414862589195 0.0 0.0 0.0 0.0 0.0 0.0
41 3.2996740014719057 -3.6438257214415053 1.1935412861657522 0.0 0.0 0.0 0.0 0.0 0.0
42 0.505489676829602 -2.65746828315561 1.264255135402557 0.0 0.0 0.0 0.0 0.0 0.0
43 0.2580820371217678 -1.8036601246517483 -0.09445647112005862 0.0 0.0 0.0 0.0 0.0 0.0
44 -3.855440454987745 2.5462773061268917 -2.915206671588054 0.0 0.0 0.0 0.0 0.0 0.0
45 0.617523790253875 3.5772797445081546 1.3552540184018733 0.0 0.0 0.0 0.0 0.0 0.0
46 -1.7779745661866597 -3.766470479443435 -3.9321635847221073 0.0 0.0 0.0 0.0 0.0 0.0
47 -0.5020827015250822 -1.138375309026145 -0.2116616639270683 0.0 0.0 0.0 0.0 0.0 0.0
48 -3.0568168961450395 2.3838412137809657 3.2588072735695226 0.0 0.0 0.0 0.0 0.0 0.0
49 -2.539847760205639 3.7659527248239417 -3.808748246351044 0.0 0.0 0.0 0.0 0.0 0.0
50 -3.2808464538842586 1.1621502312198109 2.200834501044744 0.0 0.0 0.0 0.0 0.0 0.0
51 -1.8899526422238866 0.39278953389420224 2.232801140743681 0.0 0.0 0.0 0.0 0.0 0.0
52 -1.0672923659936373 1.0754522046183537 0.1369028078149075 0.0 0.0 0.0 0.0 0.0 0.0
53 1.4318154712688385 0.042133243471006665 -2.874394936198181 0.0 0.0 0.0 0.0 0.0 0.0
54 -3.4940586072071094 -3.667942440523725 1.0454104813635512 0.0 0.0 0.0 0.0 0.0 0.0
55 -0.49259500612390994 -0.46706039398300714 -2.574535327338758 0.0 0.0 0.0 0.0 0.0 0.0
56 -1.0638191462963578 -3.3595213394506027 -2.0518761039146973 0.0 0.0 0.0 0.0 0.0 0.0
57 -0.8883722258096229 -1.3236730312633727 -3.3308798153172834 0.0 0.0 0.0 0.0 0.0 0.0
58 -0.7360345464326681 0.14940236705939025 -0.6675108158010952 0.0 0.0 0.0 0.0 0.0 0.0
59 -3.041188579614186 -3.2798868109584536 0.11753301112594361 0.0 0.0 0.0 0.0 0.0 0.0
60 1.3217615869422676 -0.9647094837641585 2.2607773288862694 0.0 0.0 0.0 0.0 0.0 0.0
61 0.5861829206728739 3.9841869526112426 0.410774024520002 0.0 0.0 0.0 0.0 0.0 0.0
62 -3.720427008136597 2.4976289621481254 3.172499149412559 0.0 0.0 0.0 0.0 0.0 0.0
63 -3.546857175586122 1.0863078992034927 -2.555935306456563 0.0 0.0 0.0 0.0 0.0 0.0
64 2.9360813024925188 -3.813501050940757 2.6034959921886447 0.0 0.0 0.0 0.0 0.0 0.0
65 0.6510358094877775 -1.1362225672767252 3.0433450179929116 0.0 0.0 0.0 0.0 0.0 0.0
66 -3.282327131809626 2.2370946411804846 1.7664316790807746 0.0 0.0 0.0 0.0 0.0 0.0
67 -0.7393142010915401 -2.18876607009559 0.14002422973173534 0.0 0.0 0.0 0.0 0.0 0.0
68 1.0200796146326176 3.9785153289210884 -1.4223664186847715 0.0 0.0 0.0 0.0 0.0 0.0
69 0.15545004222085712 1.8777545609641084 -3.5595084577918294 0.0 0.0 0.0 0.0 0.0 0.0
70 3.067973693092317 3.847781441668489 0.5292088788508522 0.0 0.0 0.0 0.0 0.0 0.0
71 0.04694842250207376 3.470110076118381 0.09767015269563206 0.0 0.0 0.0 0.0 0.0 0.0
72 1.8510830352559795 -1.8704994746379482 -2.0698768765755533 0.0 0.0 0.0 0.0 0.0 0.0
73 -3.299840113250548 -2.011377675749597 -2.2279533522833743 0.0 0.0 0.0 0.0 0.0 0.0
74 3.6319708162552997 1.2875046406872972 0.4209200693532438 0.0 0.0 0.0 0.0 0.0 0.0
75 3.997044037808325 -2.8132609074947474 -2.8030408729190786 0.0 0.0 0.0 0.0 0.0 0.0
76 1.241269604000169 -2.2931862215221717 0.41599682580274067 0.0 0.0 0.0 0.0 0.0 0.0
77 -1.1645102527938773 -0.9395472287235167 0.9782086945972157 0.0 0.0 0.0 0.0 0.0 0.0
78 2.2555101813720366 -1.4797458837222806 1.9906891039606283 0.0 0.0 0.0 0.0 0.0 0.0
79 1.8516799499776617 -1.6670104659420018 2.984102293984507 0.0 0.0 0.0 0.0 0.0 0.0
80 0.6649683984309007 2.0940164029463855 1.0226982735191141 0.0 0.0 0.0 0.0 0.0 0.0
81 1.6428527055938407 0.8632392439310825 0.9125691840197865 0.0 0.0 0.0 0.0 0.0 0.0
82 1.789935286064913 3.8784614537851425 2.168834431016699 0.0 0.0 0.0 0.0 0.0 0.0
83 1.226982454510936 2.2197752022968773 -0.28649723330324317 0.0 0.0 0.0 0.0 0.0 0.0
84 0.8761965168800314 3.832232346098067 1.7797619394592914 0.0 0.0 0.0 0.0 0.0 0.0
85 -2.2500341123407237 0.7062623061402542 -1.0717178606136057 0.0 0.0 0.0 0.0 0.0 0.0
86 -0.19492294099410135 3.3555475590462214 3.3558499699796718 0.0 0.0 0.0 0.0 0.0 0.0
87 -2.5215804742755763 -3.9656580754448623 -0.501407904382698 0.0 0.0 0.0 0.0 0.0 0.0
88 -1.4247614116241643 1.6716537230574904 -2.876714748419661 0.0 0.0 0.0 0.0 0.0 0.0
89 -2.810618349396293 2.815810581947737 -3.3036977529199696 0.0 0.0 0.0 0.0 0.0 0.0
90 3.6731732964211226 -2.362889080645126 -2.185337492974784 0.0 0.0 0.0 0.0 0.0 0.0
91 -2.8604916276423236 -3.167445222383061 0.4597454209040768 0.0 0.0 0.0 0.0 0.0 0.0
92 2.100272808341461 -3.7152994164577384 -1.7870822903814902 0.0 0.0 0.0 0.0 0.0 0.0
93 -1.2531384926177154 2.5075276543552087 -2.380808033270899 0.0 0.0 0.0 0.0 0.0 0.0
94 -1.9088813701709908 2.482442612178242 1.6016698903910491 0.0 0.0 0.0 0.0 0.0 0.0
95 -3.5463156784047127 3.6052282524778443 0.8001360479426953 0.0 0.0 0.0 0.0 0.0 0.0
96 -3.345670874766273 -1.8638104705484588 0.8183878091591872 0.0 0.0 0.0 0.0 0.0 0.0
97 -3.652498949806076 3.424432011675587 -1.2507821575735036 0.0 0.0 0.0 0.0 0.0 0.0
98 2.752780397403466 1.2249596875491333 -0.47682070626425066 0.0 0.0 0.0 0.0 0.0 0.0
99 -1.6786975086373692 1.618716285773294 0.9010908728650531 0.0 0.0 0.0 0.0 0.0 0.0
100 -3.2103837678957303 2.026975119685223 -0.3509148820312582 0.0 0.0 0.0 0.0 0.0 0.0
101 1.1191846388625732 -3.2333905068615723 -3.8060765484141807 0.0 0.0 0.0 0.0 0.0 0.0
102 1.6832108524375817 1.0232522040754413 -3.020525044383585 0.0 0.0 0.0 0.0 0.0 0.0
103 2.79236603932583 3.6904402260635667 2.582332612903256 0.0 0.0 0.0 0.0 0.0 0.0
104 -0.7726329608795544 -3.470129288993986 0.9634564339707872 0.0 0.0 0.0 0.0 0.0 0.0
105 -0.137297229655311 -0.43224777140043535 0.06562928459832218 0.0 0.0 0.0 0.0 0.0 0.0
106 -1.5421098000970188 0.2854988756055272 -3.949863875937057 0.0 0.0 0.0 0.0 0.0 0.0
107 -1.8634061153558807 0.34349532044096875 -1.0630166270170092 0.0 0.0 0.0 0.0 0.0 0.0
108 -2.9990124968448297 -1.6041692294421068 2.817360430570168 0.0 0.0 0.0 0.0 0.0 0.0
109 -2.6199631126572775 -1.195417280085838 2.37259181837433 0.0 0.0 0.0 0.0 0.0 0.0
110 3.70193170898333 2.0981677623304735 -3.951181254266972 0.0 0.0 0.0 0.0 0.0 0.0
111 1.8886784833493406 3.7861478131550337 -2.5373801966302043 0.0 0.0 0.0 0.0 0.0 0.0
112 -2.898445808784233 2.9189381713591116 0.6087728614780419 0.0 0.0 0.0 0.0 0.0 0.0
113 1.5546964331650832 2.8294030673618398 3.262055803618738 0.0 0.0 0.0 0.0 0.0 0.0
114 -1.1084344328078686 1.9873705719547647 -1.7875974169105993 0.0 0.0 0.0 0.0 0.0 0.0
115 -0.006483781505312258 0.5487822176240087 0.9895337140322233 0.0 0.0 0.0 0.0 0.0 0.0
116 -0.37817111841881257 1.4211573686337164 1.768631697642351 0.0 0.0 0.0 0.0 0.0 0.0
117 -2.091452003287877 2.23430965506891 3.295162291169458 0.0 0.0 0.0 0.0 0.0 0.0
118 -0.707491409374974 1.151848319658539 -0.27790839627770225 0.0 0.0 0.0 0.0 0.0 0.0
119 -0.7045512451981075 -3.0726645803471735 1.5759945759496974 0.0 0.0 0.0 0.0 0.0 0.0
120 -2.894628262305085 2.767894247579145 -1.8973463498840077 0.0 0.0 0.0 0.0 0.0 0.0
121 1.6319167640588468 2.9268331039360156 -1.567188172024526 0.0 0.0 0.0 0.0 0.0 0.0
122 -0.0699914889022919 -0.8688306144800348 0.8213688484559238 0.0 0.0 0.0 0.0 0.0 0.0
123 -0.3718537527318837 -1.7929081587483875 3.162265607465409 0.0 0.0 0.0 0.0 0.0 0.0
124 -3.0431319333772358 -0.11241305705874449 0.6525968497551489 0.0 0.0 0.0 0.0 0.0 0.0
125 1.3431048947481932 1.971151477320447 3.6050199993558403 0.0 0.0 0.0 0.0 0.0 0.0
126 0.4016655462188101 2.4569213487797112 1.8370131185195557 0.0 0.0 0.0 0.0 0.0 0.0
127 0.6158345165301657 -0.748883300128143 1.7696464009266144 0.0 0.0 0.0 0.0 0.0 0.0
128 2.3296261989745055 1.4781535364950047 -0.9176328225292627 0.0 0.0 0.0 0.0 0.0 0.0
129 -1.0639468096923386 3.540265777339531 -2.195155151776329 0.0 0.0 0.0 0.0 0.0 0.0
130 3.8901427059095983 -0.5539003765927042 1.958061660964395 0.0 0.0 0.0 0.0 0.0 0.0
131 -2.547721272331703 -2.02504717919879 1.0361573325531674 0.0 0.0 0.0 0.0 0.0 0.0
132 -3.40451214999812 -1.2255201058106415 -0.8056051627606804 0.0 0.0 0.0 0.0 0.0 0.0
133 -1.7722558766715606 -2.3688887899012405 1.1215516360952122 0.0 0.0 0.0 0.0 0.0 0.0
134 -3.665861509815067 2.4659338255566823 -1.9561737649925464 0.0 0.0 0.0 0.0 0.0 0.0
135 0.06303011967938144 -0.36444138935745496 -0.3117011455941281 0.0 0.0 0.0 0.0 0.0 0.0
136 3.177054812361887 -3.871756827037001 -1.8826282786606487 0.0 0.0 0.0 0.0 0.0 0.0
137 -2.851272976676234 3.108522814529029 -3.402331371082023 0.0 0.0 0.0 0.0 0.0 0.0
138 2.284543067249321 -3.400180452428205 -0.9225161798251182 0.0 0.0 0.0 0.0 0.0 0.0
139 -2.265901239303214 -3.8503206196548225 0.7254523188304054 0.0 0.0 0.0 0.0 0.0 0.0
140 -3.441599706961772 0.4770120218119871 -3.8967503750784127 0.0 0.0 0.0 0.0 0.0 0.0
141 -2.55027847990739 -2.5838153957844936 -0.55038734350219 0.0 0.0 0.0 0.0 0.0 0.0
142 -0.7145378237012343 -2.2137945774071657 -1.4368315250223587 0.0 0.0 0.0 0.0 0.0 0.0
143 0.5922000363105582 -2.27076377347092 -1.8052135561547704 0.0 0.0 0.0 0.0 0.0 0.0
144 -0.03020854147793628 -3.975958282124978 -0.5688026138758664 0.0 0.0 0.0 0.0 0.0 0.0
145 -0.5497274910646119 -3.9103185701271927 3.882758607126209 0.0 0.0 0.0 0.0 0.0 0.0
146 -1.229464693234969 0.04632361853985678 0.0033213300920840183 0.0 0.0 0.0 0.0 0.0 0.0
147 -1.1860685250042433 3.8370917149168893 -2.7605846551704314 0.0 0.0 0.0 0.0 0.0 0.0
148 -2.6254210423936 3.502548605970949 3.7562857154553413 0.0 0.0 0.0 0.0 0.0 0.0
149 -0.737462110472868 -3.48388642113743 1.7722894431632437 0.0 0.0 0.0 0.0 0.0 0.0
150 3.7002672155010794 1.552719049831949 -0.23966792281126104 0.0 0.0 0.0 0.0 0.0 0.0
151 0.48561508674441534 -0.041301432438887176 0.7012512876649142 0.0 0.0 0.0 0.0 0.0 0.0
152 1.8441299904156017 -3.656590840566203 -2.5483494853132287 0.0 0.0 0.0 0.0 0.0 0.0
153 -3.259495229722 -3.1449792461724266 -1.6558849438897418 0.0 0.0 0.0 0.0 0.0 0.0
154 -1.1475803388057573 -3.7241065379845644 -1.7103602277119965 0.0 0.0 0.0 0.0 0.0 0.0
155 -2.242186862331965 3.693246349616416 -1.7228614679275962 0.0 0.0 0.0 0.0 0.0 0.0
156 -2.039296751326378 3.0134176577472083 -3.158906967274153 0.0 0.0 0.0 0.0 0.0 0.0
157 -2.186477525625623 -3.0451016413511276 2.1934535291951702 0.0 0.0 0.0 0.0 0.0 0.0
158 -2.1649256573580917 3.946035694176385 -0.9851256414509537 0.0 0.0 0.0 0.0 0.0 0.0
159 -1.106506353117875 1.4657226110617998 -3.893820220832745 0.0 0.0 0.0 0.0 0.0 0.0
160 2.9821959925976316 3.290803542801937 2.444034008066544 0.0 0.0 0.0 0.0 0.0 0.0
161 3.358044525431211 2.3001902484004795 -0.10966414595343821 0.0 0.0 0.0 0.0 0.0 0.0
162 3.086554872431477 -1.8652032113758317 3.9521449797630046 0.0 0.0 0.0 0.0 0.0 0.0
163 0.7468972264327576 0.7205311079922945 -3.693262510856969 0.0 0.0 0.0 0.0 0.0 0.0
164 -1.571934802647852 -3.2860199750090127 1.340280577025763 0.0 0.0 0.0 0.0 0.0 0.0
165 1.0029486061311408 0.8453856217751738 -2.0999984489197425 0.0 0.0 0.0 0.0 0.0 0.0
166 3.991527834041859 0.1347024245770898 2.5166972307162743 0.0 0.0 0.0 0.0 0.0 0.0
167 3.810949590287545 -3.07698665161713 3.0451601375047375 0.0 0.0 0.0 0.0 0.0 0.0
168 3.6539380587999926 -2.3995322803663637 -1.348439996296638 0.0 0.0 0.0 0.0 0.0 0.0
169 2.016734817337338 -2.9130953023924313 3.5417094430556126 0.0 0.0 0.0 0.0 0.0 0.0
170 -3.2921613208976614 -3.881401940547745 -3.63167269918561 0.0 0.0 0.0 0.0 0.0 0.0
171 -2.4253449508005556 -0.22860003325500244 -2.5342880615504964 0.0 0.0 0.0 0.0 0.0 0.0
172 -0.5453796177089645 3.977640129860789 -1.410147528401228 0.0 0.0 0.0 0.0 0.0 0.0
173 -2.9355484151731908 2.2396560485187544 -1.0356079489625802 0.0 0.0 0.0 0.0 0.0 0.0
174 1.8652725211832397 3.543130110126504 -0.09973996071987923 0.0 0.0 0.0 0.0 0.0 0.0
175 2.810558473819598 -2.055269295105484 -1.1929456612013363 0.0 0.0 0.0 0.0 0.0 0.0
176 -2.7145436879342553 1.4590308984212603 3.434194960328952 0.0 0.0 0.0 0.0 0.0 0.0
177 -3.9795686976155284 -3.989915873037625 -2.2417073920599995 0.0 0.0 0.0 0.0 0.0 0.0
178 -3.269016550924839 -2.3976024931882263 1.3235184101417898 0.0 0.0 0.0 0.0 0.0 0.0
179 -2.2459899565266506 -0.12091674622877768 2.720468771356207 0.0 0.0 0.0 0.0 0.0 0.0
180 3.967904487086882 -1.1252136610681633 -1.0605955654248769 0.0 0.0 0.0 0.0 0.0 0.0
181 2.683804005401198 -0.12881088230211368 1.881707275335704 0.0 0.0 0.0 0.0 0.0 0.0
182 -2.9303870919135946 -0.38943269918990886 -2.3225863937224807 0.0 0.0 0.0 0.0 0.0 0.0
183 0.2569572227458776 3.403364232987749 -1.589873163967547 0.0 0.0 0.0 0.0 0.0 0.0
184 -1.516052891405339 -2.499815506268993 -1.9114884222084951 0.0 0.0 0.0 0.0 0.0 0.0
185 1.6461741225602777 -0.5725111704531543 -0.2519981773584199 0.0 0.0 0.0 0.0 0.0 0.0
186 -0.38231958029443813 -3.9410503491835724 1.916952054917152 0.0 0.0 0.0 0.0 0.0 0.0
187 3.562709549139667 3.006684489629934 -3.214830006752228 0.0 0.0 0.0 0.0 0.0 0.0
188 -1.2334242570081129 -1.1815133528360713 0.5425746726993275 0.0 0.0 0.0 0.0 0.0 0.0
189 -1.9333586287973281 3.4739819973490906 2.013999429887284 0.0 0.0 0.0 0.0 0.0 0.0
190 -3.452844447044355 -1.6827356402189126 3.122536192112346 0.0 0.0 0.0 0.0 0.0 0.0
191 -3.444996744846284 0.26800762972914516 2.400833533821131 0.0 0.0 0.0 0.0 0.0 0.0
192 0.8160029250704115 2.6419040736054384 3.839632825856752 0.0 0.0 0.0 0.0 0.0 0.0
193 2.6432192701489177 -3.439995069708295 2.263471098186474 0.0 0.0 0.0 0.0 0.0 0.0
194 3.443429905355517 1.2115231305900807 -0.2542032901395963 0.0 0.0 0.0 0.0 0.0 0.0
195 -3.175654674624612 -3.2639838637362786 -3.0714992564681127 0.0 0.0 0.0 0.0 0.0 0.0
196 2.384482819846286 0.47165891227503387 -3.746306327969955 0.0 0.0 0.0 0.0 0.0 0.0
197 0.34984580162823153 2.2732716950808536 -0.5338090914670719 0.0 0.0 0.0 0.0 0.0 0.0
198 2.1273133190338545 0.3642058564077315 -2.655767380876351 0.0 0.0 0.0 0.0 0.0 0.0
199 0.9313459688434786 1.8260530600547389 2.424248708787882 0.0 0.0 0.0 0.0 0.0 0.0
200 -2.1214368279154083 -3.4637790809007525 3.0023379277782505 0.0 0.0 0.0 0.0 0.0 0.0
201 -2.9665815634910775 0.7590461367108494 -3.496818088068646 0.0 0.0 0.0 0.0 0.0 0.0
202 -0.8178577096595312 -0.8482166312246653 1.4510689971146302 0.0 0.0 0.0 0.0 0.0 0.0
203 -3.441748960491992 -2.176808481945425 3.746309428879881 0.0 0.0 0.0 0.0 0.0 0.0
204 2.6447703377872385 -3.1148933206850646 -3.740623753753857 0.0 0.0 0.0 0.0 0.0 0.0
205 -2.9118915635878615 2.0645050283217694 -0.5117212934668931 0.0 0.0 0.0 0.0 0.0 0.0
206 -3.6834051388564886 3.027908691677635 -1.1176302591441845 0.0 0.0 0.0 0.0 0.0 0.0
207 2.0952391531894374 -3.5631230257835753 -2.791573141342406 0.0 0.0 0.0 0.0 0.0 0.0
208 1.4829348909676092 -2.9904477179931517 3.118694445912337 0.0 0.0 0.0 0.0 0.0 0.0
209 -2.9542112038090345 0.7481277331362657 2.3416086189470713 0.0 0.0 0.0 0.0 0.0 0.0
210 1.338065760108556 -2.885064807244974 -3.1340071660669784 0.0 0.0 0.0 0.0 0.0 0.0
211 0.3637075982796656 3.041537152819715 -1.5678014642195626 0.0 0.0 0.0 0.0 0.0 0.0
212 3.1959160915176055 -0.013203411181551772 -0.7888647246548706 0.0 0.0 0.0 0.0 0.0 0.0
213 -2.3350628094262103 2.7326914155089623 -3.6699219122140923 0.0 0.0 0.0 0.0 0.0 0.0
214 -2.564294278357628 -1.591125590196559 -0.8670353219136135 0.0 0.0 0.0 0.0 0.0 0.0
215 -1.5102030981214032 1.8250327489074092 1.7612138650258649 0.0 0.0 0.0 0.0 0.0 0.0
216 -2.50232299077212 1.0616763088243966 2.6136188152338518 0.0 0.0 0.0 0.0 0.0 0.0
217 0.7885128919837712 1.4406468395438905 0.9877836754860905 0.0 0.0 0.0 0.0 0.0 0.0
218 1.4402542437255477 3.880640608014069 2.122621219661106 0.0 0.0 0.0 0.0 0.0 0.0
219 -2.6267803627537774 -2.169780328358206 1.1281561929018569 0.0 0.0 0.0 0.0 0.0 0.0
220 3.1012482621970703 1.0987772407811418 0.1671136737790837 0.0 0.0 0.0 0.0 0.0 0.0
221 -3.803151746787522 -0.2870371363185731 -2.8708297584301787 0.0 0.0 0.0 0.0 0.0 0.0
222 -2.3617612931718535 3.735322664441516 -1.8557152502156882 0.0 0.0 0.0 0.0 0.0 0.0
223 -3.353504683411969 1.3464250345731905 -3.8364525998163934 0.0 0.0 0.0 0.0 0.0 0.0
224 -2.249908491121176 2.495386795835448 3.736795276827351 0.0 0.0 0.0 0.0 0.0 0.0
225 3.216884379265646 -3.1367585811810077 -2.912189084623842 0.0 0.0 0.0 0.0 0.0 0.0
226 1.7619762847378002 -2.5312068138928137 -2.5790334377591613 0.0 0.0 0.0 0.0 0.0 0.0
227 2.4579873531639826 1.5117585928601516 2.7817678663906804 0.0 0.0 0.0 0.0 0.0 0.0
228 0.6748772657975977 2.7282355612620544 -0.7511884481167632 0.0 0.0 0.0 0.0 0.0 0.0
229 3.4717926896018003 1.6740748426369771 0.35926620314626234 0.0 0.0 0.0 0.0 0.0 0.0
230 -3.6673062599476447 2.1048472697425398 2.861341207734542 0.0 0.0 0.0 0.0 0.0 0.0
231 -2.29900526567834 -2.257752786023306 3.3408446028084526 0.0 0.0 0.0 0.0 0.0 0.0
232 -1.2029477045296906 2.7483884812756143 -3.3009990746096083 0.0 0.0 0.0 0.0 0.0 0.0
233 1.4295015189035043 2.6450681709661152 -1.6303802365366398 0.0 0.0 0.0 0.0 0.0 0.0
234 -2.503448317312423 2.524192293992181 3.9444914394739543 0.0 0.0 0.0 0.0 0.0 0.0
235 2.263821674250325 -3.2392557629758754 0.21377604869224864 0.0 0.0 0.0 0.0 0.0 0.0
236 -2.77321681644215 -0.05199541104230132 -1.2126356304086219 0.0 0.0 0.0 0.0 0.0 0.0
237 -1.1829004894511703 0.3158041684022308 -0.9744426962695796 0.0 0.0 0.0 0.0 0.0 0.0
238 -0.2913846239640465 3.6500061060000943 -2.2556703022457913 0.0 0.0 0.0 0.0 0.0 0.0
239 1.0393647809116517 3.850887614559431 1.701589060712137 0.0 0.0 0.0 0.0 0.0 0.0
240 -0.42396039184484824 -3.1215451098241465 -1.473784312610615 0.0 0.0 0.0 0.0 0.0 0.0
241 0.4466656648228877 -2.592057994646531 2.964179331796612 0.0 0.0 0.0 0.0 0.0 0.0
242 2.682695529645689 -0.7903289719487692 2.312216860673039 0.0 0.0 0.0 0.0 0.0 0.0
243 0.9963526751861647 -3.9789066794941874 -3.707110059595359 0.0 0.0 0.0 0.0 0.0 0.0
244 0.4878747240699086 3.0448133035292324 0.48186294915713823 0.0 0.0 0.0 0.0 0.0 0.0
245 -2.685491594245806 -0.8838109805615701 1.2120029422177652 0.0 0.0 0.0 0.0 0.0 0.0
246 -3.3520900759047816 -1.3354836114407869 -0.056822024811649996 0.0 0.0 0.0 0.0 0.0 0.0
247 3.5183271857700618 -2.2438600832564406 2.5006742527754486 0.0 0.0 0.0 0.0 0.0 0.0
248 3.982185605432842 3.282557649041947 0.09298417920237068 0.0 0.0 0.0 0.0 0.0 0.0
249 -0.7430592981693387 3.064999116934807 2.1101374663233257 0.0 0.0 0.0 0.0 0.0 0.0
250 1.9305550293237506 -1.8817952891044403 -0.2189052391723143 0.0 0.0 0.0 0.0 0.0 0.0
251 2.6224096160762977 -0.4117473348406948 1.1896726540539788 0.0 0.0 0.0 0.0 0.0 0.0
252 -0.9084984815334813 -0.49213038634163464 -1.3466553898009508 0.0 0.0 0.0 0.0 0.0 0.0
253 1.3705715003329626 -1.3817452108653567 -1.7526531009488586 0.0 0.0 0.0 0.0 0.0 0.0
254 3.6928014849401327 0.2116878951235961 -0.719710814911064 0.0 0.0 0.0 0.0 0.0 0.0
255 1.587991671560868 -3.9615217540266006 0.33522184008518785 0.0 0.0 0.0 0.0 0.0 0.0
256 0.9955858995510249 -2.732237657357781 0.45796098007350494 0.0 0.0 0.0 0.0 0.0 0.0
257 3.315158239523858 3.358036173157404 -2.833910283220238 0.0 0.0 0.0 0.0 0.0 0.0
258 -1.6831542493466038 2.6839480629946966 -3.3553171364120145 0.0 0.0 0.0 0.0 0.0 0.0
259 -0.2864288646173341 -2.9520433362499583 -2.9668150277757404 0.0 0.0 0.0 0.0 0.0 0.0
260 0.33761059439446406 0.37919372411608254 -3.229543257256478 0.0 0.0 0.0 0.0 0.0 0.0
261 3.0189896786639245 -3.60042358039699 -2.1692926687123437 0.0 0.0 0.0 0.0 0.0 0.0
262 -2.504674721896234 -1.2901907130951118 -3.608887996731779 0.0 0.0 0.0 0.0 0.0 0.0
263 2.9168262751197966 -1.3709036922672562 -0.12462888287089413 0.0 0.0 0.0 0.0 0.0 0.0
264 -2.9838578272127885 0.3510543311830867 1.0468540930923353 0.0 0.0 0.0 0.0 0.0 0.0
265 1.1634235251940401 -3.3408390629403577 2.7815523135743394 0.0 0.0 0.0 0.0 0.0 0.0
266 1.9220920948760911 -0.3563114989936871 1.0368083800374253 0.0 0.0 0.0 0.0 0.0 0.0
267 -1.920176216383247 -2.94525318770048 2.4195984628738856 0.0 0.0 0.0 0.0 0.0 0.0
268 2.328633285254223 1.9409878849766793 0.2825954506644335 0.0 0.0 0.0 0.0 0.0 0.0
269 0.8365419538979424 2.2209558886169862 -2.79904864548235 0.0 0.0 0.0 0.0 0.0 0.0
270 2.7921610840225464 0.19212586923585384 -1.9574779735001577 0.0 0.0 0.0 0.0 0.0 0.0
271 -1.1075763427705985 -3.2900722632197974 1.876329907488552 0.0 0.0 0.0 0.0 0.0 0.0
272 1.7567343519752487 -1.1380148030266346 -3.6805110602381097 0.0 0.0 0.0 0.0 0.0 0.0
273 -3.540490814259117 1.5443281399292816 3.5731467623356865 0.0 0.0 0.0 0.0 0.0 0.0
274 1.7297782478182269 1.9022825181576746 3.9755434187797682 0.0 0.0 0.0 0.0 0.0 0.0
275 1.5670391904911467 -2.412170096417203 0.9737069995103829 0.0 0.0 0.0 0.0 0.0 0.0
276 -1.9383452840580162 -1.2978930663463046 -0.4895559771134046 0.0 0.0 0.0 0.0 0.0 0.0
277 -2.795491315574518 2.0303800415249293 -0.4712668750592437 0.0 0.0 0.0 0.0 0.0 0.0
278 -2.948501159444284 -0.22612752018360105 0.42704863752181765 0.0 0.0 0.0 0.0 0.0 0.0
279 2.9275753171726118 -2.5405694538318526 -0.5390203754033109 0.0 0.0 0.0 0.0 0.0 0.0
280 3.7350839155002147 3.098363842991116 -0.8598465752292013 0.0 0.0 0.0 0.0 0.0 0.0
281 0.027839397022994206 3.3869255172178967 3.7083026148770317 0.0 0.0 0.0 0.0 0.0 0.0
282 -2.8689514994411525 -3.3393790082883577 -0.1589712299525603 0.0 0.0 0.0 0.0 0.0 0.0
283 1.0570886126184842 -2.538580421409362 -0.7705984058544413 0.0 0.0 0.0 0.0 0.0 0.0
284 -1.8439324955142782 0.8352915286273506 0.1715371004335191 0.0 0.0 0.0 0.0 0.0 0.0
285 -3.8304668297539903 2.1050015081969278 -3.177023651380292 0.0 0.0 0.0 0.0 0.0 0.0
286 -1.3274561269704979 3.278775466068282 2.4916135638583476 0.0 0.0 0.0 0.0 0.0 0.0
287 0.20204807733542385 1.246198172785106 3.7883843350943858 0.0 0.0 0.0 0.0 0.0 0.0
288 0.48720398675741894 2.345404273743063 3.7869928435399354 0.0 0.0 0.0 0.0 0.0 0.0
289 3.89905245177213 -3.4851002570259384 -0.37249085881565414 0.0 0.0 0.0 0.0 0.0 0.0
290 -1.6789001086708 -3.103342216494787 2.9488532145076434 0.0 0.0 0.0 0.0 0.0 0.0
291 2.294150593856192 1.832184679344648 2.077204260076612 0.0 0.0 0.0 0.0 0.0 0.0
292 1.5514140049985672 1.1899289831336493 2.7981359521595603 0.0 0.0 0.0 0.0 0.0 0.0
293 -1.9437136586102284 -2.936237326586384 -2.0026314403277876 0.0 0.0 0.0 0.0 0.0 0.0
294 3.7566067929224936 -3.5817291713782797 1.4740688786857783 0.0 0.0 0.0 0.0 0.0 0.0
295 3.799540925361846 -0.40052769585712333 0.1361580531063753 0.0 0.0 0.0 0.0 0.0 0.0
296 -3.5660367153089334 -2.5681573597063707 -3.310053143266141 0.0 0.0 0.0 0.0 0.0 0.0
297 0.19033465483830536 -1.6931245136621262 -3.67128498993878 0.0 0.0 0.0 0.0 0.0 0.0
298 -1.880324059446492 -1.9717956832587626 1.740151897953548 0.0 0.0 0.0 0.0 0.0 0.0
299 3.390404263642389 -3.2584139013569526 3.601196339935937 0.0 0.0 0.0 0.0 0.0 0.0
300 -3.4785324620463953 3.729102871164079 2.387785281437627 0.0 0.0 0.0 0.0 0.0 0.0
301 3.484208913306335 -0.8377327807172446 -1.8367041866888885 0.0 0.0 0.0 0.0 0.0 0.0
302 -2.833918913577161 -3.8613066102288665 -2.1129996839022045 0.0 0.0 0.0 0.0 0.0 0.0
303 -1.5888764629774483 -3.5137771815377166 -2.2292220356867087 0.0 0.0 0.0 0.0 0.0 0.0
304 3.2920951454039917 1.6165662085095214 -1.0092510296313373 0.0 0.0 0.0 0.0 0.0 0.0
305 1.8004102801622253 -3.370591306418312 -3.0857723967695474 0.0 0.0 0.0 0.0 0.0 0.0
306 0.6964782310208983 0.4226309644408861 -1.1289845057828458 0.0 0.0 0.0 0.0 0.0 0.0
307 0.13243723319859946 -1.1831499105887184 -0.3024591315266747 0.0 0.0 0.0 0.0 0.0 0.0
308 -2.0293495537504516 0.7919375992000326 3.254178149691744 0.0 0.0 0.0 0.0 0.0 0.0
309 -2.67750683869442 1.4051150964737111 1.6216530560309623 0.0 0.0 0.0 0.0 0.0 0.0
310 -2.038207224365415 2.7640333465362854 -0.5525749868377758 0.0 0.0 0.0 0.0 0.0 0.0
311 -2.9741443997496546 0.48874791946951124 -2.3400580404798452 0.0 0.0 0.0 0.0 0.0 0.0
312 -0.8340585073960218 -0.9871859745486526 -3.392862498407074 0.0 0.0 0.0 0.0 0.0 0.0
313 -0.4145003190260459 -3.2543668577564624 -2.9330444591523266 0.0 0.0 0.0 0.0 0.0 0.0
314 0.4601926677317483 3.9578993910251237 -0.044443095926812504 0.0 0.0 0.0 0.0 0.0 0.0
315 -2.9292301103311376 -0.7265324780633637 2.5778223052600273 0.0 0.0 0.0 0.0 0.0 0.0
316 -1.6422476099660432 -3.666722400881633 -0.039376944052824214 0.0 0.0 0.0 0.0 0.0 0.0
317 2.7069975280177907 2.051337444905716 -3.5474194086314093 0.0 0.0 0.0 0.0 0.0 0.0
318 -1.6127324425510325 -0.6059686714376227 -1.7191513970649854 0.0 0.0 0.0 0.0 0.0 0.0
319 2.6705895854454136 3.698126436545662 -2.4745293133888273 0.0 0.0 0.0 0.0 0.0 0.0
320 -2.633664345325495 1.2264069964325186 -0.7289764801910232 0.0 0.0 0.0 0.0 0.0 0.0
321 -0.309317320933431 -3.608009854920213 -1.0489133997168194 0.0 0.0 0.0 0.0 0.0 0.0
322 -0.15919830574914595 1.7982461488819865 -3.5640952907345786 0.0 0.0 0.0 0.0 0.0 0.0
323 1.0430141621203397 0.7266614830395737 -3.455631214878947 0.0 0.0 0.0 0.0 0.0 0.0
324 0.3078462177055217 0.614027158546099 1.3529137495026147 0.0 0.0 0.0 0.0 0.0 0.0
325 -1.7404778250970496 0.10130240373627064 3.9752880669239756 0.0 0.0 0.0 0.0 0.0 0.0
326 -0.04523076028305795 -0.8964633658651904 1.3361895265375 0.0 0.0 0.0 0.0 0.0 0.0
327 -3.341601697194676 3.814660209423506 -1.0427131590508063 0.0 0.0 0.0 0.0 0.0 0.0
328 3.3070542497274014 3.5056323892651706 3.926158715960879 0.0 0.0 0.0 0.0 0.0 0.0
329 0.6072938645915924 -2.315770217952479 0.041059630408984304 0.0 0.0 0.0 0.0 0.0 0.0
330 3.1903495073334023 -1.6655801784531095 -0.6191060942318591 0.0 0.0 0.0 0.0 0.0 0.0
331 -0.41516283084270444 -2.069938040410639 2.012847398350609 0.0 0.0 0.0 0.0 0.0 0.0
332 -2.923662760773534 1.6311387227727723 2.56587934450903 0.0 0.0 0.0 0.0 0.0 0.0
333 0.6670196594659119 -1.2733014208121114 0.9745948567577516 0.0 0.0 0.0 0.0 0.0 0.0
334 -0.5093286483217545 -3.7597645376476727 -1.522017766527628 0.0 0.0 0.0 0.0 0.0 0.0
335 1.1195312008110374 -0.03477325203226833 -2.0504062185334444 0.0 0.0 0.0 0.0 0.0 0.0
336 -2.8703082242828435 -2.5635427050331794 -3.1855865999069017 0.0 0.0 0.0 0.0 0.0 0.0
337 3.095276448865037 -1.5449948367486162 -3.0654133378278976 0.0 0.0 0.0 0.0 0.0 0.0
338 2.4473475318691875 -2.1971228633549957 -2.372070261964714 0.0 0.0 0.0 0.0 0.0 0.0
339 3.438904123558606 -0.00515615350687515 2.820069084717918 0.0 0.0 0.0 0.0 0.0 0.0
340 -0.4686508978428394 3.8434573851060305 -0.44615408771327303 0.0 0.0 0.0 0.0 0.0 0.0
341 -2.5052434348316117 3.535255998289287 -2.473854748866829 0.0 0.0 0.0 0.0 0.0 0.0
342 1.616610948600849 2.7834565206244273 1.5669610282295903 0.0 0.0 0.0 0.0 0.0 0.0
343 -3.6089497486428233 -0.7228942260393438 3.141861909731044 0.0 0.0 0.0 0.0 0.0 0.0
344 -3.4121346994525554 -2.9230320584903264 -0.6849055790084098 0.0 0.0 0.0 0.0 0.0 0.0
345 3.5604632511011944 -1.7195583371579417 -2.122537917557083 0.0 0.0 0.0 0.0 0.0 0.0
346 2.354895597170164 2.9628919997984244 2.9521079294052557 0.0 0.0 0.0 0.0 0.0 0.0
347 0.8444264831329402 1.4857260838481032 0.08669985413360148 0.0 0.0 0.0 0.0 0.0 0.0
348 -2.5487278571049554 1.161995504980169 -2.5578849922464677 0.0 0.0 0.0 0.0 0.0 0.0
349 3.8177175694634506 -3.102340744835634 2.153159600632242 0.0 0.0 0.0 0.0 0.0 0.0
350 0.11194983045332307 -3.964588443276508 2.640646303723445 0.0 0.0 0.0 0.0 0.0 0.0
351 -2.3879132465046338 0.7449943852893215 -3.2835714361811483 0.0 0.0 0.0 0.0 0.0 0.0
352 -3.361075965498089 -1.2266715160763573 1.1518367849642184 0.0 0.0 0.0 0.0 0.0 0.0
353 3.0505006767821214 -1.1469976328052995 -2.1843303769055735 0.0 0.0 0.0 0.0 0.0 0.0
354 -2.6426654958880835 1.98561953386083 2.588665776944495 0.0 0.0 0.0 0.0 0.0 0.0
355 2.3053084292009753 -1.4749710106690292 -2.4892230526960164 0.0 0.0 0.0 0.0 0.0 0.0
356 0.007067689327941551 0.21576272131364505 -1.9379141668584685 0.0 0.0 0.0 0.0 0.0 0.0
357 1.671507363605473 -0.014965106783200177 1.358585935113111 0.0 0.0 0.0 0.0 0.0 0.0
358 3.147837069527365 2.8940008639671264 3.222500887654662 0.0 0.0 0.0 0.0 0.0 0.0
359 0.03179026370950222 -1.6246715145853923 2.4875392982815816 0.0 0.0 0.0 0.0 0.0 0.0
360 0.9903426981091279 1.6304435301773212 1.0281642341390569 0.0 0.0 0.0 0.0 0.0 0.0
361 2.2100992549690366 -0.5636947649892088 1.9994335209952876 0.0 0.0 0.0 0.0 0.0 0.0
362 -1.0736031354776605 -3.711353780896692 -3.660449865939949 0.0 0.0 0.0 0.0 0.0 0.0
363 1.6350214022708442 -0.3902821422262548 -2.0966441976237675 0.0 0.0 0.0 0.0 0.0 0.0
364 -1.2431281204531457 1.7065491531558434 3.185040881723287 0.0 0.0 0.0 0.0 0.0 0.0
365 3.970530400452552 -3.958528970368276 -1.6064308094238875 0.0 0.0 0.0 0.0 0.0 0.0
366 -1.5612715936080317 0.8360240211534284 3.8556434976534257 0.0 0.0 0.0 0.0 0.0 0.0
367 2.009248087633406 2.751317952495377 -1.7187689049835875 0.0 0.0 0.0 0.0 0.0 0.0
368 2.8197865201967582 3.4260782754857564 0.007626672546712676 0.0 0.0 0.0 0.0 0.0 0.0
369 3.6657701643523515 -3.2882896686091643 -0.1205812484646005 0.0 0.0 0.0 0.0 0.0 0.0
370 1.2699363545556919 -3.137868216491631 2.0749970777476623 0.0 0.0 0.0 0.0 0.0 0.0
371 -2.6370535082716673 -0.06469785377840331 2.3249903109207084 0.0 0.0 0.0 0.0 0.0 0.0
372 2.429677712567333 0.7573393129700845 2.501246940889274 0.0 0.0 0.0 0.0 0.0 0.0
373 0.8863251161667529 1.8122670821293365 -1.6683005374408522 0.0 0.0 0.0 0.0 0.0 0.0
374 -3.304614623785941 0.33796757847898373 1.9468024754793651 0.0 0.0 0.0 0.0 0.0 0.0
375 -1.8494821674977437 2.703547070920288 1.766434606672001 0.0 0.0 0.0 0.0 0.0 0.0
376 0.47245598873252526 -2.1117633322449807 2.1772367130214 0.0 0.0 0.0 0.0 0.0 0.0
377 3.70010458585749 -1.4242424430875529 1.3751630569375326 0.0 0.0 0.0 0.0 0.0 0.0
378 2.0499439964134227 -3.4893356363515453 -1.0637097933987762 0.0 0.0 0.0 0.0 0.0 0.0
379 1.6109373123434212 -0.04316617531045619 3.82220689081199 0.0 0.0 0.0 0.0 0.0 0.0
380 -2.5278651102529377 -3.1569838247181305 2.05283549574305 0.0 0.0 0.0 0.0 0.0 0.0
381 -1.1104354136685775 3.817685000492151 -0.9972552094033498 0.0 0.0 0.0 0.0 0.0 0.0
382 -3.196556207329829 -0.7624212260148928 0.7454171933054976 0.0 0.0 0.0 0.0 0.0 0.0
383 -2.605787207178331 -1.9225381278423201 -2.823084933761704 0.0 0.0 0.0 0.0 0.0 0.0
384 2.185887385508712 -3.789040211344637 -3.9124945592586693 0.0 0.0 0.0 0.0 0.0 0.0
385 3.677221767595074 -0.42995346298927295 3.1546884058956417 0.0 0.0 0.0 0.0 0.0 0.0
386 -2.481081544315529 0.7456596939223186 -1.7915785986751027 0.0 0.0 0.0 0.0 0.0 0.0
387 -1.4643683926749427 3.457925977871489 1.5620236258450992 0.0 0.0 0.0 0.0 0.0 0.0
388 1.0715096924075898 -1.4404890544952895 -3.310203252785672 0.0 0.0 0.0 0.0 0.0 0.0
389 1.746514795830974 -3.4577560413725577 -1.1520586078803525 0.0 0.0 0.0 0.0 0.0 0.0
390 2.476152803304995 -2.930241878338312 0.30755122370367616 0.0 0.0 0.0 0.0 0.0 0.0
391 -1.8354830086789518 -0.8869906437624664 3.7653570944019004 0.0 0.0 0.0 0.0 0.0 0.0
392 -1.1850569911561273 0.09918407273427476 0.4451463361798078 0.0 0.0 0.0 0.0 0.0 0.0
393 2.019040217609123 2.961308801825309 0.91312257561035 0.0 0.0 0.0 0.0 0.0 0.0
394 -0.15673214259096113 -1.442710255816385 0.16590424574869544 0.0 0.0 0.0 0.0 0.0 0.0
395 -1.2034587962966512 1.9860537065888524 -0.8619407316976888 0.0 0.0 0.0 0.0 0.0 0.0
396 -3.400080193824863 -2.6699440533334604 0.530651935179252 0.0 0.0 0.0 0.0 0.0 0.0
397 2.968033173409209 -3.2055084728479786 2.644342929691139 0.0 0.0 0.0 0.0 0.0 0.0
398 -3.814042398087323 -3.186641874624992 2.5790634929891683 0.0 0.0 0.0 0.0 0.0 0.0
399 1.9760998794293112 0.35787484877369735 -2.318857505820022 0.0 0.0 0.0 0.0 0.0 0.0
400 2.937138743141362 -2.0131939865764377 -2.398985390725005 0.0 0.0 0.0 0.0 0.0 0.0
401 1.8292776340886086 -2.5871725716954455 -0.6144710046106798 0.0 0.0 0.0 0.0 0.0 0.0
402 -0.9800605674878957 2.4795525673221874 3.8047742622988574 0.0 0.0 0.0 0.0 0.0 0.0
403 3.6446092086937627 -1.442672959717414 -1.1575387856937613 0.0 0.0 0.0 0.0 0.0 0.0
404 -1.9052436883719794 2.1947775792401067 1.7479599918745174 0.0 0.0 0.0 0.0 0.0 0.0
405 -0.12542042355984417 -3.508956628656284 1.0387188559177654 0.0 0.0 0.0 0.0 0.0 0.0
406 0.5125513244626259 3.0110786532807152 0.4348097110826723 0.0 0.0 0.0 0.0 0.0 0.0
407 -0.8428645443316336 -0.34758314524330736 -3.7385481836694723 0.0 0.0 0.0 0.0 0.0 0.0
408 -2.4189396988125402 1.1258149428434132 -2.264143567361331 0.0 0.0 0.0 0.0 0.0 0.0
409 2.3005282197318664 1.6860881991648773 0.9221431311974406 0.0 0.0 0.0 0.0 0.0 0.0
410 2.2192350716193285 2.5018345498722168 -2.7186259896538836 0.0 0.0 0.0 0.0 0.0 0.0
411 -2.8194743506512543 2.401156835329189 -2.483245537217397 0.0 0.0 0.0 0.0 0.0 0.0
412 1.3236900199527586 -0.6595961933199428 1.9432872748470782 0.0 0.0 0.0 0.0 0.0 0.0
413 1.750036436011265 2.65639218707022 2.5795720955912005 0.0 0.0 0.0 0.0 0.0 0.0
414 1.8283671837951934 -3.9662936208469697 -1.9774598790380766 0.0 0.0 0.0 0.0 0.0 0.0
415 -0.28427449607149136 -2.282596231283615 1.5542460400146023 0.0 0.0 0.0 0.0 0.0 0.0
416 -2.74991587971276 3.7561924838079355 0.2900382885722568 0.0 0.0 0.0 0.0 0.0 0.0
417 -0.9635502504878071 -3.1236419172401675 1.9986020444114798 0.0 0.0 0.0 0.0 0.0 0.0
418 -3.671470272434026 0.07187386804319207 2.7414250300633265 0.0 0.0 0.0 0.0 0.0 0.0
419 -1.2405609907087198 2.5634896521678527 -0.5843261115144225 0.0 0.0 0.0 0.0 0.0 0.0
420 2.2469595209155235 -3.6279633597399465 3.181705256987251 0.0 0.0 0.0 0.0 0.0 0.0
421 1.1659345827839562 -0.3740793741126698 0.17807126486748803 0.0 0.0 0.0 0.0 0.0 0.0
422 -0.24682665009570304 0.482169703417922 0.5694399320111545 0.0 0.0 0.0 0.0 0.0 0.0
423 -0.9882193033859457 0.19061376901197669 -2.3647218164186423 0.0 0.0 0.0 0.0 0.0 0.0
424 -3.1319292643120837 3.5270126739922265 -3.3715980621695376 0.0 0.0 0.0 0.0 0.0 0.0
425 1.2518062230368692 -2.4600670905341993 -3.208091695019963 0.0 0.0 0.0 0.0 0.0 0.0
426 -0.9615652241504256 3.5096786010734347 -2.634040831508991 0.0 0.0 0.0 0.0 0.0 0.0
427 2.5275157605067555 -1.7137106993331814 -3.6304320119137836 0.0 0.0 0.0 0.0 0.0 0.0
428 -3.497584891129409 2.0961829033871497 1.6234842461898822 0.0 0.0 0.0 0.0 0.0 0.0
429 0.1462855066372457 1.8413113446748257 0.9284885804227478 0.0 0.0 0.0 0.0 0.0 0.0
430 0.6532936420865978 -3.868921114930684 1.8912791794693469 0.0 0.0 0.0 0.0 0.0 0.0
431 -1.931068225216067 0.4935981615206355 -0.7923988359969547 0.0 0.0 0.0 0.0 0.0 0.0
432 -2.7655411911071477 2.847121114414807 -1.8929472865062689 0.0 0.0 0.0 0.0 0.0 0.0
433 2.716856877346177 1.98856742257869 -3.067210348324747 0.0 0.0 0.0 0.0 0.0 0.0
434 3.75508716547688 1.4399494017604306 1.1289755493574987 0.0 0.0 0.0 0.0 0.0 0.0
435 1.5361110903421356 3.796476021355219 3.693208403778737 0.0 0.0 0.0 0.0 0.0 0.0
436 1.3968752186467057 -3.7980821898123907 -3.9752573371595235 0.0 0.0 0.0 0.0 0.0 0.0
437 -2.2714033199625643 2.204112447662534 1.3919658443167142 0.0 0.0 0.0 0.0 0.0 0.0
438 2.7719434922741666 0.5837314338481638 -1.3472584651278199 0.0 0.0 0.0 0.0 0.0 0.0
439 0.6861867395178232 -2.0053350245485086 3.795252762775359 0.0 0.0 0.0 0.0 0.0 0.0
440 -0.6598152117811509 2.212588547548238 0.3237027262797785 0.0 0.0 0.0 0.0 0.0 0.0
441 2.674939095980691 -0.67335235633898 -3.3274012365669954 0.0 0.0 0.0 0.0 0.0 0.0
442 -1.0311163102903578 0.9789370780201248 2.7799718909101205 0.0 0.0 0.0 0.0 0.0 0.0
443 -0.3365498429237537 -2.7600998047471244 -0.13135495556073362 0.0 0.0 0.0 0.0 0.0 0.0
444 -1.8854262445249406 -1.1089374056935792 -1.1135030426759638 0.0 0.0 0.0 0.0 0.0 0.0
445 3.4682000737196255 -0.9121527299732435 0.5783273097618968 0.0 0.0 0.0 0.0 0.0 0.0
446 1.7869051476154354 3.531077987181696 3.3843588500137374 0.0 0.0 0.0 0.0 0.0 0.0
447 -3.960276739979575 -3.8925910018842087 0.6158542914971052 0.0 0.0 0.0 0.0 0.0 0.0
448 -0.78891170404032 -3.684639974205724 -1.7323067454141636 0.0 0.0 0.0 0.0 0.0 0.0
449 -3.2869185077579477 2.246535251097388 3.118845261818885 0.0 0.0 0.0 0.0 0.0 0.0
450 3.608645034681941 3.766063387579634 0.3872531527761609 0.0 0.0 0.0 0.0 0.0 0.0
451 -3.4676659336669173 -1.2459340575333009 -3.227257007809456 0.0 0.0 0.0 0.0 0.0 0.0
452 -0.6211612319188689 -0.3462683712139727 2.3715874765680036 0.0 0.0 0.0 0.0 0.0 0.0
453 1.1593697750340848 -2.4397508351769934 -3.473366706454464 0.0 0.0 0.0 0.0 0.0 0.0
454 -1.356384477660769 -2.584120551767553 3.461251777646414 0.0 0.0 0.0 0.0 0.0 0.0
455 -3.376837784263458 3.9380114218164257 -2.2975604781986734 0.0 0.0 0.0 0.0 0.0 0.0
456 2.340422810641117 -1.0077720307551425 0.7409802028180055 0.0 0.0 0.0 0.0 0.0 0.0
457 0.22448356044098272 -2.0646727611213196 -1.6403438400360422 0.0 0.0 0.0 0.0 0.0 0.0
458 -1.5659591355492921 -2.7695078193362885 -0.04003867984720255 0.0 0.0 0.0 0.0 0.0 0.0
459 -0.42893455903985966 -0.9263035372240749 3.6850147655324292 0.0 0.0 0.0 0.0 0.0 0.0
460 -2.3132710459085883 1.5710138967616185 -3.6470821314759325 0.0 0.0 0.0 0.0 0.0 0.0
461 3.104934670685986 -2.6664406357515755 1.6565624717461311 0.0 0.0 0.0 0.0 0.0 0.0
462 2.6627456730499786 2.4302066943192644 1.2064195235811672 0.0 0.0 0.0 0.0 0.0 0.0
463 3.9387247652659028 1.2054538387157478 3.0438191082135875 0.0 0.0 0.0 0.0 0.0 0.0
464 -3.2490950081791166 2.4388877740990917 3.8635893152345187 0.0 0.0 0.0 0.0 0.0 0.0
465 -0.255946829142669 2.571852943405835 1.0976602610540782 0.0 0.0 0.0 0.0 0.0 0.0
466 -3.94677465122422 -0.3665743302321305 1.0345101154773166 0.0 0.0 0.0 0.0 0.0 0.0
467 1.4785896500080815 3.2298213188800116 -2.3735063211674436 0.0 0.0 0.0 0.0 0.0 0.0
468 -0.9371078154205996 -0.8578312427327415 -0.15766556833387924 0.0 0.0 0.0 0.0 0.0 0.0
469 3.478103472505758 -3.6778315648044986 2.7909086369100953 0.0 0.0 0.0 0.0 0.0 0.0
470 -1.2327372725919643 1.929585208707679 -0.8579819539868145 0.0 0.0 0.0 0.0 0.0 0.0
471 -1.809100610223516 3.457900834118485 0.7951550708081676 0.0 0.0 0.0 0.0 0.0 0.0
472 -3.398788421884527 3.9061814700792237 0.4075118136606646 0.0 0.0 0.0 0.0 0.0 0.0
473 2.584654774131322 3.969111859343352 1.4715991223464346 0.0 0.0 0.0 0.0 0.0 0.0
474 -1.3035763214638294 1.9224302472634784 -2.4951171927762807 0.0 0.0 0.0 0.0 0.0 0.0
475 2.0530047409087615 -1.2039805986367513 -0.3158322083054479 0.0 0.0 0.0 0.0 0.0 0.0
476 -2.3948527962762896 1.2853001141091296 -2.1270548706605314 0.0 0.0 0.0 0.0 0.0 0.0
477 3.24363407470711 0.28658270075830394 2.212883464218967 0.0 0.0 0.0 0.0 0.0 0.0
478 -1.7283658876608232 3.702898479056291 -2.7434797525421724 0.0 0.0 0.0 0.0 0.0 0.0
479 -3.3594716326811653 -2.13271032045105 1.900183708096466 0.0 0.0 0.0 0.0 0.0 0.0
480 0.30618588554676496 -1.2805626866667845 -2.0312738874739207 0.0 0.0 0.0 0.0 0.0 0.0
481 -3.8915133883459383 -3.898087580534357 -0.27429757554093825 0.0 0.0 0.0 0.0 0.0 0.0
482 3.1106872972713058 1.4634495933056062 2.4627058522125935 0.0 0.0 0.0 0.0 0.0 0.0
483 1.5494469879290653 1.1529062821650022 1.574176597470621 0.0 0.0 0.0 0.0 0.0 0.0
484 0.8694218252468708 0.9298959609969533 -2.632344398137967 0.0 0.0 0.0 0.0 0.0 0.0
485 0.7404615696035242 3.9638034269827864 1.7703638557255745 0.0 0.0 0.0 0.0 0.0 0.0
486 -3.0699153490502757 2.4349340861353914 -0.08689677620467506 0.0 0.0 0.0 0.0 0.0 0.0
487 -2.0488439673741823 -2.4932098813197605 3.9120289713500247 0.0 0.0 0.0 0.0 0.0 0.0
488 2.296091526904868 -3.697016365981548 -3.6779482801718704 0.0 0.0 0.0 0.0 0.0 0.0
489 -0.8377748071221687 1.1170098928903807 2.8932500758220234 0.0 0.0 0.0 0.0 0.0 0.0
490 0.5810986725376948 -2.5126247007267937 -2.9805544159995545 0.0 0.0 0.0 0.0 0.0 0.0
491 -2.8419179695487102 0.8746630989178916 2.376389893660951 0.0 0.0 0.0 0.0 0.0 0.0
492 3.1261909484769754 -0.7631103642136932 -2.8342591481405766 0.0 0.0 0.0 0.0 0.0 0.0
493 1.462285856066142 -2.6767739843943152 -2.724634063584114 0.0 0.0 0.0 0.0 0.0 0.0
494 -1.7557313795636054 -1.3217844478284402 3.4070061926966835 0.0 0.0 0.0 0.0 0.0 0.0
495 -1.2452337311046282 -3.3777874576439864 0.7678941561624946 0.0 0.0 0.0 0.0 0.0 0.0
496 -1.4459833526059125 -2.099405839915014 -3.3339071562678892 0.0 0.0 0.0 0.0 0.0 0.0
497 -3.6610035479604246 1.0012791109211419 -1.9592407398582878 0.0 0.0 0.0 0.0 0.0 0.0
498 -0.6236871016730108 2.9072347859526797 -0.24765551194980695 0.0 0.0 0.0 0.0 0.0 0.0
499 1.605897872886028 2.706361247715086 0.5251504413774057 0.0 0.0 0.0 0.0 0.0 0.0
500 0.31555174629389793 2.572471019062384 -2.5294304280162168 0.0 0.0 0.0 0.0 0.0 0.0
501 1.5451725142732204 2.2363452533590626 3.5796358060149993 0.0 0.0 0.0 0.0 0.0 0.0
502 2.6921413919267456 0.2665321695169851 -2.989903232021497 0.0 0.0 0.0 0.0 0.0 0.0
503 0.8355816371648492 1.5591922871965131 -1.600303646106247 0.0 0.0 0.0 0.0 0.0 0.0
504 1.4864945737868895 -3.93460491236815 -0.2563493202364979 0.0 0.0 0.0 0.0 0.0 0.0
505 -2.341236485858988 -2.927987918007938 1.9487753073950325 0.0 0.0 0.0 0.0 0.0 0.0
506 3.0489086607074407 0.614778050940421 0.37818092983811713 0.0 0.0 0.0 0.0 0.0 0.0
507 2.2933464817903984 -0.5071787649422523 0.6809850417769763 0.0 0.0 0.0 0.0 0.0 0.0
508 0.20257318886133824 2.4443306062514463 -3.746259704303599 0.0 0.0 0.0 0.0 0.0 0.0
509 -1.0286389463291759 -2.3313868445312176 -0.48810152292715525 0.0 0.0 0.0 0.0 0.0 0.0
510 -1.0554617523989869 -2.3872195118263395 0.6531303835997084 0.0 0.0 0.0 0.0 0.0 0.0
511 -1.9132059140717397 0.019112566560206545 -2.5579353491144863 0.0 0.0 0.0 0.0 0.0 0.0
512 -2.478713686366911 -1.5859782987511828 3.1720160950467085 0.0 0.0 0.0 0.0 0.0 0.0
513 0.5603374116542925 -1.3868010562991335 2.5517176580856535 0.0 0.0 0.0 0.0 0.0 0.0
514 -3.023495234098993 2.271994896746584 -2.9155411230945045 0.0 0.0 0.0 0.0 0.0 0.0
515 3.7642008277851753 2.7540282695915526 -3.649874942131932 0.0 0.0 0.0 0.0 0.0 0.0
516 2.101828942753543 3.3333518475304533 -1.7614116148559464 0.0 0.0 0.0 0.0 0.0 0.0
517 -2.8871685578204014 2.4534586054891223 -1.284292157627366 0.0 0.0 0.0 0.0 0.0 0.0
518 -3.719890328923799 3.4694302278826585 2.8808822312840414 0.0 0.0 0.0 0.0 0.0 0.0
519 1.673412782400133 3.594154743217495 2.5075342184842 0.0 0.0 0.0 0.0 0.0 0.0
520 -2.354500622130135 -0.4592526684103877 0.6270620893959844 0.0 0.0 0.0 0.0 0.0 0.0
521 1.9725389024011788 1.4902314530249798 -2.929740129898282 0.0 0.0 0.0 0.0 0.0 0.0
522 -1.5242415689333795 1.2606954270590691 3.4068595255573753 0.0 0.0 0.0 0.0 0.0 0.0
523 -1.741944737574988 1.0344453044267432 -0.5627439717298834 0.0 0.0 0.0 0.0 0.0 0.0
524 -1.4322535027008492 0.47424700631523997 2.3997225648118103 0.0 0.0 0.0 0.0 0.0 0.0
525 -3.424027443000176 1.916804857701866 0.5584744488335884 0.0 0.0 0.0 0.0 0.0 0.0
526 2.7361411494411607 1.474006083290571 3.173046247218842 0.0 0.0 0.0 0.0 0.0 0.0
527 -0.08332880587560787 3.758339875047369 0.8563971622116462 0.0 0.0 0.0 0.0 0.0 0.0
528 -2.4817328209579923 1.7910193696706118 -2.464416925068761 0.0 0.0 0.0 0.0 0.0 0.0
529 3.044829591545674 -0.1904642468587543 -2.1031986923728487 0.0 0.0 0.0 0.0 0.0 0.0
530 -2.6680011742958314 2.250758501089539 -1.2313954275975885 0.0 0.0 0.0 0.0 0.0 0.0
531 2.9158437359217215 -0.04980911926475429 -1.2481503781528485 0.0 0.0 0.0 0.0 0.0 0.0
532 1.7510588631257278 -3.1292737518773963 -3.381005898391334 0.0 0.0 0.0 0.0 0.0 0.0
533 3.546441272907513 -3.3192478594243173 1.8272497021772223 0.0 0.0 0.0 0.0 0.0 0.0
534 -3.9341145298358127 -2.7094909137514858 -2.9942194665085253 0.0 0.0 0.0 0.0 0.0 0.0
535 -0.23137633812512792 1.6330843370119572 0.02783877906999699 0.0 0.0 0.0 0.0 0.0 0.0
536 2.4110949088922657 -3.7160555100809436 -0.542413970326109 0.0 0.0 0.0 0.0 0.0 0.0
537 1.605704237525151 2.0171634585936165 2.5485509112487295 0.0 0.0 0.0 0.0 0.0 0.0
538 0.13268301531400262 1.3233872352617446 -3.595270040845385 0.0 0.0 0.0 0.0 0.0 0.0
539 0.3236732598350489 1.63353134338821 -3.0487376050348223 0.0 0.0 0.0 0.0 0.0 0.0
540 -0.707039556615884 3.7746751074516007 2.495906718521569 0.0 0.0 0.0 0.0 0.0 0.0
541 -3.799296137378909 -0.5089086091409749 1.0133170800551916 0.0 0.0 0.0 0.0 0.0 0.0
542 3.1292646814637406 1.0839961327081173 0.02677048859820097 0.0 0.0 0.0 0.0 0.0 0.0
543 -1.610741050997663 0.5226581327546009 2.3366426616282228 0.0 0.0 0.0 0.0 0.0 0.0
544 -1.542388970763767 -1.574247738205937 -3.9607206422156294 0.0 0.0 0.0 0.0 0.0 0.0
545 -0.9068731967603307 -2.7051518760194897 3.5187251776302846 0.0 0.0 0.0 0.0 0.0 0.0
546 0.5192458629294494 0.04532152773762288 3.094640692371181 0.0 0.0 0.0 0.0 0.0 0.0
547 3.6254234815415813 -0.8897942720836145 2.761192482500321 0.0 0.0 0.0 0.0 0.0 0.0
548 -2.1791204192384894 -2.5720927507727156 0.2319529910903242 0.0 0.0 0.0 0.0 0.0 0.0
549 -2.929244408329322 -2.6280003191835304 2.58843498254838 0.0 0.0 0.0 0.0 0.0 0.0
550 -2.197492496073739 0.5351244959063557 -0.9744505514460577 0.0 0.0 0.0 0.0 0.0 0.0
551 0.3165909565911358 -1.5534446861430968 3.162150949572899 0.0 0.0 0.0 0.0 0.0 0.0
552 0.11075036116106851 3.7838252950506774 0.3300609510160317 0.0 0.0 0.0 0.0 0.0 0.0
553 0.592362589837566 2.519398803995312 3.9359524618643924 0.0 0.0 0.0 0.0 0.0 0.0
554 -3.6439095263208383 -1.4317784337964605 2.7557229735941826 0.0 0.0 0.0 0.0 0.0 0.0
555 1.292418634164993 1.049051330619963 -3.9723723944094163 0.0 0.0 0.0 0.0 0.0 0.0
556 -3.9469386568928586 3.8951793411131286 0.02053552342835463 0.0 0.0 0.0 0.0 0.0 0.0
557 0.48017643459198656 -0.6082335105542516 -0.9639676160786799 0.0 0.0 0.0 0.0 0.0 0.0
558 1.869392129909822 1.2977864335339016 -0.346804864459088 0.0 0.0 0.0 0.0 0.0 0.0
559 1.4323595343706463 3.848149908112682 -3.2732365516096324 0.0 0.0 0.0 0.0 0.0 0.0
560 1.279018899539638 -2.5313430771036005 0.5051754628250098 0.0 0.0 0.0 0.0 0.0 0.0
561 1.8276451590116283 1.9053251558738564 1.9918488742840905 0.0 0.0 0.0 0.0 0.0 0.0
562 0.3940698122489632 3.761604675163861 -2.640245391524261 0.0 0.0 0.0 0.0 0.0 0.0
563 -2.14433768879434 1.409896741856124 2.8694614677044177 0.0 0.0 0.0 0.0 0.0 0.0
564 3.2988289853545307 1.1555094034528235 1.7115073034772887 0.0 0.0 0.0 0.0 0.0 0.0
565 2.2725898962588387 0.4467054035730271 0.82276721113106 0.0 0.0 0.0 0.0 0.0 0.0
566 0.4016783479195283 -1.5824001220808457 3.626677957052612 0.0 0.0 0.0 0.0 0.0 0.0
567 -3.834937546584018 -0.05395925418401415 -2.7276603264077828 0.0 0.0 0.0 0.0 0.0 0.0
568 2.617687287189028 -3.713614968560445 -0.6634898358800632 0.0 0.0 0.0 0.0 0.0 0.0
569 -1.1558184451071902 -3.0210186740834386 -3.969511360759274 0.0 0.0 0.0 0.0 0.0 0.0
570 3.4152388372069877 -1.28921977219282 -1.5360716046406466 0.0 0.0 0.0 0.0 0.0 0.0
571 -0.581654813156538 1.0584247992240456 2.5267888066325757 0.0 0.0 0.0 0.0 0.0 0.0
572 -0.7217745424244422 -1.7911259490312998 2.9389375838265863 0.0 0.0 0.0 0.0 0.0 0.0
573 1.547855183738994 1.5484743396364538 -0.20977387290709792 0.0 0.0 0.0 0.0 0.0 0.0
574 0.5455524273077978 1.0730051379577539 -2.7478257378870525 0.0 0.0 0.0 0.0 0.0 0.0
575 1.5972187214239408 3.727503034414366 -1.3657353160665844 0.0 0.0 0.0 0.0 0.0 0.0
576 0.013361288632872892 -0.5974753059710913 2.3500883791161034 0.0 0.0 0.0 0.0 0.0 0.0
577 0.6785800588293158 -0.5506155672774886 0.5426676814314257 0.0 0.0 0.0 0.0 0.0 0.0
578 -3.44974519075891 2.670718091731951 2.702063428429879 0.0 0.0 0.0 0.0 0.0 0.0
579 -3.993377815965739 2.8561354020169096 3.0288035622226293 0.0 0.0 0.0 0.0 0.0 0.0
580 3.025732619108765 -1.589997109970903 -0.8997284909720769 0.0 0.0 0.0 0.0 0.0 0.0
581 -3.4615319407037815 -1.5756368637017832 -2.2506497141132398 0.0 0.0 0.0 0.0 0.0 0.0
582 3.881949592250473 2.852755162374682 -2.833135740342642 0.0 0.0 0.0 0.0 0.0 0.0
583 0.19837731934241987 -1.929787682142904 3.029687455439344 0.0 0.0 0.0 0.0 0.0 0.0
584 -0.31002168544298847 -3.7082762691758777 -2.4499621488295524 0.0 0.0 0.0 0.0 0.0 0.0
585 -2.939517855046696 -3.69486409220775 1.893591465901327 0.0 0.0 0.0 0.0 0.0 0.0
586 1.3213630710039501 -0.14596241646596742 -1.2176871156583307 0.0 0.0 0.0 0.0 0.0 0.0
587 -2.5637950334274766 0.30857932481920436 -3.2142912801077577 0.0 0.0 0.0 0.0 0.0 0.0
588 3.0865063820442096 0.38605215430018536 2.9085162823812514 0.0 0.0 0.0 0.0 0.0 0.0
589 0.21218558891092432 -3.6855931645803617 -0.9366255684249651 0.0 0.0 0.0 0.0 0.0 0.0
590 -0.6117133849237719 0.5350779520326121 -3.557344085213887 0.0 0.0 0.0 0.0 0.0 0.0
591 3.506481659141425 2.0026961483342927 0.4055915829514882 0.0 0.0 0.0 0.0 0.0 0.0
592 2.8948061430157512 -2.0976888976497854 2.935610410704104 0.0 0.0 0.0 0.0 0.0 0.0
593 -0.4369914038299889 -1.4776817797043327 -0.6400986749525774 0.0 0.0 0.0 0.0 0.0 0.0
594 -2.6821729205081395 -3.4551385676700885 -1.9256218105425056 0.0 0.0 0.0 0.0 0.0 0.0
595 -1.8717660013186146 -3.547258850109543 -3.8323852702589223 0.0 0.0 0.0 0.0 0.0 0.0
596 -0.810774375298938 -0.6054107055871487 -1.8642671324375177 0.0 0.0 0.0 0.0 0.0 0.0
597 3.832488970366378 2.86784808227978 3.9788987382576604 0.0 0.0 0.0 0.0 0.0 0.0
598 2.8205104227163016 0.7219203526822664 -2.155728184306076 0.0 0.0 0.0 0.0 0.0 0.0
599 -1.6802198148363274 -3.6941655218300697 2.125739651008298 0.0 0.0 0.0 0.0 0.0 0.0
600 2.6155958911126556 -3.9231744799830865 2.036602744288447 0.0 0.0 0.0 0.0 0.0 0.0
601 0.08370568586736749 -1.278579699559243 3.251184105342576 0.0 0.0 0.0 0.0 0.0 0.0
602 0.4423944683375485 -2.7875742216840393 0.7770928487602422 0.0 0.0 0.0 0.0 0.0 0.0
603 1.2358570842486438 -3.9515631034226866 1.0539197744770572 0.0 0.0 0.0 0.0 0.0 0.0
604 2.3129840524833254 -0.6885781753400426 3.0940502134630767 0.0 0.0 0.0 0.0 0.0 0.0
605 2.0662563663908866 1.9482626989719636 2.3623691180501023 0.0 0.0 0.0 0.0 0.0 0.0
606 2.0097816840583924 -3.168634285379172 -0.6839401116970141 0.0 0.0 0.0 0.0 0.0 0.0
607 -3.3879604835857124 -1.071438326426918 1.9415226139197843 0.0 0.0 0.0 0.0 0.0 0.0
608 -2.503535218827979 -3.6242736679012673 -1.746537880537005 0.0 0.0 0.0 0.0 0.0 0.0
609 3.1281617652153972 0.577462810870184 -1.3590797301382302 0.0 0.0 0.0 0.0 0.0 0.0
610 2.147331957828623 -0.6750283487614936 2.9387589101603524 0.0 0.0 0.0 0.0 0.0 0.0
611 2.381203918669888 3.361340651314941 -1.4860994950648116 0.0 0.0 0.0 0.0 0.0 0.0
612 3.743837608942723 -0.9673022096794588 -1.6872612818115282 0.0 0.0 0.0 0.0 0.0 0.0
613 -3.642449488424817 -3.5495803968303763 -1.0976281554549967 0.0 0.0 0.0 0.0 0.0 0.0
614 2.6638887943746585 2.4207180385558154 3.6593427072907865 0.0 0.0 0.0 0.0 0.0 0.0
615 2.135439598388661 2.7754428567227967 1.1043228372432656 0.0 0.0 0.0 0.0 0.0 0.0
616 -1.9867904124848552 -1.911637114941307 -3.806852003798891 0.0 0.0 0.0 0.0 0.0 0.0
617 1.7824265010570208 -0.11460392004886888 -2.294922132012612 0.0 0.0 0.0 0.0 0.0 0.0
618 -3.0972367841281114 -0.48811005680539576 3.855694937543783 0.0 0.0 0.0 0.0 0.0 0.0
619 2.053324060698724 -2.1258609761560727 -3.9320618488492567 0.0 0.0 0.0 0.0 0.0 0.0
620 -3.0542683190831976 2.989286152939668 1.5828389190899586 0.0 0.0 0.0 0.0 0.0 0.0
621 2.4195068849508337 1.9426879991023105 -3.459508986234063 0.0 0.0 0.0 0.0 0.0 0.0
622 -2.6167922839692457 3.3742909876601104 -0.12386311470129474 0.0 0.0 0.0 0.0 0.0 0.0
623 -2.632206876412896 1.9191803407671832 -2.153580695174023 0.0 0.0 0.0 0.0 0.0 0.0
624 -0.6084899836385933 3.211067485993473 -1.2104751330371224 0.0 0.0 0.0 0.0 0.0 0.0
625 -0.06842977979970932 1.3748302270615156 -0.558056209511963 0.0 0.0 0.0 0.0 0.0 0.0
626 -3.158732144769731 -3.759257979711311 1.9390042694488114 0.0 0.0 0.0 0.0 0.0 0.0
627 2.918772789825298 -0.31116012484419997 3.6619109288087826 0.0 0.0 0.0 0.0 0.0 0.0
628 0.6725009606985966 0.5316363694927615 -0.932158220708815 0.0 0.0 0.0 0.0 0.0 0.0
629 -1.0287507727779586 -1.113518412367112 2.5481320400117458 0.0 0.0 0.0 0.0 0.0 0.0
630 3.85514208565069 0.23752708856886073 -0.3165016179411566 0.0 0.0 0.0 0.0 0.0 0.0
631 -0.5383233646530545 3.0343254488527283 -2.7246818904368544 0.0 0.0 0.0 0.0 0.0 0.0
632 -0.8814737418133634 -2.2350513689655855 2.5807778016868985 0.0 0.0 0.0 0.0 0.0 0.0
633 2.0640164717466902 -1.6105765003011445 1.4186988368884688 0.0 0.0 0.0 0.0 0.0 0.0
634 -3.6098815566497224 -0.6712280305309513 0.6933540506463451 0.0 0.0 0.0 0.0 0.0 0.0
635 -3.613100084058675 3.2834696900666884 -0.3955384150524113 0.0 0.0 0.0 0.0 0.0 0.0
636 -3.956438385151861 2.6355665619750237 -0.6889725209052138 0.0 0.0 0.0 0.0 0.0 0.0
637 -0.8402865891307947 -0.767780494838572 -1.634167405299694 0.0 0.0 0.0 0.0 0.0 0.0
638 -3.019732270595491 0.08385028900615943 3.62855002684241 0.0 0.0 0.0 0.0 0.0 0.0
639 -1.9835803941400645 -1.5175879473739977 -1.0339885843047174 0.0 0.0 0.0 0.0 0.0 0.0
640 0.632389110024735 3.323989036268788 -1.2197919409132334 0.0 0.0 0.0 0.0 0.0 0.0
641 1.740230090554494 1.3465634326351328 -0.4614867449518236 0.0 0.0 0.0 0.0 0.0 0.0
642 -0.3721761241363737 -3.576698447906968 -3.2207590158248305 0.0 0.0 0.0 0.0 0.0 0.0
643 -3.5597440724530838 3.2597150458060176 -2.0802406132098445 0.0 0.0 0.0 0.0 0.0 0.0
644 -1.8416042688884557 -2.3101755548951814 -3.385499219844494 0.0 0.0 0.0 0.0 0.0 0.0
645 -3.5549288255074556 -2.8968817465948797 -1.6403031281275666 0.0 0.0 0.0 0.0 0.0 0.0
646 -2.2253672528103072 0.28487053456387823 -1.1708954431530767 0.0 0.0 0.0 0.0 0.0 0.0
647 1.4755065076034226 3.6056257609240605 0.0680807907735197 0.0 0.0 0.0 0.0 0.0 0.0
648 -2.208954388657019 -2.5764972750498707 1.843150958608824 0.0 0.0 0.0 0.0 0.0 0.0
649 3.018731380400114 -2.3526945984138603 3.9499451612245657 0.0 0.0 0.0 0.0 0.0 0.0
650 3.5496228270235077 1.2883920384039813 -0.6644091152358271 0.0 0.0 0.0 0.0 0.0 0.0
651 0.7866457723952074 1.797906761460749 -3.3661264587169377 0.0 0.0 0.0 0.0 0.0 0.0
652 -1.705715268540592 2.6650023884566583 1.1304518145569062 0.0 0.0 0.0 0.0 0.0 0.0
653 -1.1919328653773382 -0.7945861620882066 2.2010223354873224 0.0 0.0 0.0 0.0 0.0 0.0
654 1.4245594332874694 -2.587792013184818 -0.6478344670322667 0.0 0.0 0.0 0.0 0.0 0.0
655 2.073186113927881 -3.177475924810124 2.8041129600304897 0.0 0.0 0.0 0.0 0.0 0.0
656 -0.20008435361905796 1.0818476250292397 1.8913245788683941 0.0 0.0 0.0 0.0 0.0 0.0
657 0.319239319853021 -3.0937672137173466 -0.7026886298704564 0.0 0.0 0.0 0.0 0.0 0.0
658 -2.3666309019642044 -0.28949416053206267 1.9103978634857501 0.0 0.0 0.0 0.0 0.0 0.0
659 -0.12033961857706466 -3.278922067791508 -2.0277989890782786 0.0 0.0 0.0 0.0 0.0 0.0
660 -0.47450477152735626 3.8091241114328245 1.8060570106029434 0.0 0.0 0.0 0.0 0.0 0.0
661 -2.354186132003383 1.1215221657238006 -0.017684689645808938 0.0 0.0 0.0 0.0 0.0 0.0
662 -1.2056930528387095 -3.9214400120894037 -2.5760698887193394 0.0 0.0 0.0 0.0 0.0 0.0
663 -0.7932122542945299 2.207757662884938 1.6486546260264756 0.0 0.0 0.0 0.0 0.0 0.0
664 -2.7119754626474215 2.4358317808790675 -3.3739146583675135 0.0 0.0 0.0 0.0 0.0 0.0
665 -3.090416953960543 2.4863295811100974 2.962402805126998 0.0 0.0 0.0 0.0 0.0 0.0
666 2.102000285409579 3.6021560535366737 -0.113285574934757 0.0 0.0 0.0 0.0 0.0 0.0
667 -0.09037792617720442 -2.266739313117676 -3.2346386133203886 0.0 0.0 0.0 0.0 0.0 0.0
668 1.2635164809474553 1.1846702738013084 3.0351127269209854 0.0 0.0 0.0 0.0 0.0 0.0
669 2.8671641820150393 2.7356616311327935 -3.565714102902449 0.0 0.0 0.0 0.0 0.0 0.0
670 -1.1107354779601506 0.13968661890177003 -3.3313661025118613 0.0 0.0 0.0 0.0 0.0 0.0
671 -0.4773826252748483 -2.3547186126717863 -3.9046983210245134 0.0 0.0 0.0 0.0 0.0 0.0
672 -2.2053966969857672 -0.6069307740204151 -3.4567728416333745 0.0 0.0 0.0 0.0 0.0 0.0
673 1.2513473014917436 -0.003714299177022262 0.4583778131741223 0.0 0.0 0.0 0.0 0.0 0.0
674 1.4513477813473656 0.41401155998041705 -2.305624216006506 0.0 0.0 0.0 0.0 0.0 0.0
675 0.5679175157823293 0.8992383862654272 -1.2041231639000012 0.0 0.0 0.0 0.0 0.0 0.0
676 -1.1763449001236692 -1.7551670123641712 2.159678721844916 0.0 0.0 0.0 0.0 0.0 0.0
677 -0.48181174285088435 3.679313901283062 1.9734636671590344 0.0 0.0 0.0 0.0 0.0 0.0
678 -2.9613047651620015 3.4414973169160277 3.5995890692812083 0.0 0.0 0.0 0.0 0.0 0.0
679 2.4924555008158533 -3.717626177019614 0.15486789612322482 0.0 0.0 0.0 0.0 0.0 0.0
680 -1.7869078506575082 2.636736444691069 -2.477213191617735 0.0 0.0 0.0 0.0 0.0 0.0
681 3.9429465382353817 0.48597143916470475 1.9859818779605662 0.0 0.0 0.0 0.0 0.0 0.0
682 1.0423333237972017 -3.627948867553399 -3.9114562748877786 0.0 0.0 0.0 0.0 0.0 0.0
683 -3.570410748160623 -0.7794905358907291 1.9062164948098959 0.0 0.0 0.0 0.0 0.0 0.0
684 -0.8549021325510289 3.1740000537271458 1.4681719412133791 0.0 0.0 0.0 0.0 0.0 0.0
685 -2.3439519190133513 0.7572528977280406 2.1662755475770457 0.0 0.0 0.0 0.0 0.0 0.0
686 -3.739811328080549 -0.316384986556435 -2.7880673022892504 0.0 0.0 0.0 0.0 0.0 0.0
687 -3.8526818426967084 -0.3107808364204452 -3.4100710467515523 0.0 0.0 0.0 0.0 0.0 0.0
688 -3.7272437345462484 -0.5234577066421542 -0.33402797576979903 0.0 0.0 0.0 0.0 0.0 0.0
689 -1.9040902631710113 2.6724813471934707 3.941032436465292 0.0 0.0 0.0 0.0 0.0 0.0
690 -2.6700906382899348 2.367620249343763 -2.772532913959111 0.0 0.0 0.0 0.0 0.0 0.0
691 -1.6666012344137071 1.8616850188104639 -0.7307740887289658 0.0 0.0 0.0 0.0 0.0 0.0
692 -2.5696864079228963 -0.6434751776315801 1.2412226461704394 0.0 0.0 0.0 0.0 0.0 0.0
693 0.15141231232602692 -2.7736418520939035 -0.17520273824884836 0.0 0.0 0.0 0.0 0.0 0.0
694 -3.705063179952667 -1.3007630519541928 -0.9096636249068686 0.0 0.0 0.0 0.0 0.0 0.0
695 0.08418973913000816 -3.926726919457722 -2.1551417599531293 0.0 0.0 0.0 0.0 0.0 0.0
696 -0.24607933416667294 2.952943890223051 -3.01210550751398 0.0 0.0 0.0 0.0 0.0 0.0
697 0.9754294159643067 3.1683314303535752 3.69431561475675 0.0 0.0 0.0 0.0 0.0 0.0
698 -3.8522069573774083 2.0743367236034276 -0.6223829729990031 0.0 0.0 0.0 0.0 0.0 0.0
699 0.201253148730828 1.5360950957180322 3.271986562285372 0.0 0.0 0.0 0.0 0.0 0.0
700 1.7987668528561063 -0.8741824427201204 -1.3421058471600018 0.0 0.0 0.0 0.0 0.0 0.0
701 3.5702073489056385 0.6101870951330897 -2.4311025387549394 0.0 0.0 0.0 0.0 0.0 0.0
702 3.5145480338452444 -2.5982095573727895 -0.576178575476681 0.0 0.0 0.0 0.0 0.0 0.0
703 3.0642196767666965 2.0759818817206144 -3.412426865652564 0.0 0.0 0.0 0.0 0.0 0.0
704 -1.2630634169542256 -1.5273831022107762 2.9402163239256733 0.0 0.0 0.0 0.0 0.0 0.0
705 -1.4783316713469832 2.8897027644648583 -0.4538435572086863 0.0 0.0 0.0 0.0 0.0 0.0
706 -0.5149270728743245 -0.18393697264508102 2.444955933269088 0.0 0.0 0.0 0.0 0.0 0.0
707 -2.1912356321629565 3.6551646785636907 2.7953157502075587 0.0 0.0 0.0 0.0 0.0 0.0
708 2.692741557132549 2.5632124462627743 1.0851027018538604 0.0 0.0 0.0 0.0 0.0 0.0
709 -0.4445228976028952 -2.689260076373552 3.193325236606987 0.0 0.0 0.0 0.0 0.0 0.0
710 1.0936434135698185 2.0153879400795445 -0.6198768810797075 0.0 0.0 0.0 0.0 0.0 0.0
711 -2.895418616499466 3.4078725013494946 2.6504413523340506 0.0 0.0 0.0 0.0 0.0 0.0
712 1.8166967073996396 3.5655695091303894 -1.0284474190703756 0.0 0.0 0.0 0.0 0.0 0.0
713 -0.12775406040571813 3.271285410437378 -3.3755607154827363 0.0 0.0 0.0 0.0 0.0 0.0
714 -0.3355648897263803 1.5880130398149266 -2.023672089136322 0.0 0.0 0.0 0.0 0.0 0.0
715 -2.02777700764804 -1.5686180742630826 -1.50763609552211 0.0 0.0 0.0 0.0 0.0 0.0
716 1.0170189745444933 -1.6809889794975508 2.2047688069197386 0.0 0.0 0.0 0.0 0.0 0.0
717 3.6782371138601713 -2.6061031845956606 3.589627310703907 0.0 0.0 0.0 0.0 0.0 0.0
718 0.7441308679522827 0.7183170020205845 -3.625604596407906 0.0 0.0 0.0 0.0 0.0 0.0
719 3.7492545203655068 1.9086753454409227 2.677115437075461 0.0 0.0 0.0 0.0 0.0 0.0
720 1.876594570259157 -1.2518419048082778 3.842923682253729 0.0 0.0 0.0 0.0 0.0 0.0
721 -0.7576047121552101 0.08797333241698535 0.7792168131289232 0.0 0.0 0.0 0.0 0.0 0.0
722 0.9521161949818335 1.6969042389623281 -2.4578626555765926 0.0 0.0 0.0 0.0 0.0 0.0
723 0.5878544240439938 1.0042406315812444 -2.865601903232312 0.0 0.0 0.0 0.0 0.0 0.0
724 3.3577609541927167 -3.7427329791264494 -3.020629637292192 0.0 0.0 0.0 0.0 0.0 0.0
725 2.8015652706998404 -3.3321396978327753 -2.4932119988622805 0.0 0.0 0.0 0.0 0.0 0.0
726 0.4023698006443537 -0.7085707799948979 0.6056872751025555 0.0 0.0 0.0 0.0 0.0 0.0
727 -1.1340001977038119 -2.6883496437453855 -3.3185219129621677 0.0 0.0 0.0 0.0 0.0 0.0
728 -1.1823219355098882 0.4671675985318835 -2.5571061733616167 0.0 0.0 0.0 0.0 0.0 0.0
729 -1.3888337071810328 3.402943917593414 1.0708529806835836 0.0 0.0 0.0 0.0 0.0 0.0
730 -3.817359077246536 2.6533427679630543 -0.7501114228902752 0.0 0.0 0.0 0.0 0.0 0.0
731 2.937852742268843 1.698102297332829 -1.7690957787900174 0.0 0.0 0.0 0.0 0.0 0.0
732 3.2377243410325702 1.9814826691472476 3.272944457565626 0.0 0.0 0.0 0.0 0.0 0.0
733 1.918749135071141 0.5193989714141773 -0.4567491524271352 0.0 0.0 0.0 0.0 0.0 0.0
734 3.2760022306874674 -3.34186033413548 -3.4643980675301496 0.0 0.0 0.0 0.0 0.0 0.0
735 -0.9057801465105788 -0.878303224534597 -0.475068699417867 0.0 0.0 0.0 0.0 0.0 0.0
736 0.023871532910989757 1.0317859640353433 -1.9884203281028654 0.0 0.0 0.0 0.0 0.0 0.0
737 -3.7132748304137415 1.552262139601182 -2.1055787400895314 0.0 0.0 0.0 0.0 0.0 0.0
738 -0.9088722949755788 3.1490649502676 -1.0506697537499088 0.0 0.0 0.0 0.0 0.0 0.0
739 2.4534023577605764 -1.560128587670107 0.13255435664016257 0.0 0.0 0.0 0.0 0.0 0.0
740 0.8850879796608151 -2.0717323514530106 3.3447132092840315 0.0 0.0 0.0 0.0 0.0 0.0
741 -1.137232171066457 -2.1056729646800125 -3.9590103735542392 0.0 0.0 0.0 0.0 0.0 0.0
742 0.8922962351335642 3.112035308064832 0.6038257779692655 0.0 0.0 0.0 0.0 0.0 0.0
743 1.8974249893995365 -3.851000511566407 1.4142561142512324 0.0 0.0 0.0 0.0 0.0 0.0
744 -3.393472047691928 2.2843037675843725 -2.974358017976278 0.0 0.0 0.0 0.0 0.0 0.0
745 3.11092578179834 -1.4700482240096964 -0.13837887359668866 0.0 0.0 0.0 0.0 0.0 0.0
746 0.6998131409909529 -2.3895188185843423 3.159182506766001 0.0 0.0 0.0 0.0 0.0 0.0
747 2.262414619522872 -0.008592402291523804 2.4473215831676116 0.0 0.0 0.0 0.0 0.0 0.0
748 -3.128446279678414 -0.1892331932036848 2.666109199999095 0.0 0.0 0.0 0.0 0.0 0.0
749 1.0207784871618966 -1.6222285784137949 1.5544852289118465 0.0 0.0 0.0 0.0 0.0 0.0
750 1.6001960707454188 -2.3645590433807344 2.1255856979503536 0.0 0.0 0.0 0.0 0.0 0.0
751 -1.7579244714582787 -3.204905105916426 3.5667074234996923 0.0 0.0 0.0 0.0 0.0 0.0
752 -2.7025975044375476 1.6287387544999037 2.971882460567249 0.0 0.0 0.0 0.0 0.0 0.0
753 1.2120229169582935 -3.272465984235634 -1.4000415981017929 0.0 0.0 0.0 0.0 0.0 0.0
754 2.836578004344366 0.824898239509233 -0.19154714331983147 0.0 0.0 0.0 0.0 0.0 0.0
755 -1.068078164489351 -3.573186078803168 3.3849787870384107 0.0 0.0 0.0 0.0 0.0 0.0
756 0.4737425234484789 -3.275277455327795 -3.264912680577752 0.0 0.0 0.0 0.0 0.0 0.0
757 -1.731734950371112 3.942706241930069 -3.1694689329949943 0.0 0.0 0.0 0.0 0.0 0.0
758 0.7219667655874558 2.5005649212802084 -0.12258422348129816 0.0 0.0 0.0 0.0 0.0 0.0
759 -2.8393301486251445 -1.205101863668098 -1.1176207588568747 0.0 0.0 0.0 0.0 0.0 0.0
760 3.668138579073444 -1.0838302914707656 2.702556753807918 0.0 0.0 0.0 0.0 0.0 0.0
761 -1.3665187089878037 3.072203667595736 1.2873022954778532 0.0 0.0 0.0 0.0 0.0 0.0
762 0.6684751928851522 -3.7928397464417403 3.1564001425472146 0.0 0.0 0.0 0.0 0.0 0.0
763 2.1199418531030974 2.9513647454017153 -0.2610025919539467 0.0 0.0 0.0 0.0 0.0 0.0
764 -0.8252172580384416 1.1296483976435727 3.651507683494704 0.0 0.0 0.0 0.0 0.0 0.0
765 -1.2785927328977706 -1.4236375909552041 3.7716896232434314 0.0 0.0 0.0 0.0 0.0 0.0
766 0.17356430650655508 -1.4235775785314777 1.2268230154283222 0.0 0.0 0.0 0.0 0.0 0.0
767 -1.7507269696499934 2.2397656576573857 -0.8275935713073395 0.0 0.0 0.0 0.0 0.0 0.0
768 -2.5292695609178537 3.9587427636195978 -0.3584338684700148 0.0 0.0 0.0 0.0 0.0 0.0
769 -0.8109998238034999 -1.2040227893478033 -3.408503516367322 0.0 0.0 0.0 0.0 0.0 0.0
770 1.6480834653904415 -3.3361418602812813 3.975159336447839 0.0 0.0 0.0 0.0 0.0 0.0
771 -0.5791996474886334 1.2338979486359944 -0.7148669864742692 0.0 0.0 0.0 0.0 0.0 0.0
772 -0.9965399102813528 2.453186212445357 -0.8537515346973095 0.0 0.0 0.0 0.0 0.0 0.0
773 -1.9166134725700434 1.3453132788353832 2.371790011154687 0.0 0.0 0.0 0.0 0.0 0.0
774 1.165863368016474 0.20529053745141468 2.5304740153164405 0.0 0.0 0.0 0.0 0.0 0.0
775 -1.0417896285872592 0.2944171389866703 0.20681275459671067 0.0 0.0 0.0 0.0 0.0 0.0
776 -1.5039367939025272 -2.0919780412828706 2.3878526850033746 0.0 0.0 0.0 0.0 0.0 0.0
777 3.0274976067721235 -1.6210790416467225 -2.4400110026557895 0.0 0.0 0.0 0.0 0.0 0.0
778 1.9217483997357547 1.4353331861365728 -1.469912379468516 0.0 0.0 0.0 0.0 0.0 0.0
779 -3.898928166778907 0.07925714761491509 0.8264850631009999 0.0 0.0 0.0 0.0 0.0 0.0
780 -0.9564572213966693 -0.3822917951628071 1.6384215614932325 0.0 0.0 0.0 0.0 0.0 0.0
781 1.94988285542121 1.4051825360101002 -1.98841616938848 0.0 0.0 0.0 0.0 0.0 0.0
782 -1.2065832072658855 2.438627573494429 -1.0051626758960355 0.0 0.0 0.0 0.0 0.0 0.0
783 -1.4048319731173677 2.4713239090358696 0.726985556243199 0.0 0.0 0.0 0.0 0.0 0.0
784 -1.3676812681052057 -3.1205764937510843 1.0479422826898572 0.0 0.0 0.0 0.0 0.0 0.0
785 -3.588438812131118 0.5119129377635625 -3.069988555348673 0.0 0.0 0.0 0.0 0.0 0.0
786 3.7710855069229368 0.3838837862422846 1.0999149074384365 0.0 0.0 0.0 0.0 0.0 0.0
787 -3.818032629550877 -1.53687184662851 -2.087616152102794 0.0 0.0 0.0 0.0 0.0 0.0
788 -3.190108304457416 -3.814240088885793 -3.706220278775154 0.0 0.0 0.0 0.0 0.0 0.0
789 -3.092418971139301 3.207848530688958 -1.293397291707497 0.0 0.0 0.0 0.0 0.0 0.0
790 0.05327337458113668 1.0306455796413916 2.764956101778691 0.0 0.0 0.0 0.0 0.0 0.0
791 2.490031378853156 1.087711290735248 2.2557272266308193 0.0 0.0 0.0 0.0 0.0 0.0
792 1.0980973569346117 2.1359939062842965 2.0284486843302867 0.0 0.0 0.0 0.0 0.0 0.0
793 1.7956605061063042 -3.6487283821086143 3.802260142380299 0.0 0.0 0.0 0.0 0.0 0.0
794 -1.8971198362481125 2.0899777815844036 -0.2566999162004846 0.0 0.0 0.0 0.0 0.0 0.0
795 3.5742698699430706 3.353833468312035 -1.4804274835697608 0.0 0.0 0.0 0.0 0.0 0.0
796 -2.0371583830382587 -0.9364967915438935 -3.4123915059129795 0.0 0.0 0.0 0.0 0.0 0.0
797 -1.5349826781722475 2.4441326524990528 -1.5883323985990403 0.0 0.0 0.0 0.0 0.0 0.0
798 0.31137126022434014 0.7540285726899585 -3.0732091464637064 0.0 0.0 0.0 0.0 0.0 0.0
799 -2.3771575203494875 -3.724272351175445 2.912363703184557 0.0 0.0 0.0 0.0 0.0 0.0
800 0.8440000561065579 -1.083349624478414 0.9435911510789037 0.0 0.0 0.0 0.0 0.0 0.0
801 -3.4726698500439603 -3.343287524246933 3.0990930365387186 0.0 0.0 0.0 0.0 0.0 0.0
802 -1.1297169329790462 -3.1060903339830137 -2.772175461895279 0.0 0.0 0.0 0.0 0.0 0.0
803 -0.9356215834874391 -0.3866011109431078 0.43240569345213764 0.0 0.0 0.0 0.0 0.0 0.0
804 -3.4072297151013258 -2.5531771195165236 -3.085201905145288 0.0 0.0 0.0 0.0 0.0 0.0
805 -1.1869121759255439 2.845236256702628 3.2789222402460894 0.0 0.0 0.0 0.0 0.0 0.0
806 0.4093950363910386 1.8265558957376067 -3.3251746910393996 0.0 0.0 0.0 0.0 0.0 0.0
807 -1.0885031151629363 -0.7347102156726564 -3.7823869872382536 0.0 0.0 0.0 0.0 0.0 0.0
808 2.3362521575584765 -3.543124932811284 -3.584909306334623 0.0 0.0 0.0 0.0 0.0 0.0
809 0.3682327461831001 -1.6475245166245553 -3.5716093232845854 0.0 0.0 0.0 0.0 0.0 0.0
810 -3.4196812846447875 2.968497382261443 3.1234902230589734 0.0 0.0 0.0 0.0 0.0 0.0
811 -2.1419270593776147 2.914580406233541 2.9998714698049618 0.0 0.0 0.0 0.0 0.0 0.0
812 3.574179300470293 0.5743021650244717 3.8130611402319667 0.0 0.0 0.0 0.0 0.0 0.0
813 0.8762751447755486 2.3153218903011217 1.952787135963363 0.0 0.0 0.0 0.0 0.0 0.0
814 2.603089831270678 3.264662681258913 0.22875095429087722 0.0 0.0 0.0 0.0 0.0 0.0
815 -0.9127114953381161 0.8037255675481134 2.2710452666527647 0.0 0.0 0.0 0.0 0.0 0.0
816 0.47983453377960306 0.40716435205828017 -3.693583420545745 0.0 0.0 0.0 0.0 0.0 0.0
817 -2.0597957390869714 2.15306408533423 0.07389723045456353 0.0 0.0 0.0 0.0 0.0 0.0
818 0.4675078359177318 2.8881232253073446 1.0330556524600558 0.0 0.0 0.0 0.0 0.0 0.0
819 -0.8244857487174242 0.5895577562520229 -2.713957283249936 0.0 0.0 0.0 0.0 0.0 0.0
820 1.9819321167366528 -0.22217277823984283 1.9531227814958383 0.0 0.0 0.0 0.0 0.0 0.0
821 -2.387615189382206 -1.2682912238920414 2.7839036232052807 0.0 0.0 0.0 0.0 0.0 0.0
822 -3.562910830936028 -2.7382959969537755 -1.9180603692257385 0.0 0.0 0.0 0.0 0.0 0.0
823 2.5001753845900323 0.24115256659365603 0.5036475477860707 0.0 0.0 0.0 0.0 0.0 0.0
824 3.5599717622785922 2.864441200205338 -2.5025076372924637 0.0 0.0 0.0 0.0 0.0 0.0
825 3.623608626294417 -0.6300872409798073 -0.9570945505747233 0.0 0.0 0.0 0.0 0.0 0.0
826 0.5046569286257059 -1.3648539066163714 1.1123053986801024 0.0 0.0 0.0 0.0 0.0 0.0
827 0.5077120550738323 -0.9201463277321107 0.5034083584017344 0.0 0.0 0.0 0.0 0.0 0.0
828 3.0231480375168065 3.0780415138721136 -3.9641113561877575 0.0 0.0 0.0 0.0 0.0 0.0
829 1.3144213248284338 2.588598592582816 -2.987293856069284 0.0 0.0 0.0 0.0 0.0 0.0
830 -0.23927011226067574 3.4300805070123985 2.2828188390955075 0.0 0.0 0.0 0.0 0.0 0.0
831 0.12187421382729458 0.12812080144295557 3.3200856296928922 0.0 0.0 0.0 0.0 0.0 0.0
832 1.9163335562877144 -2.1605839535896125 -3.053015196676747 0.0 0.0 0.0 0.0 0.0 0.0
833 1.5330311754747878 3.2853775017203004 3.902580354035721 0.0 0.0 0.0 0.0 0.0 0.0
834 0.724504374604984 -3.2499682149814983 -0.9400926248451951 0.0 0.0 0.0 0.0 0.0 0.0
835 -1.6737791451229223 -2.721623486081886 2.7524634544678888 0.0 0.0 0.0 0.0 0.0 0.0
836 -3.776518688364855 -3.956105379482011 -3.595254535813937 0.0 0.0 0.0 0.0 0.0 0.0
837 1.2044313711518209 -3.2607833811483067 -0.8488143022357031 0.0 0.0 0.0 0.0 0.0 0.0
838 -2.908604739293854 -0.32863053681022425 -1.7647841256663135 0.0 0.0 0.0 0.0 0.0 0.0
839 -2.9190189017074832 0.18971896618386364 -0.8420209572398303 0.0 0.0 0.0 0.0 0.0 0.0
840 -2.0731858856220597 -2.1351367952646623 -1.5621534112206463 0.0 0.0 0.0 0.0 0.0 0.0
841 3.8165514956387225 3.469130850653369 0.6448537739118105 0.0 0.0 0.0 0.0 0.0 0.0
842 -1.2394701445527039 2.21574007248606 -3.05068228577682 0.0 0.0 0.0 0.0 0.0 0.0
843 0.320982057002249 1.6051059688128353 1.8043820283621406 0.0 0.0 0.0 0.0 0.0 0.0
844 -2.218351889988691 2.806148683121644 1.8805803562039491 0.0 0.0 0.0 0.0 0.0 0.0
845 0.3086245083419774 -3.8770554008834157 -0.9924468236833128 0.0 0.0 0.0 0.0 0.0 0.0
846 2.6545149151471517 2.8789997072617437 0.20866524260310548 0.0 0.0 0.0 0.0 0.0 0.0
847 -1.1630846818683507 -2.0826772849577218 -1.7500325018993221 0.0 0.0 0.0 0.0 0.0 0.0
848 3.5983418369372293 -3.1810590906508374 -2.794075334462784 0.0 0.0 0.0 0.0 0.0 0.0
849 -1.4909402661887894 -2.9528000307344184 -2.6835683035638773 0.0 0.0 0.0 0.0 0.0 0.0
850 -1.611573155177469 -2.572548528793676 -0.4417059138622417 0.0 0.0 0.0 0.0 0.0 0.0
851 0.43166880130271235 -1.6459069984873969 1.8201252571573256 0.0 0.0 0.0 0.0 0.0 0.0
852 -1.2199014586726076 2.875878038955129 3.160706639326584 0.0 0.0 0.0 0.0 0.0 0.0
853 -3.9163262643030547 -2.959802628596437 2.7017361599304737 0.0 0.0 0.0 0.0 0.0 0.0
854 -2.6746282471923317 -3.015175527339199 2.8781151770703763 0.0 0.0 0.0 0.0 0.0 0.0
855 1.4544454463589735 -1.9836663477346823 3.713602332803938 0.0 0.0 0.0 0.0 0.0 0.0
856 -0.022552419232335197 1.6863589176938412 2.877549793604996 0.0 0.0 0.0 0.0 0.0 0.0
857 1.3602206992088357 -3.675797310524496 -3.471332135055336 0.0 0.0 0.0 0.0 0.0 0.0
858 3.4764232857122996 -3.655003943631894 3.3853667247491614 0.0 0.0 0.0 0.0 0.0 0.0
859 -1.4225262362678457 2.3587755393821315 -3.9263207549308836 0.0 0.0 0.0 0.0 0.0 0.0
860 3.549396072288271 2.7929814834925217 0.41559411190839235 0.0 0.0 0.0 0.0 0.0 0.0
861 0.726212292843635 -2.262100844819896 0.8853521264400426 0.0 0.0 0.0 0.0 0.0 0.0
862 -2.7384923788665967 0.8340921753124944 3.755238795235135 0.0 0.0 0.0 0.0 0.0 0.0
863 -0.543031143708272 0.5995211379118563 -0.5719486637334201 0.0 0.0 0.0 0.0 0.0 0.0
864 -3.1331538829897143 -2.936117781828174 -1.865177272720774 0.0 0.0 0.0 0.0 0.0 0.0
865 0.9287473865093387 -3.0742387068277317 3.365450968812966 0.0 0.0 0.0 0.0 0.0 0.0
866 0.838624372600397 3.0258411631912665 0.7573615015033361 0.0 0.0 0.0 0.0 0.0 0.0
867 0.9097660849741462 3.726956916515526 1.9856449939806629 0.0 0.0 0.0 0.0 0.0 0.0
868 2.898012720228083 -2.7011731667305794 -1.119652425493661 0.0 0.0 0.0 0.0 0.0 0.0
869 -0.2265147937525258 -0.8279747003626845 -0.7159757992412308 0.0 0.0 0.0 0.0 0.0 0.0
870 1.3343382180909789 0.7340783127610244 1.6363828428714884 0.0 0.0 0.0 0.0 0.0 0.0
871 2.6223144487139898 -0.5037271660462492 -1.1224014540757254 0.0 0.0 0.0 0.0 0.0 0.0
872 1.324008716009673 -1.303861676196738 -1.217293687388353 0.0 0.0 0.0 0.0 0.0 0.0
873 3.877839279226758 -3.5967825303369443 -1.2871657008496982 0.0 0.0 0.0 0.0 0.0 0.0
874 3.9212812837510578 -0.03241562430672129 1.7220847110140767 0.0 0.0 0.0 0.0 0.0 0.0
875 -2.2587120779585215 0.6563925521696552 3.308436336158194 0.0 0.0 0.0 0.0 0.0 0.0
876 -0.3174296557661327 -2.754611954312379 -2.0845576869922766 0.0 0.0 0.0 0.0 0.0 0.0
877 2.2243175886821343 -3.142421973652791 2.6385031429405537 0.0 0.0 0.0 0.0 0.0 0.0
878 0.08261947944789227 3.6108996776546807 2.2590164207019265 0.0 0.0 0.0 0.0 0.0 0.0
879 2.4498344195448487 3.523554645043533 -2.5795370280825773 0.0 0.0 0.0 0.0 0.0 0.0
880 -0.35509051647433676 0.7141325664798774 -0.9558042946665823 0.0 0.0 0.0 0.0 0.0 0.0
881 3.247508417694301 -3.9698438568659045 1.2257467586692217 0.0 0.0 0.0 0.0 0.0 0.0
882 -2.4557916941612525 3.9405853652319935 -1.8438151288768045 0.0 0.0 0.0 0.0 0.0 0.0
883 -2.483622326320334 3.1086716955162634 -3.900097015649288 0.0 0.0 0.0 0.0 0.0 0.0
884 -3.512266160379718 2.7579790433949825 1.4242101993595302 0.0 0.0 0.0 0.0 0.0 0.0
885 -1.3118158228555563 2.9432030640215014 1.3663319940915954 0.0 0.0 0.0 0.0 0.0 0.0
886 -3.9376676619557003 -2.6211968395183236 -0.4085601644576933 0.0 0.0 0.0 0.0 0.0 0.0
887 -1.415151905900501 2.7569924760457942 0.7738961175867329 0.0 0.0 0.0 0.0 0.0 0.0
888 0.3464609787971069 -0.1855138015908704 -1.495270635370356 0.0 0.0 0.0 0.0 0.0 0.0
889 1.0867450528530824 3.9541803857857554 -0.6275021841560431 0.0 0.0 0.0 0.0 0.0 0.0
890 3.5945041095045385 -0.7057488687486817 -3.1369306647339608 0.0 0.0 0.0 0.0 0.0 0.0
891 0.9811503152951326 -1.8746970813850865 1.8756075477718053 0.0 0.0 0.0 0.0 0.0 0.0
892 2.990843998908505 3.1211567748589095 3.4740960901802804 0.0 0.0 0.0 0.0 0.0 0.0
893 2.028891264968096 -0.7897118717210567 3.613656411150572 0.0 0.0 0.0 0.0 0.0 0.0
894 -3.1807352135467157 3.785715174009159 2.8219355257228864 0.0 0.0 0.0 0.0 0.0 0.0
895 3.2400434203675497 3.985816641826828 -0.8142979572444355 0.0 0.0 0.0 0.0 0.0 0.0
896 0.47597796190871744 3.1000682590363846 2.3087950069048544 0.0 0.0 0.0 0.0 0.0 0.0
897 3.315608674798317 -2.7019457775625098 -2.5496119041596748 0.0 0.0 0.0 0.0 0.0 0.0
898 -3.79509104293561 3.496011939041747 2.7647022218846473 0.0 0.0 0.0 0.0 0.0 0.0
899 3.7843927789378515 1.9749020163953137 -1.8765039919811333 0.0 0.0 0.0 0.0 0.0 0.0
900 -0.8034594618514692 0.9980783934215252 2.6668199177532523 0.0 0.0 0.0 0.0 0.0 0.0
901 -0.6008886136356635 2.1251774314056044 -1.5831201962334385 0.0 0.0 0.0 0.0 0.0 0.0
902 -1.523332949793045 -3.1502137688524154 -1.5888753348263576 0.0 0.0 0.0 0.0 0.0 0.0
903 0.2652101648722667 -1.4139995161938828 -1.0400927486697986 0.0 0.0 0.0 0.0 0.0 0.0
904 -0.573965825273997 1.6684137411556481 0.8448582120720554 0.0 0.0 0.0 0.0 0.0 0.0
905 2.5354506672721158 -2.093109841608346 -3.629933500831167 0.0 0.0 0.0 0.0 0.0 0.0
906 -2.206849600386869 -2.1336122528634407 1.972305024779109 0.0 0.0 0.0 0.0 0.0 0.0
907 0.5589225320676601 -1.3909293863116003 -1.0101665668012512 0.0 0.0 0.0 0.0 0.0 0.0
908 2.3246358725449383 3.166230624085455 0.7092908263681466 0.0 0.0 0.0 0.0 0.0 0.0
909 3.493211328459007 2.9525001123674928 0.6874876282050453 0.0 0.0 0.0 0.0 0.0 0.0
910 -1.8197575571092628 0.7178066923216448 -3.840675224131922 0.0 0.0 0.0 0.0 0.0 0.0
911 -2.0623529628438035 1.619046283854228 1.2685899992785723 0.0 0.0 0.0 0.0 0.0 0.0
912 2.3041476782885564 -3.256422734950422 -0.7049378773072448 0.0 0.0 0.0 0.0 0.0 0.0
913 -1.777229729933783 -3.7803338872397276 -3.2109022799446114 0.0 0.0 0.0 0.0 0.0 0.0
914 -1.1532217274192096 1.5274180912754556 -3.424847562360446 0.0 0.0 0.0 0.0 0.0 0.0
915 -1.7008863269923014 -1.8972563564077713 3.9887358359643006 0.0 0.0 0.0 0.0 0.0 0.0
916 -1.2945760418506929 0.2567930549644144 -0.9251650394292152 0.0 0.0 0.0 0.0 0.0 0.0
917 1.1062564734774165 1.9378667340398144 -0.2257553174096829 0.0 0.0 0.0 0.0 0.0 0.0
918 -1.3545243142012469 0.18866201238962255 -3.8434554171548596 0.0 0.0 0.0 0.0 0.0 0.0
919 0.6420076423882328 3.9363021372001388 0.45631749845085334 0.0 0.0 0.0 0.0 0.0 0.0
920 0.1767452634976312 -0.515507106417612 -3.1964520188103753 0.0 0.0 0.0 0.0 0.0 0.0
921 3.1588783986521882 -3.7015767787149176 -2.1609035924728657 0.0 0.0 0.0 0.0 0.0 0.0
922 3.374423527051097 -1.250972360132713 -3.8230558571694306 0.0 0.0 0.0 0.0 0.0 0.0
923 -3.904600123813575 3.251442581564471 -2.0607927578595273 0.0 0.0 0.0 0.0 0.0 0.0
924 -2.33440492314965 0.45709897900198193 -3.6322438636109746 0.0 0.0 0.0 0.0 0.0 0.0
925 3.689835296491766 2.1491467276313374 3.812522250256513 0.0 0.0 0.0 0.0 0.0 0.0
926 1.5846576984713616 2.8331815052536102 -1.3248339666411608 0.0 0.0 0.0 0.0 0.0 0.0
927 -3.209653733940609 0.7993301217467472 3.2220658685111827 0.0 0.0 0.0 0.0 0.0 0.0
928 -0.6516253185415843 1.8909718176248402 0.7140053871635637 0.0 0.0 0.0 0.0 0.0 0.0
929 -2.26160198454383 0.37674697754028763 -3.5032817191349137 0.0 0.0 0.0 0.0 0.0 0.0
930 -0.22763721815331106 2.0187379573078124 1.3180760965674008 0.0 0.0 0.0 0.0 0.0 0.0
931 -1.5659894265536591 -2.1996087178855968 -1.2119275803637715 0.0 0.0 0.0 0.0 0.0 0.0
932 -3.0389133272002633 1.020403984496716 3.588914337198559 0.0 0.0 0.0 0.0 0.0 0.0
933 0.09115058878801019 -2.9940621879255698 -0.38260610478774115 0.0 0.0 0.0 0.0 0.0 0.0
934 -0.47110221226279236 1.7716990700663864 -3.506934081813264 0.0 0.0 0.0 0.0 0.0 0.0
935 2.8323142886002035 -2.4508974872775866 0.8374597903933996 0.0 0.0 0.0 0.0 0.0 0.0
936 -0.5960095547280018 3.9356797420234875 0.7985040280960591 0.0 0.0 0.0 0.0 0.0 0.0
937 1.7767377116725651 -3.151499740733117 2.9953519061906846 0.0 0.0 0.0 0.0 0.0 0.0
938 -3.5878839589372555 -0.2388467752141814 -2.738298638325782 0.0 0.0 0.0 0.0 0.0 0.0
939 3.6743625173703007 0.30706910044504365 -3.258615533405602 0.0 0.0 0.0 0.0 0.0 0.0
940 -1.7515221057436694 -0.0782387445639312 -0.08573066610657509 0.0 0.0 0.0 0.0 0.0 0.0
941 3.3107665991123323 0.7944654950986543 -0.27442289540409703 0.0 0.0 0.0 0.0 0.0 0.0
942 -1.7825273514986941 3.866630923718981 -3.3021201784318963 0.0 0.0 0.0 0.0 0.0 0.0
943 0.7934646146814828 -2.4249806023817584 -3.555412624211522 0.0 0.0 0.0 0.0 0.0 0.0
944 -3.763682518210235 -3.399942182430264 -0.35948299862886746 0.0 0.0 0.0 0.0 0.0 0.0
945 -0.9419892888985251 3.3207745392152024 -0.8205278929856661 0.0 0.0 0.0 0.0 0.0 0.0
946 1.0014453110365835 -1.0578764455887608 2.6696434331444525 0.0 0.0 0.0 0.0 0.0 0.0
947 -1.289337806522851 -2.7150038478477176 -0.12278870565657574 0.0 0.0 0.0 0.0 0.0 0.0
948 1.8728580919411115 0.932768366910218 -0.35393182529165745 0.0 0.0 0.0 0.0 0.0 0.0
949 -3.7610854070662594 0.05212494577733473 0.24698033171046152 0.0 0.0 0.0 0.0 0.0 0.0
950 -0.10027371428255183 3.163325613472673 -1.7914418587225285 0.0 0.0 0.0 0.0 0.0 0.0
951 2.0054934899773453 -2.5497495770521192 -2.446575401140481 0.0 0.0 0.0 0.0 0.0 0.0
952 -2.3987799903803904 -0.027879328824246485 -2.309539604342018 0.0 0.0 0.0 0.0 0.0 0.0
953 3.9710962406949495 -3.477824739407806 0.4989265593036514 0.0 0.0 0.0 0.0 0.0 0.0
954 1.0428335716459989 -1.1575405131794518 2.517816662035729 0.0 0.0 0.0 0.0 0.0 0.0
955 -0.6626294097482814 -1.9252996855650162 0.020050931519776327 0.0 0.0 0.0 0.0 0.0 0.0
956 1.257783228424186 -3.160652869695384 0.8963135368084911 0.0 0.0 0.0 0.0 0.0 0.0
957 -0.4416200889452826 0.9840802615915241 2.221707481808547 0.0 0.0 0.0 0.0 0.0 0.0
958 -0.2325412321966791 -1.6751989579199096 -0.9489194606795541 0.0 0.0 0.0 0.0 0.0 0.0
959 0.9103946983573117 0.47583701206049067 3.469101633384131 0.0 0.0 0.0 0.0 0.0 0.0
960 0.8275359667688447 0.827987355380003 -0.3680193075593561 0.0 0.0 0.0 0.0 0.0 0.0
961 1.5306473847466098 3.208322520749558 -0.5774019134599051 0.0 0.0 0.0 0.0 0.0 0.0
962 0.734923972229697 -0.3720748545833201 0.720942355782932 0.0 0.0 0.0 0.0 0.0 0.0
963 -2.7805280386386606 -2.7920412014165654 1.1721899291203135 0.0 0.0 0.0 0.0 0.0 0.0
964 1.1842123297370861 -2.443903169810441 -3.1370404585324785 0.0 0.0 0.0 0.0 0.0 0.0
965 -3.311833127721105 1.0380341417408516 -1.3769774953084957 0.0 0.0 0.0 0.0 0.0 0.0
966 -3.855938968472966 0.8798655161687572 0.5838127311056711 0.0 0.0 0.0 0.0 0.0 0.0
967 0.46351964010395275 3.569518580621623 1.1365023925942541 0.0 0.0 0.0 0.0 0.0 0.0
968 -3.1649520091395216 2.7378317955112044 1.1531589474107236 0.0 0.0 0.0 0.0 0.0 0.0
969 -3.835212113763455 -1.7504531196536677 -0.8981683847422763 0.0 0.0 0.0 0.0 0.0 0.0
970 -0.766235940790633 1.8701868596294675 -3.6384077362246163 0.0 0.0 0.0 0.0 0.0 0.0
971 1.3452075012984448 2.9005756120145243 -1.107585836652996 0.0 0.0 0.0 0.0 0.0 0.0
972 2.9763001998683736 -1.3893717085898674 3.2468938479662803 0.0 0.0 0.0 0.0 0.0 0.0
973 -0.41433532527341654 -0.5956775355595489 -2.9717410944968776 0.0 0.0 0.0 0.0 0.0 0.0
974 1.6956233031185528 -1.8486827911545127 -2.819823803826928 0.0 0.0 0.0 0.0 0.0 0.0
975 1.2577108629079818 -0.9833409960879305 3.0663308522876482 0.0 0.0 0.0 0.0 0.0 0.0
976 -1.779000854334317 1.8223204721579256 -0.2993159126795204 0.0 0.0 0.0 0.0 0.0 0.0
977 -1.8005465714081277 0.4320106279796043 -1.9208371995130387 0.0 0.0 0.0 0.0 0.0 0.0
978 -3.916814666795168 0.5877967515678408 -2.4080001672296403 0.0 0.0 0.0 0.0 0.0 0.0
979 3.3376401904630146 -3.922403313954362 -1.5708169040729967 0.0 0.0 0.0 0.0 0.0 0.0
980 3.033028809155221 -0.5716873213263902 3.1963389195583707 0.0 0.0 0.0 0.0 0.0 0.0
981 -3.45562739391381 3.1016361345909784 2.5520507111561157 0.0 0.0 0.0 0.0 0.0 0.0
982 -2.3668747969160373 -1.7203538706401034 -0.7005962307981237 0.0 0.0 0.0 0.0 0.0 0.0
983 -0.07718797698726831 1.4151671105477286 0.5966869967711608 0.0 0.0 0.0 0.0 0.0 0.0
984 -1.6496841367847725 -1.7896429376444152 -2.7564317948582824 0.0 0.0 0.0 0.0 0.0 0.0
985 -2.676875278091008 2.999721712235817 -3.262158154108766 0.0 0.0 0.0 0.0 0.0 0.0
986 1.377447696398101 -1.5190461386644216 -0.26567841229736544 0.0 0.0 0.0 0.0 0.0 0.0
987 -2.483144664227936 -2.3619569414458814 -1.5337717982662484 0.0 0.0 0.0 0.0 0.0 0.0
988 -0.7752148256893721 -2.890924165502783 -0.6672172678902708 0.0 0.0 0.0 0.0 0.0 0.0
989 3.6093127549697765 -1.9064782315778954 2.378542979944248 0.0 0.0 0.0 0.0 0.0 0.0
990 -0.5796532022279148 -1.2385470078348435 -2.191844125352918 0.0 0.0 0.0 0.0 0.0 0.0
991 1.7161073282229689 3.9893146730270432 2.9843879086516916 0.0 0.0 0.0 0.0 0.0 0.0
992 0.7461508929500216 -2.325846013389044 0.032471121308450535 0.0 0.0 0.0 0.0 0.0 0.0
993 0.7218197504874686 2.7335348387084037 -0.2984217178694104 0.0 0.0 0.0 0.0 0.0 0.0
994 0.995967605444295 -1.182304870233562 -1.819274258106713 0.0 0.0 0.0 0.0 0.0 0.0
995 -0.8927003544555907 -3.494017546200573 -2.256137368541272 0.0 0.0 0.0 0.0 0.0 0.0
996 -0.2096521401969209 0.4490951762551978 -1.282407745615438 0.0 0.0 0.0 0.0 0.0 0.0
997 3.645745588566373 -2.455325865408417 2.111303312803412 0.0 0.0 0.0 0.0 0.0 0.0
998 0.14946696723587394 1.0903074616853967 -1.1881636614696847 0.0 0.0 0.0 0.0 0.0 0.0
999 -0.8078205186852756 -3.6637487045522947 -1.6472580335780327 0.0 0.0 0.0 0.0 0.0 0.0
