1024
-1 0 -1 1 8 1
0 -0.8233293535633406 3.0841820913166473 0.47864285098429715 0.0 0.0 0.0 0.0 0.0 0.0
1 -0.8690729561526107 3.4428124323104474 0.10564779555644443 0.0 0.0 0.0 0.0 0.0 0.0
2 -0.9923223505337033 3.9759350847631496 -0.4777351017108139 0.0 0.0 0.0 0.0 0.0 0.0
3 -0.6101037530016413 2.280957137139844 0.3338646059920418 0.0 0.0 0.0 0.0 0.0 0.0
4 -0.703367774063259 3.108583302566429 -0.29849513032836095 0.0 0.0 0.0 0.0 0.0 0.0
5 -0.89941531265755 3.063343265948458 -0.38453489431593924 0.0 0.0 0.0 0.0 0.0 0.0
6 -0.6177408414502601 3.5962211743078565 0.32380357351062294 0.0 0.0 0.0 0.0 0.0 0.0
7 -0.3317532897286025 1.7366468280290608 -0.14989840381889497 0.0 0.0 0.0 0.0 0.0 0.0
8 -0.06901772763050196 1.9609891086677413 0.4427805280027708 0.0 0.0 0.0 0.0 0.0 0.0
9 -0.016103516005134266 1.8643683906574458 -0.06388714926743588 0.0 0.0 0.0 0.0 0.0 0.0
10 -0.20821357324172263 1.388945378978549 0.360354607627959 0.0 0.0 0.0 0.0 0.0 0.0
11 -0.26303698886121163 3.132469166250418 0.251477175156251 0.0 0.0 0.0 0.0 0.0 0.0
12 -0.08805647816475737 2.833714368848645 0.43994942734373843 0.0 0.0 0.0 0.0 0.0 0.0
13 -0.44138311347993675 3.0627181228684166 -0.3178555855893195 0.0 0.0 0.0 0.0 0.0 0.0
14 -0.4522323435658179 3.1970946166384158 -0.33965336094593324 0.0 0.0 0.0 0.0 0.0 0.0
15 -0.6164251475641134 3.479306188657442 0.2463812254711003 0.0 0.0 0.0 0.0 0.0 0.0
16 -0.96204420816016 1.3083530021852074 -0.44969926495912027 0.0 0.0 0.0 0.0 0.0 0.0
17 -0.05505669372255084 1.9055672692663186 -0.14074480400127487 0.0 0.0 0.0 0.0 0.0 0.0
18 -0.5174212603103584 2.2407078024449896 0.06298493552387374 0.0 0.0 0.0 0.0 0.0 0.0
19 -0.5916398452013008 3.9873332732487294 0.21776942009891742 0.0 0.0 0.0 0.0 0.0 0.0
20 -0.25499368650703 1.610940701501828 0.37444052555005647 0.0 0.0 0.0 0.0 0.0 0.0
21 -0.0837084086259009 2.1307112938487736 0.1893170559805255 0.0 0.0 0.0 0.0 0.0 0.0
22 -0.3741913534152215 2.6515589374105515 -0.018546534501253986 0.0 0.0 0.0 0.0 0.0 0.0
23 -0.20347473876665612 1.2371081019580603 0.14513568851325453 0.0 0.0 0.0 0.0 0.0 0.0
24 -0.5077433504725283 1.5650598462051755 -0.46170436981578855 0.0 0.0 0.0 0.0 0.0 0.0
25 -0.8638133186430854 2.455100333536607 0.2547347711434539 0.0 0.0 0.0 0.0 0.0 0.0
26 -0.8122201765406469 1.1844739334504435 0.30394835950381605 0.0 0.0 0.0 0.0 0.0 0.0
27 -0.46626097748758766 2.822789379321668 0.138144850945208 0.0 0.0 0.0 0.0 0.0 0.0
28 -0.45997646971863826 1.6330647987107088 -0.043140269297861855 0.0 0.0 0.0 0.0 0.0 0.0
29 -0.9679458093484299 3.1559447767732944 -0.29925029477904486 0.0 0.0 0.0 0.0 0.0 0.0
30 -0.6718763708067008 1.5990801122255953 -0.19906764918965125 0.0 0.0 0.0 0.0 0.0 0.0
31 -0.38474642651284385 3.736574233570198 0.2248777960081778 0.0 0.0 0.0 0.0 0.0 0.0
32 -0.019018758175711192 1.9455574163868778 0.03441040194848177 0.0 0.0 0.0 0.0 0.0 0.0
33 -0.24178774313918105 3.7698557114419806 0.07824927190646835 0.0 0.0 0.0 0.0 0.0 0.0
34 -0.5840292282929891 2.8420967626561473 0.10825853813878716 0.0 0.0 0.0 0.0 0.0 0.0
35 -0.5199780807638836 1.236254535600854 0.44763932834046893 0.0 0.0 0.0 0.0 0.0 0.0
36 -0.5908942683280034 1.934526720340834 0.39030448867815504 0.0 0.0 0.0 0.0 0.0 0.0
37 -0.7176673149601044 2.6372785986328315 -0.12306495393563055 0.0 0.0 0.0 0.0 0.0 0.0
38 -0.46485011354597183 2.3949075528281587 0.05381965829350799 0.0 0.0 0.0 0.0 0.0 0.0
39 -0.4513223363292197 3.4641902428768634 0.41173812261529896 0.0 0.0 0.0 0.0 0.0 0.0
40 -0.0911627741427431 2.6275427138384604 0.07640248890512813 0.0 0.0 0.0 0.0 0.0 0.0
41 -0.15942410472668855 2.7511688530661758 0.026147279455548067 0.0 0.0 0.0 0.0 0.0 0.0
42 -0.29860206916928334 3.3508881673122266 0.28129891807107155 0.0 0.0 0.0 0.0 0.0 0.0
43 -0.2609541862969532 2.354747255509881 -0.14653859176590067 0.0 0.0 0.0 0.0 0.0 0.0
44 -0.5991290398183182 1.3996181041778668 0.3238734188737733 0.0 0.0 0.0 0.0 0.0 0.0
45 -0.10019690665071945 2.039486902426557 -0.37864719300057725 0.0 0.0 0.0 0.0 0.0 0.0
46 -0.14063894653598275 3.9872082852264166 0.18325402163579818 0.0 0.0 0.0 0.0 0.0 0.0
47 -0.16271243651388556 2.4687272824445343 -0.39686258743757874 0.0 0.0 0.0 0.0 0.0 0.0
48 -0.5148081616704053 2.00725066537436 0.2478182171271609 0.0 0.0 0.0 0.0 0.0 0.0
49 -0.7215328256313193 3.331340968314926 0.4808967272168174 0.0 0.0 0.0 0.0 0.0 0.0
50 -0.09604443368515192 3.741816647136099 0.3357900535577695 0.0 0.0 0.0 0.0 0.0 0.0
51 -0.1574151422092782 1.8906641455512478 0.47447757951867897 0.0 0.0 0.0 0.0 0.0 0.0
52 -0.48676336024240097 2.700809643659703 0.048820185207430034 0.0 0.0 0.0 0.0 0.0 0.0
53 -0.07297541334924174 3.1881335246449245 0.0994109707196511 0.0 0.0 0.0 0.0 0.0 0.0
54 -0.48899383289991016 2.0451555079468626 0.10067242876677984 0.0 0.0 0.0 0.0 0.0 0.0
55 -0.768962739853068 2.110253931596243 0.19257413334019602 0.0 0.0 0.0 0.0 0.0 0.0
56 -0.9964246782931518 1.438537250701493 -0.22657948810317996 0.0 0.0 0.0 0.0 0.0 0.0
57 -0.3181945202341334 3.025814560169221 0.15007611861895453 0.0 0.0 0.0 0.0 0.0 0.0
58 -0.055882116258544334 2.557313743834645 -0.4574084235883098 0.0 0.0 0.0 0.0 0.0 0.0
59 -0.7246851295449873 2.4551040373892645 -0.143246246006695 0.0 0.0 0.0 0.0 0.0 0.0
60 -0.44005621824160335 1.9176134463516532 -0.10177902014564355 0.0 0.0 0.0 0.0 0.0 0.0
61 -0.41269202860035903 3.465817234611252 -0.13691077893909065 0.0 0.0 0.0 0.0 0.0 0.0
62 -0.04926755339077882 1.5224142807835879 0.05168536496964815 0.0 0.0 0.0 0.0 0.0 0.0
63 -0.19954499922946545 3.8421353157387683 -0.26535386560945695 0.0 0.0 0.0 0.0 0.0 0.0
64 -0.9136510019764302 1.1438462036711519 0.3986943904304241 0.0 0.0 0.0 0.0 0.0 0.0
65 -0.23863591745392687 2.2731338118356823 0.0376997363857271 0.0 0.0 0.0 0.0 0.0 0.0
66 -0.7532315177644264 1.1683737115588957 -0.23747263725493672 0.0 0.0 0.0 0.0 0.0 0.0
67 -0.14474956371726388 1.4698405448889909 -0.23945154705838545 0.0 0.0 0.0 0.0 0.0 0.0
68 -0.5815841134353845 2.9305458860068825 -0.019461396062471215 0.0 0.0 0.0 0.0 0.0 0.0
69 -0.8752551772121777 1.9735599194344502 0.3377462789637842 0.0 0.0 0.0 0.0 0.0 0.0
70 -0.756984578040338 3.2259636400046707 -0.2704196767894088 0.0 0.0 0.0 0.0 0.0 0.0
71 -0.7465525254327443 3.3024607974969444 0.1668793392525323 0.0 0.0 0.0 0.0 0.0 0.0
72 -0.13046073789913137 2.62258396295333 0.34794619969365204 0.0 0.0 0.0 0.0 0.0 0.0
73 -0.3415352666293424 1.2876679600901078 0.12900869001867143 0.0 0.0 0.0 0.0 0.0 0.0
74 -0.18557921991600868 1.7847116875508173 -0.28306054789516333 0.0 0.0 0.0 0.0 0.0 0.0
75 -0.7792455837063355 1.7614419736652662 -0.26824364302418113 0.0 0.0 0.0 0.0 0.0 0.0
76 -0.5278111976004494 2.449403366335554 -0.3470989025602361 0.0 0.0 0.0 0.0 0.0 0.0
77 -0.7205017840835246 3.334106175557018 -0.2289016817215498 0.0 0.0 0.0 0.0 0.0 0.0
78 -0.3940961578777933 1.1047706950898233 0.041303845678484885 0.0 0.0 0.0 0.0 0.0 0.0
79 -0.5070349792354936 3.853088407647565 -0.40054107497824876 0.0 0.0 0.0 0.0 0.0 0.0
80 -0.2983813243228792 1.4917919560072759 -0.0884440843414045 0.0 0.0 0.0 0.0 0.0 0.0
81 -0.6812656064049861 1.859559068467763 0.02591490750860448 0.0 0.0 0.0 0.0 0.0 0.0
82 -0.5236466391603926 1.2282880693836253 0.3400874712417996 0.0 0.0 0.0 0.0 0.0 0.0
83 -0.12330032740233698 3.6607483112709467 0.33888745241745033 0.0 0.0 0.0 0.0 0.0 0.0
84 -0.30382427178749183 2.211322378091278 0.4670589292519538 0.0 0.0 0.0 0.0 0.0 0.0
85 -0.37558372921567085 2.9897633177512173 0.2572670779348567 0.0 0.0 0.0 0.0 0.0 0.0
86 -0.6190811814806331 3.2218347016232016 -0.46355955065025134 0.0 0.0 0.0 0.0 0.0 0.0
87 -0.8852734802905712 2.451119807673761 -0.37804113055833777 0.0 0.0 0.0 0.0 0.0 0.0
88 -0.12308344136374039 1.6669323834326457 -0.2516175767416522 0.0 0.0 0.0 0.0 0.0 0.0
89 -0.6619719117894727 2.6305067380073734 -0.47553802202853124 0.0 0.0 0.0 0.0 0.0 0.0
90 -0.8171313420644637 1.9341769441997703 0.21196121764482334 0.0 0.0 0.0 0.0 0.0 0.0
91 -0.39292541900210043 3.3443700860110686 0.3425432596402892 0.0 0.0 0.0 0.0 0.0 0.0
92 -0.9719700187677198 2.352811331788143 -0.021438834702051657 0.0 0.0 0.0 0.0 0.0 0.0
93 -0.06605387714568312 1.1625253489643657 -0.05480771619146885 0.0 0.0 0.0 0.0 0.0 0.0
94 -0.5951034123044527 2.757236659477005 0.35618980106131504 0.0 0.0 0.0 0.0 0.0 0.0
95 -0.6951454063128278 2.419150742129835 0.04327364628808439 0.0 0.0 0.0 0.0 0.0 0.0
96 -0.7573922602277333 3.1709404336395624 -0.34384617710455834 0.0 0.0 0.0 0.0 0.0 0.0
97 -0.24705651846622734 2.4135225965480407 -0.38340569127283153 0.0 0.0 0.0 0.0 0.0 0.0
98 -0.17370872448646513 3.0696055950991177 0.44261819950546477 0.0 0.0 0.0 0.0 0.0 0.0
99 -0.11355407044684795 3.861623830059777 -0.47242433383154103 0.0 0.0 0.0 0.0 0.0 0.0
100 -0.46389017439894764 3.360870847059885 -0.15442587465829605 0.0 0.0 0.0 0.0 0.0 0.0
101 -0.20484859242356002 2.100874856193986 -0.19462485979006727 0.0 0.0 0.0 0.0 0.0 0.0
102 -0.3304230352271845 1.6727928106207106 0.25798823215367006 0.0 0.0 0.0 0.0 0.0 0.0
103 -0.5000636197704212 1.5291490560386771 0.16957773528871445 0.0 0.0 0.0 0.0 0.0 0.0
104 -0.7610529238643714 1.8334387451058292 -0.26046447051565236 0.0 0.0 0.0 0.0 0.0 0.0
105 -0.0773832347861797 1.361374111494702 0.10667894629439811 0.0 0.0 0.0 0.0 0.0 0.0
106 -0.590028834630474 3.7063358083918656 0.07697117227031813 0.0 0.0 0.0 0.0 0.0 0.0
107 -0.19241079831554697 3.439022777910862 -0.45745372365862536 0.0 0.0 0.0 0.0 0.0 0.0
108 -0.36273409804806034 1.7484031355237617 -0.23583515381819387 0.0 0.0 0.0 0.0 0.0 0.0
109 -0.7684378125259864 3.88601460866684 -0.3569306790360641 0.0 0.0 0.0 0.0 0.0 0.0
110 -0.23655950490043443 3.8655659776880293 -0.0037672515056292877 0.0 0.0 0.0 0.0 0.0 0.0
111 -0.5994671972322281 3.744818234857574 -0.12032296924858987 0.0 0.0 0.0 0.0 0.0 0.0
112 -0.2298266245205618 1.1047614784636204 0.45965232742578754 0.0 0.0 0.0 0.0 0.0 0.0
113 -0.25798088360137517 1.621477756370797 -0.4023032320733072 0.0 0.0 0.0 0.0 0.0 0.0
114 -0.006614546646906416 1.8341737784854837 -0.1929947975843589 0.0 0.0 0.0 0.0 0.0 0.0
115 -0.2825412678285337 3.647429541569946 -0.03263791374258018 0.0 0.0 0.0 0.0 0.0 0.0
116 -0.8111464810127047 1.487935666008212 -0.19750708742679413 0.0 0.0 0.0 0.0 0.0 0.0
117 -0.49461568184899984 1.7694105882490758 0.3897333596874427 0.0 0.0 0.0 0.0 0.0 0.0
118 -0.15266018050558428 3.4278761598209306 -0.2984453826195931 0.0 0.0 0.0 0.0 0.0 0.0
119 -0.3747467065652138 2.48384951145186 0.14760765048490543 0.0 0.0 0.0 0.0 0.0 0.0
120 -0.5238474458156808 1.6594169919744197 -0.3529866680295465 0.0 0.0 0.0 0.0 0.0 0.0
121 -0.020540677164465282 3.7798152438853707 -0.0076373219212603205 0.0 0.0 0.0 0.0 0.0 0.0
122 -0.5805938215161499 3.2897651211634518 0.4548796241994725 0.0 0.0 0.0 0.0 0.0 0.0
123 -0.511110281740574 2.2315758866799302 -0.28373136329976845 0.0 0.0 0.0 0.0 0.0 0.0
124 -0.7962768596444305 2.8033194480441628 0.10556080602031614 0.0 0.0 0.0 0.0 0.0 0.0
125 -0.8596120174844486 3.438108877820461 0.018297970403769237 0.0 0.0 0.0 0.0 0.0 0.0
126 -0.744765316691909 1.263961002379415 -0.040780812428310775 0.0 0.0 0.0 0.0 0.0 0.0
127 -0.012830754807593658 1.687589630268017 -0.33874810574760716 0.0 0.0 0.0 0.0 0.0 0.0
128 -0.3353468700449632 3.124863077538599 -0.1350917859483839 0.0 0.0 0.0 0.0 0.0 0.0
129 -0.46764574922027247 3.6000135039879044 -0.06582161690948829 0.0 0.0 0.0 0.0 0.0 0.0
130 -0.6162618365571616 1.6980767145089701 0.3042698523049031 0.0 0.0 0.0 0.0 0.0 0.0
131 -0.4413924241107787 1.0671783115151825 -0.4493154960303477 0.0 0.0 0.0 0.0 0.0 0.0
132 -0.5817412129176758 1.8766744686712902 0.03842023388922444 0.0 0.0 0.0 0.0 0.0 0.0
133 -0.694194471700669 1.748612751898851 -0.38862232191034796 0.0 0.0 0.0 0.0 0.0 0.0
134 -0.9532179229275104 2.8308842986456124 0.16702052024129288 0.0 0.0 0.0 0.0 0.0 0.0
135 -0.8993937679081743 2.70850810218342 -0.03351651701757241 0.0 0.0 0.0 0.0 0.0 0.0
136 -0.2505740089824038 1.3841744226629822 -0.29739760012546224 0.0 0.0 0.0 0.0 0.0 0.0
137 -0.787219488113897 2.070253888823385 0.10277204340620016 0.0 0.0 0.0 0.0 0.0 0.0
138 -0.8872287038160193 3.325285601403439 0.2181692153958268 0.0 0.0 0.0 0.0 0.0 0.0
139 -0.37527484125977784 1.3868436846209526 -0.49952899637977755 0.0 0.0 0.0 0.0 0.0 0.0
140 -0.19292612842952406 3.0956897276564668 -0.3743459702906865 0.0 0.0 0.0 0.0 0.0 0.0
141 -0.9571599742409306 2.868682297955171 0.08267523362566065 0.0 0.0 0.0 0.0 0.0 0.0
142 -0.3933112154196696 1.5952909384284197 0.07621687884891548 0.0 0.0 0.0 0.0 0.0 0.0
143 -0.5408476616290819 1.0628001165656777 -0.2147239957406597 0.0 0.0 0.0 0.0 0.0 0.0
144 -0.5274611168834782 1.7742958756256186 0.3250899509121198 0.0 0.0 0.0 0.0 0.0 0.0
145 -0.7838986704545902 2.918329162165488 0.39313875640250684 0.0 0.0 0.0 0.0 0.0 0.0
146 -0.19030828784665754 2.122863917535329 0.3684509091867215 0.0 0.0 0.0 0.0 0.0 0.0
147 -0.3196667509856882 2.1312254716638086 -0.21379969678162336 0.0 0.0 0.0 0.0 0.0 0.0
148 -0.8904181334405689 3.737051488920179 0.1975977458462589 0.0 0.0 0.0 0.0 0.0 0.0
149 -0.25673746590946434 2.183706519553135 -0.016868940877603933 0.0 0.0 0.0 0.0 0.0 0.0
150 -0.590747008596643 1.3068932827348898 0.04092067602001015 0.0 0.0 0.0 0.0 0.0 0.0
151 -0.2233560035363802 1.4420255990704205 -0.1690323122321813 0.0 0.0 0.0 0.0 0.0 0.0
152 -0.6753518853547664 2.1878654241712185 -0.2055823896681246 0.0 0.0 0.0 0.0 0.0 0.0
153 -0.5650953612450228 3.502531374144227 -0.35621138034841193 0.0 0.0 0.0 0.0 0.0 0.0
154 -0.9258698797003778 2.7758861582271934 -0.047687808634721995 0.0 0.0 0.0 0.0 0.0 0.0
155 -0.8252553440350038 3.5469399329801554 -0.43019313344764243 0.0 0.0 0.0 0.0 0.0 0.0
156 -0.9970699254288025 1.6983497691133524 -0.3096470846917194 0.0 0.0 0.0 0.0 0.0 0.0
157 -0.8796816044051822 2.7313805583721664 0.2968466598203592 0.0 0.0 0.0 0.0 0.0 0.0
158 -0.610552351378798 2.9268842753005324 -0.1319096976509967 0.0 0.0 0.0 0.0 0.0 0.0
159 -0.7625021890072958 1.5569870560376486 0.4920695411802203 0.0 0.0 0.0 0.0 0.0 0.0
160 -0.07137673674881617 1.1416841357148164 0.34416478676925477 0.0 0.0 0.0 0.0 0.0 0.0
161 -0.5233018974019962 3.1241248699730515 -0.09831094333931734 0.0 0.0 0.0 0.0 0.0 0.0
162 -0.9097880323257379 2.714707854651705 0.42902861915113577 0.0 0.0 0.0 0.0 0.0 0.0
163 -0.19582196924671946 1.217511003249541 -0.49337787006075096 0.0 0.0 0.0 0.0 0.0 0.0
164 -0.6968501013118132 3.380826420695086 -0.3237265675643852 0.0 0.0 0.0 0.0 0.0 0.0
165 -0.8171824231433966 3.903718506656253 -0.0475934974073805 0.0 0.0 0.0 0.0 0.0 0.0
166 -0.25883218933972774 1.3724542700490496 -0.0026030270358164964 0.0 0.0 0.0 0.0 0.0 0.0
167 -0.45134249487894884 1.941743743446935 -0.4067302867693834 0.0 0.0 0.0 0.0 0.0 0.0
168 -0.5550399045336261 2.8220347223396125 -0.39882486111755644 0.0 0.0 0.0 0.0 0.0 0.0
169 -0.47442271641488354 3.9609426914190147 0.4623674843652804 0.0 0.0 0.0 0.0 0.0 0.0
170 -0.4319447975419364 2.0300005799191387 0.2834850806583542 0.0 0.0 0.0 0.0 0.0 0.0
171 -0.3180186628916669 1.9653899159591797 -0.1502856501927058 0.0 0.0 0.0 0.0 0.0 0.0
172 -0.830359331310637 1.9180578693878179 -0.29475391058970657 0.0 0.0 0.0 0.0 0.0 0.0
173 -0.39299437119933245 1.5949461456247098 -0.3016882613175065 0.0 0.0 0.0 0.0 0.0 0.0
174 -0.4440696521710822 3.0556318614516207 0.38818173308318105 0.0 0.0 0.0 0.0 0.0 0.0
175 -0.5677734109353499 3.826513765374933 -0.44973579216549553 0.0 0.0 0.0 0.0 0.0 0.0
176 -0.6695535124283825 2.7254699363665003 -0.47766188845743296 0.0 0.0 0.0 0.0 0.0 0.0
177 -0.40646586087198366 3.67385253593418 0.11898306802354508 0.0 0.0 0.0 0.0 0.0 0.0
178 -0.738598456621121 1.6880641042432356 -0.07128364915819518 0.0 0.0 0.0 0.0 0.0 0.0
179 -0.8790758459903142 3.009779341826614 0.4493244891957717 0.0 0.0 0.0 0.0 0.0 0.0
180 -0.6127587240902717 3.424420416206335 -0.21646967414444152 0.0 0.0 0.0 0.0 0.0 0.0
181 -0.9724334160238528 1.154790650643136 -0.14815846402467736 0.0 0.0 0.0 0.0 0.0 0.0
182 -0.6375498677659258 2.5787787061531713 0.36661573274345094 0.0 0.0 0.0 0.0 0.0 0.0
183 -0.44433569188572564 1.3649474052307968 0.07158993626868337 0.0 0.0 0.0 0.0 0.0 0.0
184 -0.9576142187573369 1.3221403478579739 -0.2505396291773546 0.0 0.0 0.0 0.0 0.0 0.0
185 -0.36701835615197653 3.970874922887403 0.32681245126821523 0.0 0.0 0.0 0.0 0.0 0.0
186 -0.2633374630296308 3.509185854447304 0.4892055555773914 0.0 0.0 0.0 0.0 0.0 0.0
187 -0.027145488229464942 1.2751478977906205 0.4419201090840458 0.0 0.0 0.0 0.0 0.0 0.0
188 -0.40020260379503414 2.3387749507223345 0.017998628568248076 0.0 0.0 0.0 0.0 0.0 0.0
189 -0.1784731056201927 3.1825410652682335 0.3902960036137515 0.0 0.0 0.0 0.0 0.0 0.0
190 -0.33529402378239936 3.3187792271324 -0.3514829918731808 0.0 0.0 0.0 0.0 0.0 0.0
191 -0.11099805929453221 3.75487673840526 0.0524630224342596 0.0 0.0 0.0 0.0 0.0 0.0
192 -0.19099760955597245 1.3681711967769523 0.17190489956807964 0.0 0.0 0.0 0.0 0.0 0.0
193 -0.9459981358597046 1.1261124666941829 0.13085274247470724 0.0 0.0 0.0 0.0 0.0 0.0
194 -0.7102515344482435 1.9773452733891874 -0.05804735825688667 0.0 0.0 0.0 0.0 0.0 0.0
195 -0.8525063024316266 1.0295449739560854 0.2619319345148535 0.0 0.0 0.0 0.0 0.0 0.0
196 -0.11263179586200045 3.1979045144079374 -0.16175444074690637 0.0 0.0 0.0 0.0 0.0 0.0
197 -0.9180806407510579 2.5657073086534994 -0.4693427570965538 0.0 0.0 0.0 0.0 0.0 0.0
198 -0.005778440190696399 2.2967568092159985 0.006908007804852012 0.0 0.0 0.0 0.0 0.0 0.0
199 -0.7991427748226935 3.8876244785414866 0.33045458018267637 0.0 0.0 0.0 0.0 0.0 0.0
200 -0.5040541783240725 1.405976705237117 0.30939953974605383 0.0 0.0 0.0 0.0 0.0 0.0
201 -0.5403580428115479 1.4233513393103538 -0.12073784301838275 0.0 0.0 0.0 0.0 0.0 0.0
202 -0.14844394087609036 2.141998052184923 -0.22436274558606217 0.0 0.0 0.0 0.0 0.0 0.0
203 -0.5169946002919718 1.5991314066620093 0.3581686901273752 0.0 0.0 0.0 0.0 0.0 0.0
204 -0.6327275818037396 3.053922318898235 -0.03464243819628454 0.0 0.0 0.0 0.0 0.0 0.0
205 -0.8977379023534158 2.6480313543699765 0.4718077308177472 0.0 0.0 0.0 0.0 0.0 0.0
206 -0.38358117823767424 2.637766271787597 0.10398810659674496 0.0 0.0 0.0 0.0 0.0 0.0
207 -0.7668966249550693 1.7162228308226801 -0.29105314427822804 0.0 0.0 0.0 0.0 0.0 0.0
208 -0.6524834236708764 3.748112791394418 0.10143135806883985 0.0 0.0 0.0 0.0 0.0 0.0
209 -0.7034731430961886 2.1832065667516196 0.3020946921641027 0.0 0.0 0.0 0.0 0.0 0.0
210 -0.8442706138078231 3.7051815105678805 0.4582129960923522 0.0 0.0 0.0 0.0 0.0 0.0
211 -0.7532824503541499 1.2538043381060562 0.34141127634054635 0.0 0.0 0.0 0.0 0.0 0.0
212 -0.11826716296291295 3.9130603543497107 0.39971971020695685 0.0 0.0 0.0 0.0 0.0 0.0
213 -0.053922637685457575 1.8555356669648 -0.3122041683623471 0.0 0.0 0.0 0.0 0.0 0.0
214 -0.3771214427552313 2.8448479253873313 -0.1919662443664657 0.0 0.0 0.0 0.0 0.0 0.0
215 -0.9555555419199934 3.9165554569826737 -0.12081940572694505 0.0 0.0 0.0 0.0 0.0 0.0
216 -0.34532398346318816 1.7567183061605267 0.052883869403906436 0.0 0.0 0.0 0.0 0.0 0.0
217 -0.9168357629624369 2.233571339010214 -0.0058076401616053985 0.0 0.0 0.0 0.0 0.0 0.0
218 -0.5499438121521774 2.984554214477256 0.46518417405530677 0.0 0.0 0.0 0.0 0.0 0.0
219 -0.5015724035141818 3.9013684454514377 -0.40470021522071986 0.0 0.0 0.0 0.0 0.0 0.0
220 -0.6254533929776018 3.9686162140067527 0.13372675554648794 0.0 0.0 0.0 0.0 0.0 0.0
221 -0.8440813398973169 3.1641306367736353 0.3329742398318408 0.0 0.0 0.0 0.0 0.0 0.0
222 -0.8339532024443097 2.0062649680270654 -0.08606336422791683 0.0 0.0 0.0 0.0 0.0 0.0
223 -0.6265531759120904 2.1549285933029085 0.2709334108918021 0.0 0.0 0.0 0.0 0.0 0.0
224 -0.13276554296523402 1.2250481552056511 -0.4649285943630933 0.0 0.0 0.0 0.0 0.0 0.0
225 -0.3519960609854289 2.8777493486572068 0.4227480354027988 0.0 0.0 0.0 0.0 0.0 0.0
226 -0.40620141515882113 1.370414519818526 0.3921733913364356 0.0 0.0 0.0 0.0 0.0 0.0
227 -0.7996687574029423 3.4528631624588213 -0.22835465346193606 0.0 0.0 0.0 0.0 0.0 0.0
228 -0.5264151324321522 3.341016710727279 -0.07215940632976725 0.0 0.0 0.0 0.0 0.0 0.0
229 -0.4607604649694539 1.8911896062113793 -0.2700231623032402 0.0 0.0 0.0 0.0 0.0 0.0
230 -0.8650199244008997 2.617563519198175 -0.33465188693123227 0.0 0.0 0.0 0.0 0.0 0.0
231 -0.9295330660686255 1.919860871210935 -0.1984955905605823 0.0 0.0 0.0 0.0 0.0 0.0
232 -0.7385173451201131 3.1799225650482614 0.04082611651970358 0.0 0.0 0.0 0.0 0.0 0.0
233 -0.2090363168785535 2.9045226099194843 -0.3961896780690677 0.0 0.0 0.0 0.0 0.0 0.0
234 -0.4621525355327397 3.2439535092813507 0.009533898941394225 0.0 0.0 0.0 0.0 0.0 0.0
235 -0.2572332277341902 1.638625083912463 0.2662109632860937 0.0 0.0 0.0 0.0 0.0 0.0
236 -0.019814324339405 1.3664700355935757 0.16617939666048065 0.0 0.0 0.0 0.0 0.0 0.0
237 -0.6667438674790276 1.3145997899388788 0.03966039020031786 0.0 0.0 0.0 0.0 0.0 0.0
238 -0.22539894067081068 3.824820533437541 0.4172414427175214 0.0 0.0 0.0 0.0 0.0 0.0
239 -0.655608803824444 3.920221158910296 -0.32841051211853256 0.0 0.0 0.0 0.0 0.0 0.0
240 -0.5721913044515153 2.9390168525176747 -0.40419113802055684 0.0 0.0 0.0 0.0 0.0 0.0
241 -0.1685870596702086 3.085207767678522 -0.06327717870266292 0.0 0.0 0.0 0.0 0.0 0.0
242 -0.6764117676854321 3.3103188091993845 -0.38568008468762816 0.0 0.0 0.0 0.0 0.0 0.0
243 -0.3091914062275244 1.968068903341577 -0.19965003215943766 0.0 0.0 0.0 0.0 0.0 0.0
244 -0.4033776385295783 2.7626077415621655 -0.4124692365577002 0.0 0.0 0.0 0.0 0.0 0.0
245 -0.08960862323675833 1.6603681991265842 0.34201775923976785 0.0 0.0 0.0 0.0 0.0 0.0
246 -0.5759368883710175 1.0425620527072996 0.06802889414726332 0.0 0.0 0.0 0.0 0.0 0.0
247 -0.43806122086615207 1.9538099668406894 0.31095186615155446 0.0 0.0 0.0 0.0 0.0 0.0
248 -0.6816159054866475 2.966033072978854 0.4461599403877603 0.0 0.0 0.0 0.0 0.0 0.0
249 -0.8791162842768552 1.8047252228973805 -0.38993850956574416 0.0 0.0 0.0 0.0 0.0 0.0
250 -0.38371133675989855 1.411065485536418 -0.09798933521564057 0.0 0.0 0.0 0.0 0.0 0.0
251 -0.13191481710361708 2.7956114327908663 -0.20461822601980129 0.0 0.0 0.0 0.0 0.0 0.0
252 -0.9959047878692483 2.859028397523041 0.30901445347241274 0.0 0.0 0.0 0.0 0.0 0.0
253 -0.28999685998704894 1.6463568207359796 -0.263341126461909 0.0 0.0 0.0 0.0 0.0 0.0
254 -0.07611227695913769 3.0237435485505486 0.1543051234505285 0.0 0.0 0.0 0.0 0.0 0.0
255 -0.8744615758608146 2.830550246261757 0.00042236389590621926 0.0 0.0 0.0 0.0 0.0 0.0
256 -0.1513221531412342 2.3455381312219385 0.31562814007271267 0.0 0.0 0.0 0.0 0.0 0.0
257 -0.034027155791842456 3.0829821748766095 -0.008943112540018228 0.0 0.0 0.0 0.0 0.0 0.0
258 -0.3001244610916196 2.8322725209344872 -0.25660307292820594 0.0 0.0 0.0 0.0 0.0 0.0
259 -0.5061491474865878 3.807449377160315 0.16304751633870684 0.0 0.0 0.0 0.0 0.0 0.0
260 -0.7392469159102781 3.8599049111997727 0.12673301478931254 0.0 0.0 0.0 0.0 0.0 0.0
261 -0.24847033428672738 1.32789157486211 -0.28081864529408884 0.0 0.0 0.0 0.0 0.0 0.0
262 -0.8958428397621452 3.3337892305541974 0.015838421908654254 0.0 0.0 0.0 0.0 0.0 0.0
263 -0.6181858302692459 3.1564481630105226 -0.3608744444403329 0.0 0.0 0.0 0.0 0.0 0.0
264 -0.7870782525388065 3.177325911866852 -0.1537275883156214 0.0 0.0 0.0 0.0 0.0 0.0
265 -0.42108682457494107 2.373624499668587 0.29766521447107264 0.0 0.0 0.0 0.0 0.0 0.0
266 -0.6709071303015471 3.8745986198224838 -0.08147692725055067 0.0 0.0 0.0 0.0 0.0 0.0
267 -0.24142620797763026 1.9230003625007503 0.3486153051224222 0.0 0.0 0.0 0.0 0.0 0.0
268 -0.44610896656217824 1.3631307761996223 0.11658661747427668 0.0 0.0 0.0 0.0 0.0 0.0
269 -0.753829603812319 3.96262816512727 -0.16440731467701308 0.0 0.0 0.0 0.0 0.0 0.0
270 -0.9806522903521528 1.6346241858727364 0.07876861864314255 0.0 0.0 0.0 0.0 0.0 0.0
271 -0.30489926991272187 3.277376078003508 0.04031337971738003 0.0 0.0 0.0 0.0 0.0 0.0
272 -0.8752500431246152 1.7754951629878155 -0.48644607680918905 0.0 0.0 0.0 0.0 0.0 0.0
273 -0.5021740643741546 2.9796867011504133 -0.03755256541827523 0.0 0.0 0.0 0.0 0.0 0.0
274 -0.12788852687613372 1.8796816301554509 0.32390042143210296 0.0 0.0 0.0 0.0 0.0 0.0
275 -0.34677653504600703 1.7776032870933234 -0.30036811077416936 0.0 0.0 0.0 0.0 0.0 0.0
276 -0.7626458083711279 1.180419154579422 0.24995996207788806 0.0 0.0 0.0 0.0 0.0 0.0
277 -0.2116108614721024 2.979340570148261 -0.21467360052659656 0.0 0.0 0.0 0.0 0.0 0.0
278 -0.24100829570739835 3.2500218897200344 0.3259687932453772 0.0 0.0 0.0 0.0 0.0 0.0
279 -0.027068808097500896 2.028212788257879 -0.2781432563825875 0.0 0.0 0.0 0.0 0.0 0.0
280 -0.45447548423390716 3.794446285282009 -0.41059486564389847 0.0 0.0 0.0 0.0 0.0 0.0
281 -0.25954784356628435 2.276656986094749 -0.360095658843146 0.0 0.0 0.0 0.0 0.0 0.0
282 -0.4540090678002737 2.8049722179399015 -0.30107252645195803 0.0 0.0 0.0 0.0 0.0 0.0
283 -0.1403699313303881 3.216259115143257 -0.027132542058293296 0.0 0.0 0.0 0.0 0.0 0.0
284 -0.2820913935830579 2.6749711301611345 -0.20407117045634038 0.0 0.0 0.0 0.0 0.0 0.0
285 -0.9297318654669953 3.9306893507507277 0.09541234348009553 0.0 0.0 0.0 0.0 0.0 0.0
286 -0.959367928713091 3.227570949596661 -0.38822890413148103 0.0 0.0 0.0 0.0 0.0 0.0
287 -0.03570228375139439 1.4604673033704874 0.17968184235254003 0.0 0.0 0.0 0.0 0.0 0.0
288 -0.6821802490659544 2.5280592633069157 0.3608747752406397 0.0 0.0 0.0 0.0 0.0 0.0
289 -0.26203761293473204 2.419592168882515 0.43173097654835757 0.0 0.0 0.0 0.0 0.0 0.0
290 -0.16910042250508417 1.3538141861569 -0.34901183944103575 0.0 0.0 0.0 0.0 0.0 0.0
291 -0.32184959347353714 1.8941113840318826 -0.27785756440961684 0.0 0.0 0.0 0.0 0.0 0.0
292 -0.2632010085878085 3.8918215689338265 -0.07784458428596364 0.0 0.0 0.0 0.0 0.0 0.0
293 -0.4679340700526192 2.1465367665140693 0.397646809559822 0.0 0.0 0.0 0.0 0.0 0.0
294 -0.08327065921824128 1.1173994003281136 0.45801417089267105 0.0 0.0 0.0 0.0 0.0 0.0
295 -0.8735091142137484 3.460621343854684 0.06659813638856138 0.0 0.0 0.0 0.0 0.0 0.0
296 -0.18230231084301796 3.4938171062054764 -0.12516736499058223 0.0 0.0 0.0 0.0 0.0 0.0
297 -0.06672250150131831 2.7905582268453064 -0.20611052755337023 0.0 0.0 0.0 0.0 0.0 0.0
298 -0.78244586415773 2.180622106097731 0.4242686641133535 0.0 0.0 0.0 0.0 0.0 0.0
299 -0.6397558597580161 1.9562856225809473 -0.011534666652393888 0.0 0.0 0.0 0.0 0.0 0.0
300 -0.8243071562744111 1.0541703047722715 0.2232323795179486 0.0 0.0 0.0 0.0 0.0 0.0
301 -0.939926911066431 3.6860377709104686 0.41678483675293365 0.0 0.0 0.0 0.0 0.0 0.0
302 -0.07423575827014983 3.082042091254488 -0.09566379132701053 0.0 0.0 0.0 0.0 0.0 0.0
303 -0.7792120833017332 1.638886692168273 -0.15470579191194145 0.0 0.0 0.0 0.0 0.0 0.0
304 -0.9757420107706875 2.2415492244795163 0.4045862955441636 0.0 0.0 0.0 0.0 0.0 0.0
305 -0.85686640923542 1.165231790243232 -0.18773767770793404 0.0 0.0 0.0 0.0 0.0 0.0
306 -0.10620588139300169 3.42297410592617 0.3231682436051252 0.0 0.0 0.0 0.0 0.0 0.0
307 -0.5223169828729005 3.9708232293491115 -0.1394713553722421 0.0 0.0 0.0 0.0 0.0 0.0
308 -0.8353755773466143 1.7971406803071175 -0.21108315202941608 0.0 0.0 0.0 0.0 0.0 0.0
309 -0.2962552240744304 1.822454030630158 -0.05029418269949415 0.0 0.0 0.0 0.0 0.0 0.0
310 -0.7762401672468756 3.431923175444088 -0.3965153990566711 0.0 0.0 0.0 0.0 0.0 0.0
311 -0.7861035994945423 2.7109221617980963 0.11415489280261937 0.0 0.0 0.0 0.0 0.0 0.0
312 -0.43081693967276213 3.5055807528400167 0.24406059348764908 0.0 0.0 0.0 0.0 0.0 0.0
313 -0.03646110135144509 3.8054952738193832 -0.3584591480438287 0.0 0.0 0.0 0.0 0.0 0.0
314 -0.1633295070522962 1.2230991189257272 0.24273191563887775 0.0 0.0 0.0 0.0 0.0 0.0
315 -0.2962765170951659 1.8433628309278116 -0.3704809654052291 0.0 0.0 0.0 0.0 0.0 0.0
316 -0.32959075770805657 2.414141300038042 0.486779528858725 0.0 0.0 0.0 0.0 0.0 0.0
317 -0.601438690700886 2.689579257205418 -0.31883963186412845 0.0 0.0 0.0 0.0 0.0 0.0
318 -0.5292700821799201 2.0643350177155364 0.29569748187749356 0.0 0.0 0.0 0.0 0.0 0.0
319 -0.2362570916228891 2.1400844848431495 -0.4128440569839741 0.0 0.0 0.0 0.0 0.0 0.0
320 -0.7111190556612269 2.48566292228614 0.20951577788922937 0.0 0.0 0.0 0.0 0.0 0.0
321 -0.6511465747418184 1.3411133250519236 0.08955315897653893 0.0 0.0 0.0 0.0 0.0 0.0
322 -0.15198097716423964 2.2899780717852725 0.31630192594281126 0.0 0.0 0.0 0.0 0.0 0.0
323 -0.1686462530222077 3.5149568067555705 -0.4889770451952983 0.0 0.0 0.0 0.0 0.0 0.0
324 -0.4848825034220867 3.1089885528737766 0.0025583187963594822 0.0 0.0 0.0 0.0 0.0 0.0
325 -0.4758893545327515 3.017981485478034 -0.26064099027060916 0.0 0.0 0.0 0.0 0.0 0.0
326 -0.754326587049934 1.369536287883432 -0.027178582603098467 0.0 0.0 0.0 0.0 0.0 0.0
327 -0.1926503597397371 2.3138427604816343 0.47287029414243453 0.0 0.0 0.0 0.0 0.0 0.0
328 -0.8399239979699958 3.7715142822191066 -0.15933939032971556 0.0 0.0 0.0 0.0 0.0 0.0
329 -0.42738004579341815 3.118084198511793 0.41982090972337704 0.0 0.0 0.0 0.0 0.0 0.0
330 -0.6091676751280409 2.7811916719777314 0.24857808901834388 0.0 0.0 0.0 0.0 0.0 0.0
331 -0.13951256125937173 1.4573180839498818 0.4197143873367202 0.0 0.0 0.0 0.0 0.0 0.0
332 -0.7636008404777116 1.008796862487558 -0.04499657070236929 0.0 0.0 0.0 0.0 0.0 0.0
333 -0.44369183454387595 3.099487432658934 -0.24207692830226146 0.0 0.0 0.0 0.0 0.0 0.0
334 -0.4867207695709125 1.0209669673824138 0.10491046370586188 0.0 0.0 0.0 0.0 0.0 0.0
335 -0.3177327921054759 2.4241233587108195 -0.36872749262760807 0.0 0.0 0.0 0.0 0.0 0.0
336 -0.3590612596780719 3.962173095534177 0.4581548151299233 0.0 0.0 0.0 0.0 0.0 0.0
337 -0.33838111380329605 2.0294225502710543 0.22457202414492405 0.0 0.0 0.0 0.0 0.0 0.0
338 -0.5168800435412464 3.3090868872085815 0.40971880139435557 0.0 0.0 0.0 0.0 0.0 0.0
339 -0.9559171631394001 2.398336111596911 0.008204989909176064 0.0 0.0 0.0 0.0 0.0 0.0
340 -0.9102619273274191 3.5359357616003173 -0.3474026303257207 0.0 0.0 0.0 0.0 0.0 0.0
341 -0.3418041837063931 2.1295309646346805 -0.27087385430878697 0.0 0.0 0.0 0.0 0.0 0.0
342 -0.3322742074404673 3.416879231655595 -0.48646408799836016 0.0 0.0 0.0 0.0 0.0 0.0
343 -0.504170916622361 2.306818483445581 -0.3445171096660372 0.0 0.0 0.0 0.0 0.0 0.0
344 -0.6258751745482157 2.015938839200645 -0.1523448563167077 0.0 0.0 0.0 0.0 0.0 0.0
345 -0.559616246539578 3.6234947078936424 -0.47432593815280977 0.0 0.0 0.0 0.0 0.0 0.0
346 -0.47990330559320904 1.2473033313037067 0.04063027561110555 0.0 0.0 0.0 0.0 0.0 0.0
347 -0.8020742900611902 3.545406869920038 -0.3315426040415693 0.0 0.0 0.0 0.0 0.0 0.0
348 -0.11051911937622971 2.9787100139650176 0.12390290776903423 0.0 0.0 0.0 0.0 0.0 0.0
349 -0.6316424242604962 3.9072695947129423 -0.35260053851423834 0.0 0.0 0.0 0.0 0.0 0.0
350 -0.6598857690671791 1.9466771983572189 0.4013963168594453 0.0 0.0 0.0 0.0 0.0 0.0
351 -0.19470898963693373 3.306505071910757 0.05505815258672664 0.0 0.0 0.0 0.0 0.0 0.0
352 -0.5051699163304009 1.7636551332853818 0.2280442597247695 0.0 0.0 0.0 0.0 0.0 0.0
353 -0.6848639969681575 1.7103237082081848 -0.40288146711848605 0.0 0.0 0.0 0.0 0.0 0.0
354 -0.9572630561197822 3.334781009204829 -0.42307310953388255 0.0 0.0 0.0 0.0 0.0 0.0
355 -0.6456217781048263 1.7222272989533018 0.25237034925735546 0.0 0.0 0.0 0.0 0.0 0.0
356 -0.378812101568181 2.6748099638095457 -0.48812631331751355 0.0 0.0 0.0 0.0 0.0 0.0
357 -0.6767670731401578 1.76515718568215 -0.496566580230583 0.0 0.0 0.0 0.0 0.0 0.0
358 -0.05730590717413986 1.1522197508676197 -0.06413467072631851 0.0 0.0 0.0 0.0 0.0 0.0
359 -0.03763249869990848 3.125334549533637 -0.06851636455472732 0.0 0.0 0.0 0.0 0.0 0.0
360 -0.998504662652769 3.484163749127248 -0.028943039783569602 0.0 0.0 0.0 0.0 0.0 0.0
361 -0.4029644746506832 1.1968282061732896 -0.2185501909732015 0.0 0.0 0.0 0.0 0.0 0.0
362 -0.4086426855688755 3.11926361283368 0.2815461815394944 0.0 0.0 0.0 0.0 0.0 0.0
363 -0.2924712076172532 2.6317684153151277 0.46771048351354005 0.0 0.0 0.0 0.0 0.0 0.0
364 -0.9544678546160703 2.2619904461376206 -0.4875221472477729 0.0 0.0 0.0 0.0 0.0 0.0
365 -0.6650692298786747 1.8436482902001017 0.45119412307722484 0.0 0.0 0.0 0.0 0.0 0.0
366 -0.5765961125745775 1.3031033550477553 0.12323216874567045 0.0 0.0 0.0 0.0 0.0 0.0
367 -0.6678831041500126 2.8818280597137913 -0.06484765962851013 0.0 0.0 0.0 0.0 0.0 0.0
368 -0.5924005833114826 3.0787770601857045 -0.2689332710655089 0.0 0.0 0.0 0.0 0.0 0.0
369 -0.8794026784045748 1.0173723991437003 -0.03471912004628486 0.0 0.0 0.0 0.0 0.0 0.0
370 -0.781209283671606 2.2190444437422663 -0.39319059709123994 0.0 0.0 0.0 0.0 0.0 0.0
371 -0.24769641160207923 1.6810158465054108 0.4598233145690852 0.0 0.0 0.0 0.0 0.0 0.0
372 -0.39603427919349576 3.1150343331751396 -0.47543376099948564 0.0 0.0 0.0 0.0 0.0 0.0
373 -0.531004993485633 1.1613220320910165 -0.018597987489211376 0.0 0.0 0.0 0.0 0.0 0.0
374 -0.803358330270329 3.9435825189579594 -0.1271420753560386 0.0 0.0 0.0 0.0 0.0 0.0
375 -0.9132688137871298 1.976944272191059 -0.3677700402043804 0.0 0.0 0.0 0.0 0.0 0.0
376 -0.1517978756382019 2.2142768649640048 -0.23349119506927019 0.0 0.0 0.0 0.0 0.0 0.0
377 -0.5778362876067492 3.241773582069409 -0.44547904852744813 0.0 0.0 0.0 0.0 0.0 0.0
378 -0.2652079090476901 3.707339013845714 0.01272081107148293 0.0 0.0 0.0 0.0 0.0 0.0
379 -0.7730613005964514 2.0547946303558406 0.40238264651781197 0.0 0.0 0.0 0.0 0.0 0.0
380 -0.9566179898790695 3.468336118573062 -0.23326748415805443 0.0 0.0 0.0 0.0 0.0 0.0
381 -0.22765685749314568 2.3794391490122355 -0.41210038851857933 0.0 0.0 0.0 0.0 0.0 0.0
382 -0.3208310709391793 2.6252577104219474 0.2666337949645089 0.0 0.0 0.0 0.0 0.0 0.0
383 -0.5845223130414358 2.0566806919457763 -0.10079798758707614 0.0 0.0 0.0 0.0 0.0 0.0
384 -0.35186106351623714 2.6997080603784687 0.36568736953795644 0.0 0.0 0.0 0.0 0.0 0.0
385 -0.9938918154107245 3.1978137354456555 -0.11154933947223178 0.0 0.0 0.0 0.0 0.0 0.0
386 -0.27123935542775524 3.1871076638639027 -0.20961294495200944 0.0 0.0 0.0 0.0 0.0 0.0
387 -0.6880795280841386 3.716960236018257 0.16096857399201459 0.0 0.0 0.0 0.0 0.0 0.0
388 -0.6413214282202346 2.0881136170386565 -0.1998346398862153 0.0 0.0 0.0 0.0 0.0 0.0
389 -0.26644274513259025 3.4648846876188344 0.03007070302646131 0.0 0.0 0.0 0.0 0.0 0.0
390 -0.46258563969632205 2.781518602518313 -0.15241970733338328 0.0 0.0 0.0 0.0 0.0 0.0
391 -0.49719413549085345 3.4947388896329947 0.12096099092783896 0.0 0.0 0.0 0.0 0.0 0.0
392 -0.32810027852480195 2.6099538766005645 0.005130578227481863 0.0 0.0 0.0 0.0 0.0 0.0
393 -0.593194819613493 2.585801378325666 -0.038829930082209474 0.0 0.0 0.0 0.0 0.0 0.0
394 -0.04079826965265809 1.0318628424563419 -0.34264097961305595 0.0 0.0 0.0 0.0 0.0 0.0
395 -0.9319362543199188 1.5695672000385055 0.4956040841282403 0.0 0.0 0.0 0.0 0.0 0.0
396 -0.6106774060505927 1.2390836165462682 -0.47462669552529324 0.0 0.0 0.0 0.0 0.0 0.0
397 -0.8511011411471012 3.6180046273234963 -0.15621705157590604 0.0 0.0 0.0 0.0 0.0 0.0
398 -0.5781750591498528 3.2856809296005354 -0.393649167856698 0.0 0.0 0.0 0.0 0.0 0.0
399 -0.537412506992594 3.1547440886704115 0.11528112549016611 0.0 0.0 0.0 0.0 0.0 0.0
400 -0.27773465258471 3.883979871295179 -0.22003258396133085 0.0 0.0 0.0 0.0 0.0 0.0
401 -0.06402075211899483 2.0349509234881507 -0.09625890335832243 0.0 0.0 0.0 0.0 0.0 0.0
402 -0.1365566936951792 1.401653086797062 -0.32234906212527425 0.0 0.0 0.0 0.0 0.0 0.0
403 -0.26254431235408204 3.2075838018558516 -0.07076991454251069 0.0 0.0 0.0 0.0 0.0 0.0
404 -0.5298709507379202 1.0228114815892724 0.12938491070803948 0.0 0.0 0.0 0.0 0.0 0.0
405 -0.16967726623514545 2.4233038652502 -0.33394459200695414 0.0 0.0 0.0 0.0 0.0 0.0
406 -0.5989602405142447 2.15263099842909 0.14212764372761333 0.0 0.0 0.0 0.0 0.0 0.0
407 -0.3506285886709227 2.320407756792202 0.48177850676115364 0.0 0.0 0.0 0.0 0.0 0.0
408 -0.9766345333989124 3.2399570816406476 -0.46246697427702443 0.0 0.0 0.0 0.0 0.0 0.0
409 -0.8314905737201996 1.107294974806972 0.2195728252394329 0.0 0.0 0.0 0.0 0.0 0.0
410 -0.441712553646313 2.454258994903789 0.30754219365438407 0.0 0.0 0.0 0.0 0.0 0.0
411 -0.2707008264248344 1.6502952896785514 -0.45007979524178454 0.0 0.0 0.0 0.0 0.0 0.0
412 -0.699922118811002 1.679694757532293 -0.15253645654559356 0.0 0.0 0.0 0.0 0.0 0.0
413 -0.3188344847647414 2.1785576136108658 -0.26218032582671225 0.0 0.0 0.0 0.0 0.0 0.0
414 -0.18651984052326798 2.7648237971747283 -0.1658555739357197 0.0 0.0 0.0 0.0 0.0 0.0
415 -0.5844796163187918 2.778745389870713 0.01149537259093869 0.0 0.0 0.0 0.0 0.0 0.0
416 -0.4619858177413886 2.834484892986395 -0.23276151801145062 0.0 0.0 0.0 0.0 0.0 0.0
417 -0.9587664773322871 3.0827096348953003 0.08637865761069763 0.0 0.0 0.0 0.0 0.0 0.0
418 -0.7227196908098109 3.1777829566489117 0.4798080631458489 0.0 0.0 0.0 0.0 0.0 0.0
419 -0.6356484880184491 3.298406622239428 0.4429182958902034 0.0 0.0 0.0 0.0 0.0 0.0
420 -0.4182773288872761 1.507014712752996 -0.3872538876543493 0.0 0.0 0.0 0.0 0.0 0.0
421 -0.42821878935511726 2.8044794944889113 -0.4818763194590696 0.0 0.0 0.0 0.0 0.0 0.0
422 -0.8559731732589339 1.6472947650688015 -0.49342915376492746 0.0 0.0 0.0 0.0 0.0 0.0
423 -0.9936523566610602 2.7745030012997125 -0.11271578275330985 0.0 0.0 0.0 0.0 0.0 0.0
424 -0.0585536054267799 3.344892767126331 0.3669096384828954 0.0 0.0 0.0 0.0 0.0 0.0
425 -0.3271192073141116 3.5066131899146225 -0.07674297568419852 0.0 0.0 0.0 0.0 0.0 0.0
426 -0.8401989834340307 1.9145217391284686 0.3582789133815093 0.0 0.0 0.0 0.0 0.0 0.0
427 -0.8045138475975979 2.13556505759935 0.008240806269460221 0.0 0.0 0.0 0.0 0.0 0.0
428 -0.929850601371438 3.6132812340715414 -0.3378095828021609 0.0 0.0 0.0 0.0 0.0 0.0
429 -0.0037772915411040664 1.7882424063797708 -0.08140796267609951 0.0 0.0 0.0 0.0 0.0 0.0
430 -0.23252857205724897 2.9210112555921897 0.23620798435894708 0.0 0.0 0.0 0.0 0.0 0.0
431 -0.8553714046250575 2.8559655828487163 0.4495806169190881 0.0 0.0 0.0 0.0 0.0 0.0
432 -0.5735185239820664 3.0169352628500157 -0.014162569292811122 0.0 0.0 0.0 0.0 0.0 0.0
433 -0.6226948499450394 2.4635628706535675 -0.4883726740265598 0.0 0.0 0.0 0.0 0.0 0.0
434 -0.8125232386303948 1.1059311283586934 0.1496331273152237 0.0 0.0 0.0 0.0 0.0 0.0
435 -0.6768306856885973 1.7958270122753146 -0.08181748609263606 0.0 0.0 0.0 0.0 0.0 0.0
436 -0.5237120626102444 1.1410028852452028 -0.3505853626576566 0.0 0.0 0.0 0.0 0.0 0.0
437 -0.4532331457488509 1.5641573365782198 -0.14286409887185314 0.0 0.0 0.0 0.0 0.0 0.0
438 -0.5322316786244113 1.139852073177777 -0.3296933177192328 0.0 0.0 0.0 0.0 0.0 0.0
439 -0.9246665709985838 1.450686073622022 -0.4143063848809009 0.0 0.0 0.0 0.0 0.0 0.0
440 -0.6211051196591296 2.1263785850820085 0.10061292208841299 0.0 0.0 0.0 0.0 0.0 0.0
441 -0.1514455954752678 1.189312397830487 -0.28427233857948975 0.0 0.0 0.0 0.0 0.0 0.0
442 -0.7020324592251885 2.768951222350277 0.12307513541624582 0.0 0.0 0.0 0.0 0.0 0.0
443 -0.1864581674997874 3.5433826797208257 -0.31634624624963625 0.0 0.0 0.0 0.0 0.0 0.0
444 -0.7430146007080418 2.9253956971890305 0.1682511753864998 0.0 0.0 0.0 0.0 0.0 0.0
445 -0.23643449626741442 1.8762923574572992 -0.4116299889775583 0.0 0.0 0.0 0.0 0.0 0.0
446 -0.24341437535806776 3.0809352336421654 -0.13857498603638874 0.0 0.0 0.0 0.0 0.0 0.0
447 -0.24080837669164945 1.8641906557318941 -0.09963991018997664 0.0 0.0 0.0 0.0 0.0 0.0
448 -0.9886282486278517 3.321948731141214 0.22103714594635882 0.0 0.0 0.0 0.0 0.0 0.0
449 -0.181510358900541 1.1232061942264262 0.26215163421116117 0.0 0.0 0.0 0.0 0.0 0.0
450 -0.47913521942193826 1.7176251722551399 -0.09598648187653935 0.0 0.0 0.0 0.0 0.0 0.0
451 -0.5668905972213093 2.6686207752892055 0.4487131746435006 0.0 0.0 0.0 0.0 0.0 0.0
452 -0.833322324379419 2.2140086968004784 -0.24336794372023363 0.0 0.0 0.0 0.0 0.0 0.0
453 -0.5298531749085738 1.5980966734298934 -0.47282938043471 0.0 0.0 0.0 0.0 0.0 0.0
454 -0.06499051911385201 3.3033824596826884 -0.2555315683986601 0.0 0.0 0.0 0.0 0.0 0.0
455 -0.8570964368625077 2.0922475442633757 0.033676168932902484 0.0 0.0 0.0 0.0 0.0 0.0
456 -0.96463574743379 2.5556536820355156 -0.3726477063666398 0.0 0.0 0.0 0.0 0.0 0.0
457 -0.014573141265885159 3.69450236524475 -0.49066311387613293 0.0 0.0 0.0 0.0 0.0 0.0
458 -0.44279173030745367 2.9431298537159085 -0.1300005248963657 0.0 0.0 0.0 0.0 0.0 0.0
459 -0.4763167740576595 2.2849087584388386 0.35527419780599856 0.0 0.0 0.0 0.0 0.0 0.0
460 -0.6029192845938313 1.3573866157648284 -0.4430368228836068 0.0 0.0 0.0 0.0 0.0 0.0
461 -0.17087816592500882 1.175584259930739 -0.46425928593165133 0.0 0.0 0.0 0.0 0.0 0.0
462 -0.9489176012108389 1.3169419456457785 -0.1568897115242811 0.0 0.0 0.0 0.0 0.0 0.0
463 -0.3171905258306994 2.519676974784209 -0.3026924444850193 0.0 0.0 0.0 0.0 0.0 0.0
464 -0.29659726048733304 3.128421212453164 0.19678654369699522 0.0 0.0 0.0 0.0 0.0 0.0
465 -0.3537800631991669 2.8189262272833133 -0.22126275559296682 0.0 0.0 0.0 0.0 0.0 0.0
466 -0.220349666629978 3.379165865311296 -0.4213662960547787 0.0 0.0 0.0 0.0 0.0 0.0
467 -0.9016965692394638 2.770680231250058 0.1877847158988527 0.0 0.0 0.0 0.0 0.0 0.0
468 -0.35279840940378093 1.6752088278535289 -0.09165760599802708 0.0 0.0 0.0 0.0 0.0 0.0
469 -0.9321700847916481 3.135331364341152 -0.3784594932780445 0.0 0.0 0.0 0.0 0.0 0.0
470 -0.6292106826556383 3.98143253959347 -0.013651929693728526 0.0 0.0 0.0 0.0 0.0 0.0
471 -0.9832589384627414 3.479580254442738 0.09781013414135908 0.0 0.0 0.0 0.0 0.0 0.0
472 -0.1740494816413648 2.2619569761786282 0.31621756813382773 0.0 0.0 0.0 0.0 0.0 0.0
473 -0.9744033407280605 3.8069594589956806 0.20139499539900874 0.0 0.0 0.0 0.0 0.0 0.0
474 -0.021738817610914007 1.5452780104703558 0.2405495492531876 0.0 0.0 0.0 0.0 0.0 0.0
475 -0.2482097563782255 2.5306463664126606 -0.1253678848567612 0.0 0.0 0.0 0.0 0.0 0.0
476 -0.48539872798643047 2.225827063307467 -0.49571294521925313 0.0 0.0 0.0 0.0 0.0 0.0
477 -0.9875297707978637 1.852757952376468 0.4352330008123917 0.0 0.0 0.0 0.0 0.0 0.0
478 -0.731653778641633 2.1012327984141854 0.24835082790114094 0.0 0.0 0.0 0.0 0.0 0.0
479 -0.43017690774223283 3.275867876897487 0.09460312523658976 0.0 0.0 0.0 0.0 0.0 0.0
480 -0.1532269379663126 3.7325874552214415 -0.48632287524756035 0.0 0.0 0.0 0.0 0.0 0.0
481 -0.8574311222940059 2.396269010549547 -0.34403282271140145 0.0 0.0 0.0 0.0 0.0 0.0
482 -0.9205486833079277 2.3816366955352697 -0.33318355900539853 0.0 0.0 0.0 0.0 0.0 0.0
483 -0.921231275381217 2.235283448610296 0.42116466501630423 0.0 0.0 0.0 0.0 0.0 0.0
484 -0.9858442465911915 3.197572197414356 -0.005317539828492923 0.0 0.0 0.0 0.0 0.0 0.0
485 -0.6569905474223015 2.9544175432999364 0.015040009404241661 0.0 0.0 0.0 0.0 0.0 0.0
486 -0.21305645111149518 3.264702231886974 0.30580249777492685 0.0 0.0 0.0 0.0 0.0 0.0
487 -0.29611599153059553 2.533957028013873 -0.14710676771815656 0.0 0.0 0.0 0.0 0.0 0.0
488 -0.1127252620320186 2.763680958665002 -0.008465545028619292 0.0 0.0 0.0 0.0 0.0 0.0
489 -0.04140998448711242 2.051173691486729 0.4799002240146524 0.0 0.0 0.0 0.0 0.0 0.0
490 -0.22222998207856837 2.6017225643132096 0.4421043644842634 0.0 0.0 0.0 0.0 0.0 0.0
491 -0.3077431273829271 2.570799506648826 0.33734048806677175 0.0 0.0 0.0 0.0 0.0 0.0
492 -0.5810498808653486 2.005275550000997 -0.4476889554872977 0.0 0.0 0.0 0.0 0.0 0.0
493 -0.2211096586050053 3.1695060774056842 0.49576204422971815 0.0 0.0 0.0 0.0 0.0 0.0
494 -0.5578227755876392 2.577795390259223 -0.29826741287196123 0.0 0.0 0.0 0.0 0.0 0.0
495 -0.2471667382459669 2.2998785552016026 -0.03161135068018206 0.0 0.0 0.0 0.0 0.0 0.0
496 -0.9118290487833004 2.723115732307387 0.329834449317008 0.0 0.0 0.0 0.0 0.0 0.0
497 -0.9331420667734853 3.6236844911364416 0.39540039090975765 0.0 0.0 0.0 0.0 0.0 0.0
498 -0.3158346132565235 2.978008917090241 -0.08014763559891802 0.0 0.0 0.0 0.0 0.0 0.0
499 -0.8364310273428331 1.2402032923840327 -0.29593003709797794 0.0 0.0 0.0 0.0 0.0 0.0
500 -0.7724512833433128 3.9716241404382817 -0.2753890179251206 0.0 0.0 0.0 0.0 0.0 0.0
501 -0.3260786376636601 3.916522608280821 0.25537794622455756 0.0 0.0 0.0 0.0 0.0 0.0
502 -0.9796685364102928 3.102931918505326 0.31921206767581645 0.0 0.0 0.0 0.0 0.0 0.0
503 -0.2830970777676197 1.672615875280373 -0.4258894385384949 0.0 0.0 0.0 0.0 0.0 0.0
504 -0.009956469604029738 3.1636051961937417 0.001475457502582156 0.0 0.0 0.0 0.0 0.0 0.0
505 -0.8006415971675752 3.928926727479892 0.2549971712284269 0.0 0.0 0.0 0.0 0.0 0.0
506 -0.03534103937531463 3.1826998896039003 0.21737215126673248 0.0 0.0 0.0 0.0 0.0 0.0
507 -0.44315125317760395 2.7985499611771627 0.12382554832412285 0.0 0.0 0.0 0.0 0.0 0.0
508 -0.2086556540214176 1.815835956388552 0.46229610224406104 0.0 0.0 0.0 0.0 0.0 0.0
509 -0.33558435211112103 1.2642918574877013 -0.4858915507569168 0.0 0.0 0.0 0.0 0.0 0.0
510 -0.5698372933185978 1.44045243503485 0.45326471762821874 0.0 0.0 0.0 0.0 0.0 0.0
511 -0.6508523687532426 2.716761645795275 0.45581241154525753 0.0 0.0 0.0 0.0 0.0 0.0
512 -0.6428103502992618 2.9656282962609493 0.05438590837212176 0.0 0.0 0.0 0.0 0.0 0.0
513 -0.08996607592092798 3.8024842623130892 -0.10879516365512232 0.0 0.0 0.0 0.0 0.0 0.0
514 -0.13961702103972484 2.3066160132702676 -0.4722861615380479 0.0 0.0 0.0 0.0 0.0 0.0
515 -0.42133352550191294 2.081179490869717 0.39910597455940444 0.0 0.0 0.0 0.0 0.0 0.0
516 -0.8221873599179697 1.8693501996472124 0.41670514008123705 0.0 0.0 0.0 0.0 0.0 0.0
517 -0.8374033164758593 1.5375431427076718 -0.14427468130636656 0.0 0.0 0.0 0.0 0.0 0.0
518 -0.1567678800172949 1.226330769983976 -0.42533858460193186 0.0 0.0 0.0 0.0 0.0 0.0
519 -0.32352865614796533 3.3879965793766242 -0.047192519573902025 0.0 0.0 0.0 0.0 0.0 0.0
520 -0.17614790364134303 2.2660994487277777 -0.16256025515787798 0.0 0.0 0.0 0.0 0.0 0.0
521 -0.8844473686876091 2.464198719689134 0.4110762597270706 0.0 0.0 0.0 0.0 0.0 0.0
522 -0.22857962396698084 2.5269432243356538 -0.4260858039424529 0.0 0.0 0.0 0.0 0.0 0.0
523 -0.5114294410085903 1.6796401294155512 -0.43526095188125624 0.0 0.0 0.0 0.0 0.0 0.0
524 -0.6345998553126008 1.4276636782252357 0.38127944253247825 0.0 0.0 0.0 0.0 0.0 0.0
525 -0.6845716231409322 1.3205270686362809 -0.3597490993573579 0.0 0.0 0.0 0.0 0.0 0.0
526 -0.3774445805666622 1.2714573033934191 0.1941341955354492 0.0 0.0 0.0 0.0 0.0 0.0
527 -0.238088280368276 1.9012013199099331 0.4042668884005636 0.0 0.0 0.0 0.0 0.0 0.0
528 -0.26293278934572384 1.53720960081787 0.17867183845202717 0.0 0.0 0.0 0.0 0.0 0.0
529 -0.6663436915217886 1.436503342974118 0.06709669816384212 0.0 0.0 0.0 0.0 0.0 0.0
530 -0.7548352093161818 3.0328303052280985 -0.006226269498682546 0.0 0.0 0.0 0.0 0.0 0.0
531 -0.1430906408427386 1.3702576669074018 0.05140181814756428 0.0 0.0 0.0 0.0 0.0 0.0
532 -0.4920012232780051 2.2891350526039855 0.27577164841892443 0.0 0.0 0.0 0.0 0.0 0.0
533 -0.28004321278515987 3.3402783872858217 -0.2760046996099714 0.0 0.0 0.0 0.0 0.0 0.0
534 -0.7162237837983627 3.187254705300549 0.3039207900540498 0.0 0.0 0.0 0.0 0.0 0.0
535 -0.6334637735098728 3.4184670704236537 0.40369160166910956 0.0 0.0 0.0 0.0 0.0 0.0
536 -0.02229388702787305 1.4134342384278393 -0.11181425230335962 0.0 0.0 0.0 0.0 0.0 0.0
537 -0.8334398289465678 3.794861235614758 -0.3324149262604281 0.0 0.0 0.0 0.0 0.0 0.0
538 -0.3062225761843348 1.3811426715657356 -0.03712328565815037 0.0 0.0 0.0 0.0 0.0 0.0
539 -0.708882483123525 2.044604721944461 0.16386483559960263 0.0 0.0 0.0 0.0 0.0 0.0
540 -0.8296821744027093 2.5263103062724293 -0.211145720226102 0.0 0.0 0.0 0.0 0.0 0.0
541 -0.19948171368304557 3.753055406274805 0.45937222012911305 0.0 0.0 0.0 0.0 0.0 0.0
542 -0.29163539698624685 1.714687572919276 -0.10191013154631301 0.0 0.0 0.0 0.0 0.0 0.0
543 -0.2836032264125372 2.4496516517286255 0.07512520523059929 0.0 0.0 0.0 0.0 0.0 0.0
544 -0.21812596004205298 1.6731550656662484 -0.28514164591310853 0.0 0.0 0.0 0.0 0.0 0.0
545 -0.23102941477082506 2.5687382877681695 0.1881870210109402 0.0 0.0 0.0 0.0 0.0 0.0
546 -0.8388610819515643 1.8565586241671583 0.21742363220135108 0.0 0.0 0.0 0.0 0.0 0.0
547 -0.5268873207320398 3.4871544030225503 0.12309499238853383 0.0 0.0 0.0 0.0 0.0 0.0
548 -0.7359120868615335 2.204762575914436 -0.36638292045558685 0.0 0.0 0.0 0.0 0.0 0.0
549 -0.7593660677496923 1.59704603557168 0.12330435250837812 0.0 0.0 0.0 0.0 0.0 0.0
550 -0.4494848686934898 3.0371589557993817 -0.07726521144373155 0.0 0.0 0.0 0.0 0.0 0.0
551 -0.7111287561333044 2.572172290798035 0.44181983163678484 0.0 0.0 0.0 0.0 0.0 0.0
552 -0.6300404907612936 3.7661247135113403 0.2972173657308701 0.0 0.0 0.0 0.0 0.0 0.0
553 -0.3678974010323375 3.3010065613834376 -0.15264365177337835 0.0 0.0 0.0 0.0 0.0 0.0
554 -0.694384904899492 3.3193072489833697 0.26763015290116976 0.0 0.0 0.0 0.0 0.0 0.0
555 -0.13083573583333352 3.631808078425317 0.3424230020866693 0.0 0.0 0.0 0.0 0.0 0.0
556 -0.2135015180246872 1.85653494805007 -0.37919426244152477 0.0 0.0 0.0 0.0 0.0 0.0
557 -0.9662402967511433 1.1849063047597075 0.2112266129481386 0.0 0.0 0.0 0.0 0.0 0.0
558 -0.43639841416497427 2.3012444523213103 -0.26723792393201284 0.0 0.0 0.0 0.0 0.0 0.0
559 -0.47418517712051345 1.7349675891054273 -0.2730083449295656 0.0 0.0 0.0 0.0 0.0 0.0
560 -0.753326103258405 3.3934580684304314 0.3136280648205493 0.0 0.0 0.0 0.0 0.0 0.0
561 -0.9559970012777784 2.041891710564345 0.48423122244917594 0.0 0.0 0.0 0.0 0.0 0.0
562 -0.03833855561467059 1.3881572065714622 -0.4402927102224481 0.0 0.0 0.0 0.0 0.0 0.0
563 -0.16800999664325278 3.201241515096945 -0.3779751949051561 0.0 0.0 0.0 0.0 0.0 0.0
564 -0.5197373894963266 1.0031011258133198 0.4458156506487515 0.0 0.0 0.0 0.0 0.0 0.0
565 -0.45609855907109986 2.3964247456135417 -0.16743443479801656 0.0 0.0 0.0 0.0 0.0 0.0
566 -0.9287135771745868 1.4684787053317638 -0.2499320166077108 0.0 0.0 0.0 0.0 0.0 0.0
567 -0.882615547483721 2.6880778712934768 -0.168659694800108 0.0 0.0 0.0 0.0 0.0 0.0
568 -0.3927243022995479 3.564561138644467 -0.13720755737087365 0.0 0.0 0.0 0.0 0.0 0.0
569 -0.6018022118347343 3.523358836221288 0.20596571556803278 0.0 0.0 0.0 0.0 0.0 0.0
570 -0.5451071722068374 3.155290270163687 -0.3872728708748121 0.0 0.0 0.0 0.0 0.0 0.0
571 -0.2146982714727389 3.088262834280047 0.19130047517698756 0.0 0.0 0.0 0.0 0.0 0.0
572 -0.7188093285763908 2.3386842071668914 -0.14683823306671429 0.0 0.0 0.0 0.0 0.0 0.0
573 -0.05328080430935045 2.265123168290356 0.1751516982653435 0.0 0.0 0.0 0.0 0.0 0.0
574 -0.10118688494420869 3.900418112479792 -0.08111025676459782 0.0 0.0 0.0 0.0 0.0 0.0
575 -0.24640394190961468 1.97441345632339 0.38046813715051586 0.0 0.0 0.0 0.0 0.0 0.0
576 -0.18469417838277036 1.7347835650321217 0.025770046410776737 0.0 0.0 0.0 0.0 0.0 0.0
577 -0.5932048790733919 1.4952085176737002 0.20571487699829727 0.0 0.0 0.0 0.0 0.0 0.0
578 -0.9998651927278375 2.869715959740317 0.2809383556482339 0.0 0.0 0.0 0.0 0.0 0.0
579 -0.6718388549521505 3.094905238793128 -0.0660690297761296 0.0 0.0 0.0 0.0 0.0 0.0
580 -0.5584043825742132 1.9905653890814476 -0.13329376156832906 0.0 0.0 0.0 0.0 0.0 0.0
581 -0.4497013025352705 3.770288967476475 0.3718983228395061 0.0 0.0 0.0 0.0 0.0 0.0
582 -0.46058064314449076 2.122889999360751 -0.07205415251426295 0.0 0.0 0.0 0.0 0.0 0.0
583 -0.7705697246771656 2.680902496914691 -0.34138355808515886 0.0 0.0 0.0 0.0 0.0 0.0
584 -0.32586204817299647 1.411360735206336 0.3172576140822143 0.0 0.0 0.0 0.0 0.0 0.0
585 -0.25286545248229986 1.9808543126500742 -0.31006031209356366 0.0 0.0 0.0 0.0 0.0 0.0
586 -0.0177299587259081 3.167247809309175 -0.43354390275771026 0.0 0.0 0.0 0.0 0.0 0.0
587 -0.5973167018529052 2.3902790630143005 -0.4023968864303692 0.0 0.0 0.0 0.0 0.0 0.0
588 -0.6449532813914979 2.557049974652218 -0.11417730243216895 0.0 0.0 0.0 0.0 0.0 0.0
589 -0.4715469665283315 1.6216044910759173 0.3723149458744094 0.0 0.0 0.0 0.0 0.0 0.0
590 -0.05698210593906783 1.0933282491683913 -0.28917317390255504 0.0 0.0 0.0 0.0 0.0 0.0
591 -0.8574472948821639 2.9448216283639987 -0.2725032850439375 0.0 0.0 0.0 0.0 0.0 0.0
592 -0.018986349128504054 2.3985670350981168 0.3936768049700612 0.0 0.0 0.0 0.0 0.0 0.0
593 -0.39778774533343897 1.6757246674288306 -0.03945954295479126 0.0 0.0 0.0 0.0 0.0 0.0
594 -0.2844321303139108 3.8835592048884218 -0.32505631059470774 0.0 0.0 0.0 0.0 0.0 0.0
595 -0.4616670239286277 2.017837190575037 0.0684388601931456 0.0 0.0 0.0 0.0 0.0 0.0
596 -0.2929691501466558 2.6953037503121937 0.41606794839236716 0.0 0.0 0.0 0.0 0.0 0.0
597 -0.6885659169250657 2.930890102738947 0.09113889810866294 0.0 0.0 0.0 0.0 0.0 0.0
598 -0.31400020989956423 1.8396644754544635 0.4285000493367599 0.0 0.0 0.0 0.0 0.0 0.0
599 -0.05504545679245798 1.7062590372159363 0.25441133062151344 0.0 0.0 0.0 0.0 0.0 0.0
600 -0.04845879250901697 2.041509855221483 0.20669325765376978 0.0 0.0 0.0 0.0 0.0 0.0
601 -0.46745454522116603 3.9858676044425327 -0.06781489930941687 0.0 0.0 0.0 0.0 0.0 0.0
602 -0.932425892538301 3.2855986561954946 0.3786016817278409 0.0 0.0 0.0 0.0 0.0 0.0
603 -0.5060231193320256 2.5865287458912603 -0.11643771618546006 0.0 0.0 0.0 0.0 0.0 0.0
604 -0.25343932529090796 2.11868172836517 0.38855397275707615 0.0 0.0 0.0 0.0 0.0 0.0
605 -0.07078240831134175 3.8657678861066778 0.3508454132010639 0.0 0.0 0.0 0.0 0.0 0.0
606 -0.3140049895534547 2.330916955954171 0.03775240712262917 0.0 0.0 0.0 0.0 0.0 0.0
607 -0.5678080280873289 1.6146059168602864 -0.41359188318097917 0.0 0.0 0.0 0.0 0.0 0.0
608 -0.8873879616051088 3.4706318239605416 0.4639134434568266 0.0 0.0 0.0 0.0 0.0 0.0
609 -0.22675946286142545 2.856565670479614 0.3216210043814237 0.0 0.0 0.0 0.0 0.0 0.0
610 -0.2676314610590488 2.971357860574681 0.12030525480758336 0.0 0.0 0.0 0.0 0.0 0.0
611 -0.21344876736248974 1.637914182957767 0.3454804496007998 0.0 0.0 0.0 0.0 0.0 0.0
612 -0.08596579444470909 3.6860202335259284 0.1444298729175867 0.0 0.0 0.0 0.0 0.0 0.0
613 -0.3138297067135166 3.2857419306677143 -0.40595370489812166 0.0 0.0 0.0 0.0 0.0 0.0
614 -0.0475821849621596 3.2873404430070456 -0.27735255067239806 0.0 0.0 0.0 0.0 0.0 0.0
615 -0.2047196700155396 3.6463608709335817 -0.3050843418803987 0.0 0.0 0.0 0.0 0.0 0.0
616 -0.09809663646502076 2.374464895648603 -0.2274826982760726 0.0 0.0 0.0 0.0 0.0 0.0
617 -0.08245290825963403 1.727656500793842 0.2969528066135384 0.0 0.0 0.0 0.0 0.0 0.0
618 -0.3492197312439346 2.179782776351635 -0.11971315910473934 0.0 0.0 0.0 0.0 0.0 0.0
619 -0.15067977074764993 1.1117583658157133 0.07996068062552053 0.0 0.0 0.0 0.0 0.0 0.0
620 -0.591110209283622 1.4813479511062755 -0.28034847937893004 0.0 0.0 0.0 0.0 0.0 0.0
621 -0.5914986240058275 2.5727107211786064 0.19428792751187995 0.0 0.0 0.0 0.0 0.0 0.0
622 -0.740553903579648 3.03716740388108 -0.24318540083352358 0.0 0.0 0.0 0.0 0.0 0.0
623 -0.6482771882546874 1.2293192334987961 0.4520367135537541 0.0 0.0 0.0 0.0 0.0 0.0
624 -0.9998091508714082 3.7011481561418833 -0.3698817881971943 0.0 0.0 0.0 0.0 0.0 0.0
625 -0.570370989281888 1.6882607596622123 -0.20096585217331786 0.0 0.0 0.0 0.0 0.0 0.0
626 -0.7834003874772323 1.534870019600454 -0.24162092286690795 0.0 0.0 0.0 0.0 0.0 0.0
627 -0.2885032645627831 2.42328660974567 -0.1929652394959226 0.0 0.0 0.0 0.0 0.0 0.0
628 -0.4546960504813238 1.5208863137160438 -0.33814841259941164 0.0 0.0 0.0 0.0 0.0 0.0
629 -0.04542768588226542 2.861854705130131 -0.07704931547210436 0.0 0.0 0.0 0.0 0.0 0.0
630 -0.004752088878814842 2.6575196199985403 0.0023115423794558554 0.0 0.0 0.0 0.0 0.0 0.0
631 -0.11925365554384959 2.3754399626383647 0.014455228317199698 0.0 0.0 0.0 0.0 0.0 0.0
632 -0.6230095094158181 1.5068574952171634 -0.3170073069669357 0.0 0.0 0.0 0.0 0.0 0.0
633 -0.2906870648284773 3.3686444963138147 0.2828158967326142 0.0 0.0 0.0 0.0 0.0 0.0
634 -0.6433966716876163 2.8616445831544812 -0.4222807759022591 0.0 0.0 0.0 0.0 0.0 0.0
635 -0.820069507408859 1.4739187583649278 -0.2207257516057819 0.0 0.0 0.0 0.0 0.0 0.0
636 -0.33012597983693226 1.1412669639057 0.32961249093569067 0.0 0.0 0.0 0.0 0.0 0.0
637 -0.15466652853108565 3.736781331411546 -0.020560242640931148 0.0 0.0 0.0 0.0 0.0 0.0
638 -0.8548136843767828 1.3085279510870786 0.2746331680456837 0.0 0.0 0.0 0.0 0.0 0.0
639 -0.9604815841939818 2.7339889452325865 -0.48976445892730147 0.0 0.0 0.0 0.0 0.0 0.0
640 -0.4146771608033216 3.636146778179138 0.2663772444003595 0.0 0.0 0.0 0.0 0.0 0.0
641 -0.8426882087910793 2.048566961672452 0.35538863618301764 0.0 0.0 0.0 0.0 0.0 0.0
642 -0.8493078819467326 1.1495844791678613 -0.4797225649018888 0.0 0.0 0.0 0.0 0.0 0.0
643 -0.6224459819081936 3.157170996152889 -0.14239782764464537 0.0 0.0 0.0 0.0 0.0 0.0
644 -0.7365983108696282 3.3431258153586323 -0.09735550634705237 0.0 0.0 0.0 0.0 0.0 0.0
645 -0.5186900131724633 1.4522983847242927 0.4221691873762512 0.0 0.0 0.0 0.0 0.0 0.0
646 -0.056482338691101086 3.4205327089737136 0.4061019941536965 0.0 0.0 0.0 0.0 0.0 0.0
647 -0.6106195826877231 2.509673585890658 -0.4212719892037018 0.0 0.0 0.0 0.0 0.0 0.0
648 -0.9218239502614374 3.5495401003384237 0.37034231022321684 0.0 0.0 0.0 0.0 0.0 0.0
649 -0.7758795355421385 3.1013348102348584 0.25174264752424313 0.0 0.0 0.0 0.0 0.0 0.0
650 -0.7051889465985365 1.5819852912382522 -0.05360324082066503 0.0 0.0 0.0 0.0 0.0 0.0
651 -0.9091505165313996 1.1898596848376717 0.07955593331446886 0.0 0.0 0.0 0.0 0.0 0.0
652 -0.5430505583105093 2.9725681049144903 0.41658525243455713 0.0 0.0 0.0 0.0 0.0 0.0
653 -0.6153676089033545 1.2331075869422947 -0.3144762593949042 0.0 0.0 0.0 0.0 0.0 0.0
654 -0.39083145269193564 3.404636990593269 -0.12206586154608812 0.0 0.0 0.0 0.0 0.0 0.0
655 -0.8441596749422655 1.911393766565862 -0.36766122189977835 0.0 0.0 0.0 0.0 0.0 0.0
656 -0.5919372901335819 2.768100011151642 0.3963102102900463 0.0 0.0 0.0 0.0 0.0 0.0
657 -0.022344485415903503 2.234294747067561 0.10085246054847907 0.0 0.0 0.0 0.0 0.0 0.0
658 -0.016877150209724023 1.7319811664339815 -0.24680499611211293 0.0 0.0 0.0 0.0 0.0 0.0
659 -0.9337204674603354 1.2561399022653477 -0.3102569619935822 0.0 0.0 0.0 0.0 0.0 0.0
660 -0.11012716196386729 3.033327030136424 0.21165185047661916 0.0 0.0 0.0 0.0 0.0 0.0
661 -0.7140330761728628 1.158891427818181 -0.3667255012239886 0.0 0.0 0.0 0.0 0.0 0.0
662 -0.6958864471579322 3.396858850020226 -0.3298099942083511 0.0 0.0 0.0 0.0 0.0 0.0
663 -0.08451667596796231 1.4814920396745601 -0.2911582369889507 0.0 0.0 0.0 0.0 0.0 0.0
664 -0.182645412622904 1.1336104049222324 0.4952438859809203 0.0 0.0 0.0 0.0 0.0 0.0
665 -0.16797947504548538 3.2902588836680247 0.056576026116724853 0.0 0.0 0.0 0.0 0.0 0.0
666 -0.6014998938000421 1.0727690259951426 -0.42579191201894795 0.0 0.0 0.0 0.0 0.0 0.0
667 -0.9668813127090702 3.3249638205085974 -0.05956642762738418 0.0 0.0 0.0 0.0 0.0 0.0
668 -0.17047337281644515 3.835117334888043 -0.034810069542744126 0.0 0.0 0.0 0.0 0.0 0.0
669 -0.9136105794613577 1.5490069754537201 -0.32726801671732875 0.0 0.0 0.0 0.0 0.0 0.0
670 -0.9446554093754225 3.0598288326938565 -0.21326236351607752 0.0 0.0 0.0 0.0 0.0 0.0
671 -0.3304521942691052 1.3679260121083816 -0.15669594868336634 0.0 0.0 0.0 0.0 0.0 0.0
672 -0.6394291099313174 1.143541157727184 -0.2438463957750645 0.0 0.0 0.0 0.0 0.0 0.0
673 -0.6062153302240291 3.906692540422318 -0.18056410247267807 0.0 0.0 0.0 0.0 0.0 0.0
674 -0.6669161884293681 3.8641354393177094 -0.3194124295050579 0.0 0.0 0.0 0.0 0.0 0.0
675 -0.4776036834154477 3.398437915399156 -0.3011160792776133 0.0 0.0 0.0 0.0 0.0 0.0
676 -0.31950757021377174 2.404086493660662 -0.3035224191309951 0.0 0.0 0.0 0.0 0.0 0.0
677 -0.6294107281035763 2.9494693798159433 0.22293012698933623 0.0 0.0 0.0 0.0 0.0 0.0
678 -0.7805846305833566 2.220910570608933 0.1501346631265611 0.0 0.0 0.0 0.0 0.0 0.0
679 -0.4179359027598448 3.2067456320518546 -0.4487572042179018 0.0 0.0 0.0 0.0 0.0 0.0
680 -0.6065556828861766 3.291811869814063 -0.47170821706184185 0.0 0.0 0.0 0.0 0.0 0.0
681 -0.6125306295623245 3.1453041623449973 -0.35901797673514624 0.0 0.0 0.0 0.0 0.0 0.0
682 -0.3765663711865469 1.5197988964829054 0.25288495285197266 0.0 0.0 0.0 0.0 0.0 0.0
683 -0.23879673178023408 1.2618518805899253 0.39412290046663123 0.0 0.0 0.0 0.0 0.0 0.0
684 -0.21143777358955018 3.0968053765872012 0.07560086273113575 0.0 0.0 0.0 0.0 0.0 0.0
685 -0.7688391447022709 1.0323163431059355 -0.24793679672613644 0.0 0.0 0.0 0.0 0.0 0.0
686 -0.37289297580081204 1.0002095436130367 0.4095782841703399 0.0 0.0 0.0 0.0 0.0 0.0
687 -0.9153641688484221 3.27995239912869 0.08168027477619555 0.0 0.0 0.0 0.0 0.0 0.0
688 -0.2174285811287292 2.5408345598099698 0.08315014899210249 0.0 0.0 0.0 0.0 0.0 0.0
689 -0.7170505578132057 3.1859721796163445 -0.2713359043955904 0.0 0.0 0.0 0.0 0.0 0.0
690 -0.9504888579408193 3.2121446923968437 0.10976743019830038 0.0 0.0 0.0 0.0 0.0 0.0
691 -0.7899390395290686 3.789340821278004 -0.03414690714455004 0.0 0.0 0.0 0.0 0.0 0.0
692 -0.7123856194683248 2.7889269946505926 0.15518327136488774 0.0 0.0 0.0 0.0 0.0 0.0
693 -0.05182047744044993 3.183314994352351 -0.34788584255613286 0.0 0.0 0.0 0.0 0.0 0.0
694 -0.8301026189203564 2.3821131007927696 -0.46501486949834914 0.0 0.0 0.0 0.0 0.0 0.0
695 -0.8634643033404099 3.541645232146029 -0.1406579137392917 0.0 0.0 0.0 0.0 0.0 0.0
696 -0.07440414211186319 1.2366450555421369 0.08297985137009611 0.0 0.0 0.0 0.0 0.0 0.0
697 -0.5489912226670154 1.4978084714010218 -0.24543567922007625 0.0 0.0 0.0 0.0 0.0 0.0
698 -0.6383256206072117 1.2188450843984957 -0.2062731626815324 0.0 0.0 0.0 0.0 0.0 0.0
699 -0.3605217740276776 1.753864044566321 -0.16225253533710793 0.0 0.0 0.0 0.0 0.0 0.0
700 -0.6871952273214201 3.9221854808982464 0.27441493346273693 0.0 0.0 0.0 0.0 0.0 0.0
701 -0.5687308489210254 1.7378852523068136 -0.20725649731840956 0.0 0.0 0.0 0.0 0.0 0.0
702 -0.04158678079275491 3.1002973399069167 0.12999152240681378 0.0 0.0 0.0 0.0 0.0 0.0
703 -0.6045614971301131 3.4851385818483624 -0.19011865590472343 0.0 0.0 0.0 0.0 0.0 0.0
704 -0.3637117006693399 1.3093272698364529 0.016089843235909895 0.0 0.0 0.0 0.0 0.0 0.0
705 -0.15230541114388496 2.2591172092632714 0.07031316546874877 0.0 0.0 0.0 0.0 0.0 0.0
706 -0.8595370368500533 2.1141979151827615 0.26338159492211644 0.0 0.0 0.0 0.0 0.0 0.0
707 -0.2956046910942388 1.5608554854471424 -0.1501983453329937 0.0 0.0 0.0 0.0 0.0 0.0
708 -0.14076482114555222 1.3326717558895242 0.24554868338846014 0.0 0.0 0.0 0.0 0.0 0.0
709 -0.38114160639176164 1.2860214369576837 -0.46880920310769003 0.0 0.0 0.0 0.0 0.0 0.0
710 -0.711859867384745 1.3424540763843433 0.16741382825186035 0.0 0.0 0.0 0.0 0.0 0.0
711 -0.7166286563474874 3.1531284050462394 0.31674744504500296 0.0 0.0 0.0 0.0 0.0 0.0
712 -0.659543287499902 2.647883706072073 0.060822435791494045 0.0 0.0 0.0 0.0 0.0 0.0
713 -0.22933632307671903 3.7639265501467354 0.2000541171516822 0.0 0.0 0.0 0.0 0.0 0.0
714 -0.5916886277048066 2.305899405533973 -0.08838885045360212 0.0 0.0 0.0 0.0 0.0 0.0
715 -0.68314704740692 2.983958707940297 0.49137276433840926 0.0 0.0 0.0 0.0 0.0 0.0
716 -0.01296611119237101 1.9096664661701537 0.2444418966276366 0.0 0.0 0.0 0.0 0.0 0.0
717 -0.9173016048587187 2.840875713051633 0.3136848305241179 0.0 0.0 0.0 0.0 0.0 0.0
718 -0.5006821498201901 3.086395970353877 0.002048373513286794 0.0 0.0 0.0 0.0 0.0 0.0
719 -0.4469778552817587 2.690438690278738 0.49644955825854675 0.0 0.0 0.0 0.0 0.0 0.0
720 -0.3303155787591949 3.844388165447805 0.21118358976451046 0.0 0.0 0.0 0.0 0.0 0.0
721 -0.9901791594797302 2.129015625219157 0.18589806567249678 0.0 0.0 0.0 0.0 0.0 0.0
722 -0.024038564338962454 3.5090422384357014 -0.035153935839741246 0.0 0.0 0.0 0.0 0.0 0.0
723 -0.5311078752689002 1.9205272867075514 -0.18780345364831785 0.0 0.0 0.0 0.0 0.0 0.0
724 -0.17992295164756134 3.1605007465002024 -0.4239071075675329 0.0 0.0 0.0 0.0 0.0 0.0
725 -0.2149638262335961 1.7315720775727796 -0.04833677001394232 0.0 0.0 0.0 0.0 0.0 0.0
726 -0.610249740158076 1.4944670371409483 0.06569414569236753 0.0 0.0 0.0 0.0 0.0 0.0
727 -0.31220098095642523 1.9358028135163814 0.4132069327647464 0.0 0.0 0.0 0.0 0.0 0.0
728 -0.5751247636334837 2.4853949668085393 -0.1341103938969156 0.0 0.0 0.0 0.0 0.0 0.0
729 -0.39722737428566435 1.4007833817796445 0.48087413565269344 0.0 0.0 0.0 0.0 0.0 0.0
730 -0.6794926318319114 1.2466687335543196 -0.15182753898349755 0.0 0.0 0.0 0.0 0.0 0.0
731 -0.6343416507872112 2.6828969700987177 -0.22980544735026343 0.0 0.0 0.0 0.0 0.0 0.0
732 -0.5523865251550178 3.166457020072185 0.34023684792471365 0.0 0.0 0.0 0.0 0.0 0.0
733 -0.5114015559636529 3.699088159535835 -0.40694171854275807 0.0 0.0 0.0 0.0 0.0 0.0
734 -0.46214846844849033 2.442748843295621 0.07704502438881689 0.0 0.0 0.0 0.0 0.0 0.0
735 -0.14342877112979857 3.391621204691563 -0.34223535705022967 0.0 0.0 0.0 0.0 0.0 0.0
736 -0.9808861648993376 1.742892816023996 0.13333254185538035 0.0 0.0 0.0 0.0 0.0 0.0
737 -0.7446033576256378 1.056836550892112 -0.4160667174206262 0.0 0.0 0.0 0.0 0.0 0.0
738 -0.5236320902590756 1.4625995350145389 -0.31505386719540407 0.0 0.0 0.0 0.0 0.0 0.0
739 -0.09298834304236203 1.409527099793805 -0.4284054847554084 0.0 0.0 0.0 0.0 0.0 0.0
740 -0.002131242881523998 3.54886085771093 0.3956084979182095 0.0 0.0 0.0 0.0 0.0 0.0
741 -0.17309603598316003 2.1962202003582414 -0.11359877509597593 0.0 0.0 0.0 0.0 0.0 0.0
742 -0.721592950560312 2.7487961292498713 0.12800347828901615 0.0 0.0 0.0 0.0 0.0 0.0
743 -0.9802370610966177 3.415672944406246 -0.2875399467945119 0.0 0.0 0.0 0.0 0.0 0.0
744 -0.19419564232491793 3.075723285585057 -0.1721542146200281 0.0 0.0 0.0 0.0 0.0 0.0
745 -0.8727518663800554 3.369120969461276 -0.17381272398840975 0.0 0.0 0.0 0.0 0.0 0.0
746 -0.32393409487477887 3.0834341287855946 -0.23408586620693306 0.0 0.0 0.0 0.0 0.0 0.0
747 -0.6753767065381535 1.3576446881418922 -0.31348115896220363 0.0 0.0 0.0 0.0 0.0 0.0
748 -0.9439231389189886 2.877649523009861 -0.3297884284319178 0.0 0.0 0.0 0.0 0.0 0.0
749 -0.08511759966862797 1.7066868206623926 0.10257351919057589 0.0 0.0 0.0 0.0 0.0 0.0
750 -0.6784440242849407 2.0931121875886163 -0.40537596414225774 0.0 0.0 0.0 0.0 0.0 0.0
751 -0.4316386472974797 1.0108753075409174 -0.04568081267634139 0.0 0.0 0.0 0.0 0.0 0.0
752 -0.56507619877091 3.697694863114888 -0.4000207342900406 0.0 0.0 0.0 0.0 0.0 0.0
753 -0.01306604888300178 2.7006685026598185 -0.1408140699800401 0.0 0.0 0.0 0.0 0.0 0.0
754 -0.7811045358596806 2.598472624163243 0.1041006856708463 0.0 0.0 0.0 0.0 0.0 0.0
755 -0.2822588242285543 2.60939570682726 -0.21809636491491835 0.0 0.0 0.0 0.0 0.0 0.0
756 -0.411088292796043 2.0527541054069163 -0.12845299601094196 0.0 0.0 0.0 0.0 0.0 0.0
757 -0.44640177508508827 1.7675444554339572 0.08169468899548993 0.0 0.0 0.0 0.0 0.0 0.0
758 -0.4834890542007426 3.201536262495103 -0.2315238086899447 0.0 0.0 0.0 0.0 0.0 0.0
759 -0.924898280636668 3.0367480286389803 0.3398905728113346 0.0 0.0 0.0 0.0 0.0 0.0
760 -0.8802265373804269 1.886662448887299 0.29175549969786174 0.0 0.0 0.0 0.0 0.0 0.0
761 -0.9882393438768781 2.6896293497173085 -0.26424238016084156 0.0 0.0 0.0 0.0 0.0 0.0
762 -0.6101941652942764 2.7551259339950582 0.03661620708577218 0.0 0.0 0.0 0.0 0.0 0.0
763 -0.4966792328040569 2.1176568840955263 0.03691833260440103 0.0 0.0 0.0 0.0 0.0 0.0
764 -0.003814559730471734 1.5536491300171327 -0.3633712154141696 0.0 0.0 0.0 0.0 0.0 0.0
765 -0.9472396599883713 1.9178561687066233 0.11036892390994169 0.0 0.0 0.0 0.0 0.0 0.0
766 -0.870069362183421 3.755449400977757 0.1097079847420922 0.0 0.0 0.0 0.0 0.0 0.0
767 -0.6731968001690534 1.5973882074809196 0.33361693463893216 0.0 0.0 0.0 0.0 0.0 0.0
768 -0.703571699731284 1.5886968580185987 0.4844255251649905 0.0 0.0 0.0 0.0 0.0 0.0
769 -0.27581172021317213 3.716241916278701 0.17502615394058207 0.0 0.0 0.0 0.0 0.0 0.0
770 -0.7454509734965546 1.5021776240978886 -0.11876545381019887 0.0 0.0 0.0 0.0 0.0 0.0
771 -0.8510002302086812 2.6316931090125415 0.015564787199370156 0.0 0.0 0.0 0.0 0.0 0.0
772 -0.23348109054120048 1.749381407018276 -0.013125094600849985 0.0 0.0 0.0 0.0 0.0 0.0
773 -0.1418609990673445 1.3658971319293634 0.1233362701700983 0.0 0.0 0.0 0.0 0.0 0.0
774 -0.060301130967172045 3.4037219702425934 0.17497834235087273 0.0 0.0 0.0 0.0 0.0 0.0
775 -0.036782830334454175 3.257292775900283 0.04899624005827674 0.0 0.0 0.0 0.0 0.0 0.0
776 -0.5122829100212161 3.630958128103262 0.11079907496911856 0.0 0.0 0.0 0.0 0.0 0.0
777 -0.1533956417050064 3.507504123655166 0.3252364681362955 0.0 0.0 0.0 0.0 0.0 0.0
778 -0.03395596729183936 2.2386908281450904 0.3324949602939349 0.0 0.0 0.0 0.0 0.0 0.0
779 -0.8484776654262388 1.6020393362329561 -0.2366959288464463 0.0 0.0 0.0 0.0 0.0 0.0
780 -0.27306790526496105 1.476795190240909 -0.38673408214846583 0.0 0.0 0.0 0.0 0.0 0.0
781 -0.12273945674278641 2.8763585459760925 -0.3041786965116461 0.0 0.0 0.0 0.0 0.0 0.0
782 -0.8899663225957191 3.1102968229872134 -0.08037141634557277 0.0 0.0 0.0 0.0 0.0 0.0
783 -0.8621280125051051 2.9918965784664135 0.046312524942281774 0.0 0.0 0.0 0.0 0.0 0.0
784 -0.2904873417902408 2.210499449318206 0.4104527357629585 0.0 0.0 0.0 0.0 0.0 0.0
785 -0.2895067919154287 2.02445034293651 -0.4790504205496985 0.0 0.0 0.0 0.0 0.0 0.0
786 -0.49743643999548137 1.7693403454482588 0.32167798093812294 0.0 0.0 0.0 0.0 0.0 0.0
787 -0.29524305944048956 2.987312484390993 -0.1253597460086091 0.0 0.0 0.0 0.0 0.0 0.0
788 -0.5545166144449382 2.352497091316206 -0.043706940174135345 0.0 0.0 0.0 0.0 0.0 0.0
789 -0.68431490184564 2.6305099479592977 -0.06736585098362469 0.0 0.0 0.0 0.0 0.0 0.0
790 -0.05519479786869941 3.931533599607977 -0.10825073456485779 0.0 0.0 0.0 0.0 0.0 0.0
791 -0.5824601314519902 2.560429610234957 -0.20429038856155213 0.0 0.0 0.0 0.0 0.0 0.0
792 -0.9131286933562384 2.4906958461518944 0.4067509384402619 0.0 0.0 0.0 0.0 0.0 0.0
793 -0.1416890763748252 1.9200310782331886 0.05634882659470564 0.0 0.0 0.0 0.0 0.0 0.0
794 -0.47080092313816435 2.116167797466031 0.1371477817572967 0.0 0.0 0.0 0.0 0.0 0.0
795 -0.015915116222099623 2.1185386994042577 -0.4039330836058683 0.0 0.0 0.0 0.0 0.0 0.0
796 -0.20737301312234024 3.413989243547526 0.2957159223081045 0.0 0.0 0.0 0.0 0.0 0.0
797 -0.7210700475734548 1.5488220361586227 0.16761314320001297 0.0 0.0 0.0 0.0 0.0 0.0
798 -0.33297350766130296 1.62986453800618 0.4250519904882488 0.0 0.0 0.0 0.0 0.0 0.0
799 -0.8582094895092487 1.490105425302363 0.31144653236575726 0.0 0.0 0.0 0.0 0.0 0.0
800 -0.6675838966773009 2.3610145738369974 -0.13395080287063554 0.0 0.0 0.0 0.0 0.0 0.0
801 -0.5211690551136662 2.514120639995779 0.2513813125314882 0.0 0.0 0.0 0.0 0.0 0.0
802 -0.5425892115831602 2.7332452373546787 -0.1457984489529529 0.0 0.0 0.0 0.0 0.0 0.0
803 -0.19975330344047004 2.482880351871278 0.17040034525197545 0.0 0.0 0.0 0.0 0.0 0.0
804 -0.2029020653143192 1.2840988251173524 -0.060246482542805735 0.0 0.0 0.0 0.0 0.0 0.0
805 -0.9123874749081716 2.6921111677667113 -0.44038513084353115 0.0 0.0 0.0 0.0 0.0 0.0
806 -0.8484018205205387 2.047080593146233 -0.21659503955776938 0.0 0.0 0.0 0.0 0.0 0.0
807 -0.19374975490919033 2.021185457206403 0.19452880350807955 0.0 0.0 0.0 0.0 0.0 0.0
808 -0.36366394240428157 1.094636513987629 0.47835676435387753 0.0 0.0 0.0 0.0 0.0 0.0
809 -0.2529831332957745 3.1604137878247736 0.24803169016324966 0.0 0.0 0.0 0.0 0.0 0.0
810 -0.03458303480646385 2.985926079059875 -0.47829487037640306 0.0 0.0 0.0 0.0 0.0 0.0
811 -0.9842344692297186 3.378377894029578 -0.024740742981324892 0.0 0.0 0.0 0.0 0.0 0.0
812 -0.17744843616279649 2.136232898078618 0.17209246155426128 0.0 0.0 0.0 0.0 0.0 0.0
813 -0.5559921779695431 3.4013838053776047 0.38994335126536495 0.0 0.0 0.0 0.0 0.0 0.0
814 -0.6383369082221667 1.0280490508897704 -0.10864160375963228 0.0 0.0 0.0 0.0 0.0 0.0
815 -0.47887829091291145 3.3168156226270598 -0.3361057198191706 0.0 0.0 0.0 0.0 0.0 0.0
816 -0.7393841926839251 2.7963479033647634 0.43352370452548616 0.0 0.0 0.0 0.0 0.0 0.0
817 -0.15735679562185134 3.503584526180179 0.44137569181688596 0.0 0.0 0.0 0.0 0.0 0.0
818 -0.6584572456128017 1.2213238515481641 -0.3796095297287463 0.0 0.0 0.0 0.0 0.0 0.0
819 -0.35839619693704305 2.6388833154533726 -0.2465156764631452 0.0 0.0 0.0 0.0 0.0 0.0
820 -0.26455278647894187 3.9976674940616004 0.36354229158482476 0.0 0.0 0.0 0.0 0.0 0.0
821 -0.8261652206258621 1.8297821911120837 0.15277261565360833 0.0 0.0 0.0 0.0 0.0 0.0
822 -0.8146666074798615 1.6304530653745903 -0.38947596196073153 0.0 0.0 0.0 0.0 0.0 0.0
823 -0.6466638447716849 3.8664687340273836 -0.04597311812139915 0.0 0.0 0.0 0.0 0.0 0.0
824 -0.39847564201526564 3.9849154165470377 -0.2238446989067775 0.0 0.0 0.0 0.0 0.0 0.0
825 -0.7390558318509165 1.2133402066892092 -0.19189789995359208 0.0 0.0 0.0 0.0 0.0 0.0
826 -0.27261147037918465 1.8821592812076748 -0.26078690257882386 0.0 0.0 0.0 0.0 0.0 0.0
827 -0.821940484238585 3.151898568429707 -0.1477442453992569 0.0 0.0 0.0 0.0 0.0 0.0
828 -0.2783794621052029 2.4992302656535914 -0.13591176419865225 0.0 0.0 0.0 0.0 0.0 0.0
829 -0.4496353869379395 3.700875678862036 -0.3628674657357682 0.0 0.0 0.0 0.0 0.0 0.0
830 -0.26830869975703187 2.9852815613458237 -0.25426222679521926 0.0 0.0 0.0 0.0 0.0 0.0
831 -0.2760322798329219 2.952821578003964 -0.27058210065890553 0.0 0.0 0.0 0.0 0.0 0.0
832 -0.7243187405873387 1.9855983968163062 -0.057824330358503984 0.0 0.0 0.0 0.0 0.0 0.0
833 -0.8593325481627032 2.019949739656865 0.47736483110106454 0.0 0.0 0.0 0.0 0.0 0.0
834 -0.913148070885424 3.561198530665742 -0.3030061893440321 0.0 0.0 0.0 0.0 0.0 0.0
835 -0.6255790647116505 3.9529378591453237 -0.40280296223602396 0.0 0.0 0.0 0.0 0.0 0.0
836 -0.8729628498668551 2.831064002197615 0.42447883027829036 0.0 0.0 0.0 0.0 0.0 0.0
837 -0.09556600800366843 1.5220593067858135 0.10032312358453455 0.0 0.0 0.0 0.0 0.0 0.0
838 -0.418342396280617 1.8858673109071984 -0.4945374864330171 0.0 0.0 0.0 0.0 0.0 0.0
839 -0.18177288189276497 1.264374881348582 -0.37136504863290376 0.0 0.0 0.0 0.0 0.0 0.0
840 -0.19578920233686048 1.4211150623126547 0.0729711713763408 0.0 0.0 0.0 0.0 0.0 0.0
841 -0.3464542192152609 2.1673397766258122 -0.26522869389199644 0.0 0.0 0.0 0.0 0.0 0.0
842 -0.7542858520885625 2.644861568517822 0.3900339959599193 0.0 0.0 0.0 0.0 0.0 0.0
843 -0.8691054238218906 1.2885014568230835 -0.34992570690100566 0.0 0.0 0.0 0.0 0.0 0.0
844 -0.6066850841094488 3.719208284754238 -0.050328635647433395 0.0 0.0 0.0 0.0 0.0 0.0
845 -0.688951170052556 2.5762473696883506 0.17198005880416112 0.0 0.0 0.0 0.0 0.0 0.0
846 -0.33252876042544166 1.3996406466670006 0.03367794664255919 0.0 0.0 0.0 0.0 0.0 0.0
847 -0.38629097946372637 3.5000511463167983 -0.4057340196497117 0.0 0.0 0.0 0.0 0.0 0.0
848 -0.9889595610877725 1.2223965427994306 -0.08364132665032287 0.0 0.0 0.0 0.0 0.0 0.0
849 -0.7163781555217679 3.0937547081359025 0.47108296007511774 0.0 0.0 0.0 0.0 0.0 0.0
850 -0.27800767488895406 1.0259180218130433 -0.07966587411210846 0.0 0.0 0.0 0.0 0.0 0.0
851 -0.00393497110397012 3.985553373556362 0.4745170639068429 0.0 0.0 0.0 0.0 0.0 0.0
852 -0.7629345051076645 1.902791482664881 0.31373621032463783 0.0 0.0 0.0 0.0 0.0 0.0
853 -0.5064536899960177 1.8374118233361318 0.15420892320695867 0.0 0.0 0.0 0.0 0.0 0.0
854 -0.46212474711764917 2.9059324125510546 0.04989677447727214 0.0 0.0 0.0 0.0 0.0 0.0
855 -0.7339288845428283 2.6726326035748658 -0.31138447246877354 0.0 0.0 0.0 0.0 0.0 0.0
856 -0.13361775294854328 3.153992867563488 0.4983259903580882 0.0 0.0 0.0 0.0 0.0 0.0
857 -0.8381344397930321 1.3688209921019636 -0.08380022713623181 0.0 0.0 0.0 0.0 0.0 0.0
858 -0.6431428116458936 2.1444915942795566 0.17770169903734467 0.0 0.0 0.0 0.0 0.0 0.0
859 -0.25410692855547534 3.381337581013072 -0.27368377931543775 0.0 0.0 0.0 0.0 0.0 0.0
860 -0.6501645997441086 2.591995869600614 0.24128927953986057 0.0 0.0 0.0 0.0 0.0 0.0
861 -0.11074708280636036 2.076553995706525 0.18157296069234108 0.0 0.0 0.0 0.0 0.0 0.0
862 -0.4246126369256852 1.3190541370423774 0.043138632781875685 0.0 0.0 0.0 0.0 0.0 0.0
863 -0.9105435142007057 1.735125705927325 0.21576582238794706 0.0 0.0 0.0 0.0 0.0 0.0
864 -0.857225788158558 3.7009922223785376 -0.488562192047279 0.0 0.0 0.0 0.0 0.0 0.0
865 -0.8598159604642452 1.2427753517926987 -0.2578193692168017 0.0 0.0 0.0 0.0 0.0 0.0
866 -0.03263834575096369 2.1297335124591217 0.25776112073754553 0.0 0.0 0.0 0.0 0.0 0.0
867 -0.044810347898630476 1.2859326384229597 0.40496766737138057 0.0 0.0 0.0 0.0 0.0 0.0
868 -0.675417177584684 1.4353219258025853 0.26387842118402594 0.0 0.0 0.0 0.0 0.0 0.0
869 -0.7394039297367223 2.9659203887801446 -0.4267740731383316 0.0 0.0 0.0 0.0 0.0 0.0
870 -0.05352121427142997 2.4262544362688465 0.32230220917256547 0.0 0.0 0.0 0.0 0.0 0.0
871 -0.7543283263227035 1.1266166195344876 -0.4746441358322433 0.0 0.0 0.0 0.0 0.0 0.0
872 -0.5151989390447596 2.6485493738506953 0.22399662555681388 0.0 0.0 0.0 0.0 0.0 0.0
873 -0.6151513615368951 2.329627988469585 0.4354771523019616 0.0 0.0 0.0 0.0 0.0 0.0
874 -0.36643125033319845 1.562791452051751 0.015346635141828102 0.0 0.0 0.0 0.0 0.0 0.0
875 -0.8848156018501344 3.226866531083931 -0.23205878374380629 0.0 0.0 0.0 0.0 0.0 0.0
876 -0.232487234893758 1.6455747214306031 -0.085952174925357 0.0 0.0 0.0 0.0 0.0 0.0
877 -0.6895245801137871 2.5484437092588523 -0.30636046924892213 0.0 0.0 0.0 0.0 0.0 0.0
878 -0.6928014499624595 1.325344146100102 0.47608518668867605 0.0 0.0 0.0 0.0 0.0 0.0
879 -0.3881737991465134 1.499354155075241 -0.12275395780615217 0.0 0.0 0.0 0.0 0.0 0.0
880 -0.3455053881008905 1.269484377807232 -0.013079602399871826 0.0 0.0 0.0 0.0 0.0 0.0
881 -0.33928493579376306 2.5258617373795014 0.1692921269570815 0.0 0.0 0.0 0.0 0.0 0.0
882 -0.28613540005022464 1.3886924176078312 0.23341774619919686 0.0 0.0 0.0 0.0 0.0 0.0
883 -0.4749886329203785 1.531853491922889 0.48641307667601585 0.0 0.0 0.0 0.0 0.0 0.0
884 -0.19369324838750446 2.1951384869486867 -0.02312951446489342 0.0 0.0 0.0 0.0 0.0 0.0
885 -0.9806792068018274 2.739968893347949 -0.11056102236902221 0.0 0.0 0.0 0.0 0.0 0.0
886 -0.7670210715980865 1.768778381488655 0.49797859290147894 0.0 0.0 0.0 0.0 0.0 0.0
887 -0.7806582778738027 1.082833988734329 -0.09645545403510669 0.0 0.0 0.0 0.0 0.0 0.0
888 -0.73601687157078 2.7963934668747497 0.07361360307382092 0.0 0.0 0.0 0.0 0.0 0.0
889 -0.08159652225797642 1.0600904859397604 0.23901488156571515 0.0 0.0 0.0 0.0 0.0 0.0
890 -0.5532692027087183 3.022067929443998 -0.2559800552456082 0.0 0.0 0.0 0.0 0.0 0.0
891 -0.7954576086879771 3.8944102142654575 -0.025643396667599516 0.0 0.0 0.0 0.0 0.0 0.0
892 -0.4921602818813955 1.4181615687628986 -0.32683900125789433 0.0 0.0 0.0 0.0 0.0 0.0
893 -0.0689716502101293 1.7036337694028427 -0.1798118333252221 0.0 0.0 0.0 0.0 0.0 0.0
894 -0.13096740821669073 1.1705351241121813 0.44547763791298245 0.0 0.0 0.0 0.0 0.0 0.0
895 -0.8728700846668966 1.0666345186502926 0.3416234592304952 0.0 0.0 0.0 0.0 0.0 0.0
896 -0.8274617475776193 1.4219539861682677 0.4606936716803298 0.0 0.0 0.0 0.0 0.0 0.0
897 -0.9432449291586485 2.2712952287435195 -0.15961624035309208 0.0 0.0 0.0 0.0 0.0 0.0
898 -0.7098635212134123 3.5725554488843096 -0.3097103876649967 0.0 0.0 0.0 0.0 0.0 0.0
899 -0.45023788547826993 2.187028690591839 0.2120525558698898 0.0 0.0 0.0 0.0 0.0 0.0
900 -0.04198429819219518 1.4931545087534377 -0.38667491645641083 0.0 0.0 0.0 0.0 0.0 0.0
901 -0.38646936182425484 2.3798567421527546 0.4762672671419723 0.0 0.0 0.0 0.0 0.0 0.0
902 -0.10827905449923059 3.6941488154797155 0.007204734715672623 0.0 0.0 0.0 0.0 0.0 0.0
903 -0.7191647637886518 1.2283021217626657 0.001403092190690125 0.0 0.0 0.0 0.0 0.0 0.0
904 -0.07356705295834987 1.4499198212695628 0.06229250270630737 0.0 0.0 0.0 0.0 0.0 0.0
905 -0.8010900891688012 2.9451706714413852 -0.4198865882861683 0.0 0.0 0.0 0.0 0.0 0.0
906 -0.10745215403277486 1.393955001039257 -0.2311288039759577 0.0 0.0 0.0 0.0 0.0 0.0
907 -0.07134445878636675 2.030258070824007 -0.08097580823262629 0.0 0.0 0.0 0.0 0.0 0.0
908 -0.0103530381862037 2.8430873301940136 -0.11333915448390242 0.0 0.0 0.0 0.0 0.0 0.0
909 -0.20846466432784394 2.780301213450974 -0.13629069501375424 0.0 0.0 0.0 0.0 0.0 0.0
910 -0.8398719780632579 1.9881841575564088 -0.36986430473519916 0.0 0.0 0.0 0.0 0.0 0.0
911 -0.2827022611627791 3.7172768006363337 0.4249274193069257 0.0 0.0 0.0 0.0 0.0 0.0
912 -0.5559067918762286 2.397406384166887 -0.445039400937696 0.0 0.0 0.0 0.0 0.0 0.0
913 -0.10980213757323687 3.678767402657945 0.47970601973318316 0.0 0.0 0.0 0.0 0.0 0.0
914 -0.27539064034444516 2.8014689289888994 -0.47299988881105215 0.0 0.0 0.0 0.0 0.0 0.0
915 -0.5572237366230711 3.8639290020409014 -0.2363307261561589 0.0 0.0 0.0 0.0 0.0 0.0
916 -0.17473457215933585 3.8023551055677456 0.4674637900207954 0.0 0.0 0.0 0.0 0.0 0.0
917 -0.6851851063820472 3.137334235464823 0.3148233316267284 0.0 0.0 0.0 0.0 0.0 0.0
918 -0.24050040122787852 1.9760586623609808 -0.3869317007315951 0.0 0.0 0.0 0.0 0.0 0.0
919 -0.8452831040378423 1.9235969103957165 0.4306895640565549 0.0 0.0 0.0 0.0 0.0 0.0
920 -0.879785700715432 3.4249025280680256 -0.19037010234596408 0.0 0.0 0.0 0.0 0.0 0.0
921 -0.11383760354218897 1.1289033763899265 -0.10807662871125079 0.0 0.0 0.0 0.0 0.0 0.0
922 -0.9386408356321753 1.2649759802620615 -0.294701055319482 0.0 0.0 0.0 0.0 0.0 0.0
923 -0.7603568288991844 1.9439424735162887 0.4605398276599979 0.0 0.0 0.0 0.0 0.0 0.0
924 -0.6845753019835684 3.2715709290513715 -0.3705465114084002 0.0 0.0 0.0 0.0 0.0 0.0
925 -0.2249802377079485 3.080148513004371 0.16507690616093007 0.0 0.0 0.0 0.0 0.0 0.0
926 -0.5163283629748121 1.6854018113690774 -0.427997474241847 0.0 0.0 0.0 0.0 0.0 0.0
927 -0.5902020198617213 3.8381416886552593 -0.19471660570379357 0.0 0.0 0.0 0.0 0.0 0.0
928 -0.11550717308969283 3.819920274606206 -0.32153023178565354 0.0 0.0 0.0 0.0 0.0 0.0
929 -0.3119145675471502 2.2026421277877466 0.22965404035152925 0.0 0.0 0.0 0.0 0.0 0.0
930 -0.9640668481386795 2.8100586991633896 -0.39659162141755655 0.0 0.0 0.0 0.0 0.0 0.0
931 -0.7835230895111986 3.8080795874550666 -0.0014437323615860143 0.0 0.0 0.0 0.0 0.0 0.0
932 -0.6231012975830451 2.8233390831598877 -0.29683130367832866 0.0 0.0 0.0 0.0 0.0 0.0
933 -0.901645242629962 1.5266470157226366 -0.3624489295009127 0.0 0.0 0.0 0.0 0.0 0.0
934 -0.4539364199168382 1.3732124968905692 0.19758435506680294 0.0 0.0 0.0 0.0 0.0 0.0
935 -0.7589106077097272 2.015453216305426 -0.0304234000295176 0.0 0.0 0.0 0.0 0.0 0.0
936 -0.47730118463186666 1.1105256371016377 0.16187317617016128 0.0 0.0 0.0 0.0 0.0 0.0
937 -0.825616562348721 1.8022675299625552 0.08359471626992199 0.0 0.0 0.0 0.0 0.0 0.0
938 -0.5274587263289942 1.7358410323912903 -0.3608109822687414 0.0 0.0 0.0 0.0 0.0 0.0
939 -0.6659535078647463 2.7723575369750852 -0.3313338624116705 0.0 0.0 0.0 0.0 0.0 0.0
940 -0.2526028667246878 3.8965046195346313 0.13427476718039932 0.0 0.0 0.0 0.0 0.0 0.0
941 -0.5599615066801961 2.216423139858998 0.3873123549390711 0.0 0.0 0.0 0.0 0.0 0.0
942 -0.684177806731671 1.62665955583308 -0.16432640527352715 0.0 0.0 0.0 0.0 0.0 0.0
943 -0.7602019505989442 1.499511943700027 0.22533043423460264 0.0 0.0 0.0 0.0 0.0 0.0
944 -0.177893592813833 2.674376481572679 0.10987047587407095 0.0 0.0 0.0 0.0 0.0 0.0
945 -0.5919168256094388 3.881244303639246 -0.09969315355976016 0.0 0.0 0.0 0.0 0.0 0.0
946 -0.8236937005085766 2.69860387423293 0.29771915389811876 0.0 0.0 0.0 0.0 0.0 0.0
947 -0.7865308140932036 1.607279660800522 -0.2842001167602901 0.0 0.0 0.0 0.0 0.0 0.0
948 -0.957835891970404 2.0333039344661947 -0.2678023195147132 0.0 0.0 0.0 0.0 0.0 0.0
949 -0.23672161571911243 3.7969657660736855 -0.1513321535419354 0.0 0.0 0.0 0.0 0.0 0.0
950 -0.5619959223104279 1.6760191829335902 -0.22446909482638422 0.0 0.0 0.0 0.0 0.0 0.0
951 -0.0672969013110547 3.3640978198919225 0.4790518060537222 0.0 0.0 0.0 0.0 0.0 0.0
952 -0.5497017431405393 3.1969153489191613 0.2541602725074631 0.0 0.0 0.0 0.0 0.0 0.0
953 -0.7183079159564338 2.5256452711835635 -0.25504796155507137 0.0 0.0 0.0 0.0 0.0 0.0
954 -0.4367721567736734 1.4085408523906893 0.27485032180527946 0.0 0.0 0.0 0.0 0.0 0.0
955 -0.9172831408131314 1.0721013197235918 -0.4390751034445256 0.0 0.0 0.0 0.0 0.0 0.0
956 -0.8835171055143608 1.4482507406004026 0.3345928294450238 0.0 0.0 0.0 0.0 0.0 0.0
957 -0.8088653680045111 1.1434317941345014 0.12680544875434852 0.0 0.0 0.0 0.0 0.0 0.0
958 -0.29477834042063844 1.0877254603437705 -0.4690433052342884 0.0 0.0 0.0 0.0 0.0 0.0
959 -0.7930757968054429 1.1165985482486356 -0.0560316283049237 0.0 0.0 0.0 0.0 0.0 0.0
960 -0.4460328353381027 1.5874899749834963 -0.42167254817068756 0.0 0.0 0.0 0.0 0.0 0.0
961 -0.017844589484362627 3.760064165765574 0.2317441185080188 0.0 0.0 0.0 0.0 0.0 0.0
962 -0.09426056931667925 2.470244597206192 -0.35040378361386615 0.0 0.0 0.0 0.0 0.0 0.0
963 -0.3290618761082853 3.9380951405984055 0.1463794767232337 0.0 0.0 0.0 0.0 0.0 0.0
964 -0.6542539807459528 3.503268317621222 -0.1591301319333117 0.0 0.0 0.0 0.0 0.0 0.0
965 -0.9916817252720872 1.556472491395883 0.09496690096709604 0.0 0.0 0.0 0.0 0.0 0.0
966 -0.9769163562893998 3.463948856321978 0.17344659745056323 0.0 0.0 0.0 0.0 0.0 0.0
967 -0.48759674147231546 1.1421877827134692 0.24154811595241588 0.0 0.0 0.0 0.0 0.0 0.0
968 -0.555531853208923 3.3773486734751974 -0.008045022746165698 0.0 0.0 0.0 0.0 0.0 0.0
969 -0.7970700113180755 2.791494725206979 0.4924116506325652 0.0 0.0 0.0 0.0 0.0 0.0
970 -0.24864793512555794 2.6694152211404685 0.13136293745509475 0.0 0.0 0.0 0.0 0.0 0.0
971 -0.18688284212652106 1.9648441931690306 0.4359402670463831 0.0 0.0 0.0 0.0 0.0 0.0
972 -0.6042083344797652 3.6616493254659503 -0.1246916819026036 0.0 0.0 0.0 0.0 0.0 0.0
973 -0.25747923853851806 1.3041688591007894 0.4390116943990291 0.0 0.0 0.0 0.0 0.0 0.0
974 -0.4809230465028579 3.553467094344983 0.11375243277291558 0.0 0.0 0.0 0.0 0.0 0.0
975 -0.5764528175200627 3.24848914211051 0.49389973641573415 0.0 0.0 0.0 0.0 0.0 0.0
976 -0.2228487479293001 1.8743082949649599 0.16959046370183417 0.0 0.0 0.0 0.0 0.0 0.0
977 -0.31148877678864495 2.2710904782855588 0.16973511288759158 0.0 0.0 0.0 0.0 0.0 0.0
978 -0.8357431760132895 3.3166299268235218 -0.08772847443162135 0.0 0.0 0.0 0.0 0.0 0.0
979 -0.35174137363722047 3.0086857010875603 -0.318211282839967 0.0 0.0 0.0 0.0 0.0 0.0
980 -0.4741396285593219 1.9942389906268554 -0.34696365540820495 0.0 0.0 0.0 0.0 0.0 0.0
981 -0.19768621547683796 2.2102680389924547 -0.14942667287944456 0.0 0.0 0.0 0.0 0.0 0.0
982 -0.9747336296152483 3.524226283755098 -0.3216252993365569 0.0 0.0 0.0 0.0 0.0 0.0
983 -0.5404431676520421 2.1934006007800972 -0.39397184193714996 0.0 0.0 0.0 0.0 0.0 0.0
984 -0.6804816358203302 1.3723190352109453 -0.04348535438840928 0.0 0.0 0.0 0.0 0.0 0.0
985 -0.1131777733572924 1.0237659195055895 0.49324377758544713 0.0 0.0 0.0 0.0 0.0 0.0
986 -0.8886791723890877 2.1775448201169767 -0.07221389545365531 0.0 0.0 0.0 0.0 0.0 0.0
987 -0.11962665089989999 2.7959858911086855 0.4721056644510113 0.0 0.0 0.0 0.0 0.0 0.0
988 -0.7700362457557773 2.866023199469629 0.4392548404107989 0.0 0.0 0.0 0.0 0.0 0.0
989 -0.26220785925104917 1.3656011761986888 0.3645078096868203 0.0 0.0 0.0 0.0 0.0 0.0
990 -0.19814059558420627 3.7068584137271965 -0.44645779530014484 0.0 0.0 0.0 0.0 0.0 0.0
991 -0.8758627392627556 2.457912456322507 -0.006774523885056394 0.0 0.0 0.0 0.0 0.0 0.0
992 -0.8287179460292129 1.8686559815679917 -0.48220338218519077 0.0 0.0 0.0 0.0 0.0 0.0
993 -0.41549144990621345 1.286217284033708 0.3671460290112045 0.0 0.0 0.0 0.0 0.0 0.0
994 -0.36063881382497986 2.0340434148653848 0.42271514057490145 0.0 0.0 0.0 0.0 0.0 0.0
995 -0.2945780673493089 1.3375570321192662 0.030279780997208294 0.0 0.0 0.0 0.0 0.0 0.0
996 -0.9975125804703552 2.5617243986792317 -0.03276725530386371 0.0 0.0 0.0 0.0 0.0 0.0
997 -0.8036995449656792 3.029916163739214 -0.06057728722594724 0.0 0.0 0.0 0.0 0.0 0.0
998 -0.8823860971692062 3.1987753726687633 -0.3086441601009676 0.0 0.0 0.0 0.0 0.0 0.0
999 -0.03150846859520262 3.731647908876886 0.09879866039102914 0.0 0.0 0.0 0.0 0.0 0.0
1000 -0.22693570370789085 3.0856442409324627 0.07481354389300865 0.0 0.0 0.0 0.0 0.0 0.0
1001 -0.5078940124098141 3.0956198707934224 -0.32230963870028917 0.0 0.0 0.0 0.0 0.0 0.0
1002 -0.1023459054335657 1.6513554345599293 0.1044703586035588 0.0 0.0 0.0 0.0 0.0 0.0
1003 -0.3585801149330059 2.431172004236949 -0.32876915674784946 0.0 0.0 0.0 0.0 0.0 0.0
1004 -0.08843881313052815 2.093791035167536 -0.2526734022721625 0.0 0.0 0.0 0.0 0.0 0.0
1005 -0.5027342085105502 1.5359616320478169 -0.05479971539339046 0.0 0.0 0.0 0.0 0.0 0.0
1006 -0.7655027662315198 1.8128725426081422 -0.2782204429376641 0.0 0.0 0.0 0.0 0.0 0.0
1007 -0.8157387994860206 2.3041382356075806 0.042183278823025305 0.0 0.0 0.0 0.0 0.0 0.0
1008 -0.8382341920789899 3.685674612671373 0.2164543329752865 0.0 0.0 0.0 0.0 0.0 0.0
1009 -0.06181026956771585 1.391031918946177 0.28394956377829195 0.0 0.0 0.0 0.0 0.0 0.0
1010 -0.9522211382079074 3.4433299325061113 -0.16252997383849122 0.0 0.0 0.0 0.0 0.0 0.0
1011 -0.888538402467579 1.0287765895316427 0.21730729999495935 0.0 0.0 0.0 0.0 0.0 0.0
1012 -0.8284042188983981 3.1163319058920047 -0.41073486593678155 0.0 0.0 0.0 0.0 0.0 0.0
1013 -0.12679127792878686 3.829254659639 -0.4928057716814892 0.0 0.0 0.0 0.0 0.0 0.0
1014 -0.01351708605516555 3.943800458070129 0.38003771261216923 0.0 0.0 0.0 0.0 0.0 0.0
1015 -0.16136969235098686 1.642084052681235 -0.36488731891220183 0.0 0.0 0.0 0.0 0.0 0.0
1016 -0.08464332810255382 1.0325840445551413 -0.04551588234595727 0.0 0.0 0.0 0.0 0.0 0.0
1017 -0.08430111525103257 3.433116271943743 -0.30153098408830126 0.0 0.0 0.0 0.0 0.0 0.0
1018 -0.8239165163792407 1.968314224040085 0.06967178630042525 0.0 0.0 0.0 0.0 0.0 0.0
1019 -0.48243049912368696 3.8947902192022807 0.485406990208908 0.0 0.0 0.0 0.0 0.0 0.0
1020 -0.2549242285180364 2.428190895474245 0.1841867472183154 0.0 0.0 0.0 0.0 0.0 0.0
1021 -0.5533664332557896 1.1342416038630745 0.07887647011413268 0.0 0.0 0.0 0.0 0.0 0.0
1022 -0.5110455332714895 1.0374556160582373 -0.0010605795337477186 0.0 0.0 0.0 0.0 0.0 0.0
1023 -0.942752215128908 1.178578552112528 0.3216031868922421 0.0 0.0 0.0 0.0 0.0 0.0
