1024
-1 0 -1 1 8 1
0 0.03012875488167649 5.757573440884712 -0.028864949349510824 0.0 0.0 0.0 0.0 0.0 0.0
1 0.09095654166071174 2.572446911831265 -0.0667488534380625 0.0 0.0 0.0 0.0 0.0 0.0
2 -0.03237749199015634 2.4751721757547522 0.09020695111034344 0.0 0.0 0.0 0.0 0.0 0.0
3 0.0992512317582876 2.6128121887362092 -0.07171880952417715 0.0 0.0 0.0 0.0 0.0 0.0
4 -0.014392229393765804 2.6493642917325513 -0.016869950684002807 0.0 0.0 0.0 0.0 0.0 0.0
5 -0.032559402175385624 4.095826508912605 0.0522088374775668 0.0 0.0 0.0 0.0 0.0 0.0
6 -0.0921192890033527 5.831724733432058 -0.08712223834607076 0.0 0.0 0.0 0.0 0.0 0.0
7 -0.06945467773737075 2.861528695036095 -0.009820212710619947 0.0 0.0 0.0 0.0 0.0 0.0
8 0.06571298621371391 5.137472699186931 -0.05901954020172018 0.0 0.0 0.0 0.0 0.0 0.0
9 0.04979424561817661 6.299688957587181 -0.0721345688786183 0.0 0.0 0.0 0.0 0.0 0.0
10 0.028365868993133952 3.2400049047682042 -0.05731318083651287 0.0 0.0 0.0 0.0 0.0 0.0
11 0.025177213679638544 3.9158852397780732 -0.09475220109907562 0.0 0.0 0.0 0.0 0.0 0.0
12 -0.08045506448691747 1.3791784354347707 0.04270825294290215 0.0 0.0 0.0 0.0 0.0 0.0
13 -0.04233385729703636 4.124704748674656 -0.08619866218667219 0.0 0.0 0.0 0.0 0.0 0.0
14 -0.014971811610639318 3.6093816114457917 0.08716433149039185 0.0 0.0 0.0 0.0 0.0 0.0
15 -0.09146399508011503 2.8175612649568733 -0.0706809333082154 0.0 0.0 0.0 0.0 0.0 0.0
16 0.0067046482712172645 6.473239362501578 -0.06757397934108772 0.0 0.0 0.0 0.0 0.0 0.0
17 -0.05346374966561947 5.433196480264205 -0.022509986567593995 0.0 0.0 0.0 0.0 0.0 0.0
18 -0.04399302688701217 1.395890537770112 -0.044088237888693475 0.0 0.0 0.0 0.0 0.0 0.0
19 0.04212828442809147 3.839739284709256 -0.058822841005858155 0.0 0.0 0.0 0.0 0.0 0.0
20 0.018725931020303246 1.488180840858868 -0.034046563215425096 0.0 0.0 0.0 0.0 0.0 0.0
21 -0.015503018996768689 5.1907662162811725 -0.09529425221620245 0.0 0.0 0.0 0.0 0.0 0.0
22 0.07933589320578036 6.803293326767473 0.03533392950978176 0.0 0.0 0.0 0.0 0.0 0.0
23 -0.09762010717744647 3.925630932141074 0.019733458522589814 0.0 0.0 0.0 0.0 0.0 0.0
24 0.07321088047789026 6.08533699108606 0.04302636874378368 0.0 0.0 0.0 0.0 0.0 0.0
25 0.03678567100466257 2.4542309846100476 -0.08811236001751516 0.0 0.0 0.0 0.0 0.0 0.0
26 0.014097067255351842 3.385094493609923 0.002939130597979192 0.0 0.0 0.0 0.0 0.0 0.0
27 -0.09171132700488893 1.8692745914356643 0.0333888447048403 0.0 0.0 0.0 0.0 0.0 0.0
28 -0.04902274261462572 1.7969776001589195 -0.023955573891107224 0.0 0.0 0.0 0.0 0.0 0.0
29 0.09742165811381678 1.0769320168295078 -0.05171984814208024 0.0 0.0 0.0 0.0 0.0 0.0
30 0.010256286890188454 2.8411784928860024 0.022166111476551606 0.0 0.0 0.0 0.0 0.0 0.0
31 0.06570876994316974 3.5985989866460244 0.05700752831455938 0.0 0.0 0.0 0.0 0.0 0.0
32 -0.03766892533812687 6.214112109198669 0.07883757575087186 0.0 0.0 0.0 0.0 0.0 0.0
33 -0.07185133899755491 4.441953402638542 -0.04927312936115034 0.0 0.0 0.0 0.0 0.0 0.0
34 -0.07272309950644454 3.1061333905477584 0.015773873868828267 0.0 0.0 0.0 0.0 0.0 0.0
35 -0.023992417721251297 1.5310314512867085 0.025739356415847958 0.0 0.0 0.0 0.0 0.0 0.0
36 -0.0681633305394014 2.4660439058755537 0.03263801811932146 0.0 0.0 0.0 0.0 0.0 0.0
37 0.007394809398223304 2.0133586598945787 -0.08943975199652328 0.0 0.0 0.0 0.0 0.0 0.0
38 -0.03826191734148559 5.293337289204253 -0.02197018446823798 0.0 0.0 0.0 0.0 0.0 0.0
39 0.02008877729151741 4.000208737948335 0.053382290371469576 0.0 0.0 0.0 0.0 0.0 0.0
40 -0.0205246718347218 4.3264110694510505 -0.026214870903564377 0.0 0.0 0.0 0.0 0.0 0.0
41 0.04530284485170513 1.6094660152036364 -0.056967099410396106 0.0 0.0 0.0 0.0 0.0 0.0
42 -0.013397864181785984 2.073660910662716 0.03363775968136237 0.0 0.0 0.0 0.0 0.0 0.0
43 -0.010246418151400746 6.7014836365614165 -0.08261380504679568 0.0 0.0 0.0 0.0 0.0 0.0
44 0.047144674288963045 4.900543047696112 -0.02275796122352383 0.0 0.0 0.0 0.0 0.0 0.0
45 -0.05894736575750177 4.759127226340045 0.07359998511489582 0.0 0.0 0.0 0.0 0.0 0.0
46 -0.04468554102994256 6.791540051372736 0.027037894233958276 0.0 0.0 0.0 0.0 0.0 0.0
47 -0.07301891013131093 2.688143433530155 0.039649412946390655 0.0 0.0 0.0 0.0 0.0 0.0
48 0.024303707497533217 5.394781148929399 0.09421260493967604 0.0 0.0 0.0 0.0 0.0 0.0
49 -0.09143202599525142 1.348855465404241 0.0013844096235237496 0.0 0.0 0.0 0.0 0.0 0.0
50 -0.08370782615869027 4.827484599609267 -0.05442288974401721 0.0 0.0 0.0 0.0 0.0 0.0
51 -0.015253570398529107 2.824303885346303 -0.042152338029240566 0.0 0.0 0.0 0.0 0.0 0.0
52 -0.052374711065204194 6.515541773516535 0.030138074386371172 0.0 0.0 0.0 0.0 0.0 0.0
53 0.0029677626442129457 3.35248610045135 0.00888526849070867 0.0 0.0 0.0 0.0 0.0 0.0
54 0.06256715319171885 3.8374347035977054 -0.017357322471940176 0.0 0.0 0.0 0.0 0.0 0.0
55 0.01773953277617564 6.1210951927435495 -0.007943314915533864 0.0 0.0 0.0 0.0 0.0 0.0
56 0.04628239823753025 6.534346262903682 -0.027308893540280016 0.0 0.0 0.0 0.0 0.0 0.0
57 -0.025907235137152318 5.681146402474399 0.08537415326195572 0.0 0.0 0.0 0.0 0.0 0.0
58 0.05083694188223287 2.4282302817118926 0.02998701368299239 0.0 0.0 0.0 0.0 0.0 0.0
59 0.007020178900865634 5.756807833641635 0.0008433927823743304 0.0 0.0 0.0 0.0 0.0 0.0
60 0.046106648306748266 5.30300539911547 0.07957634519751242 0.0 0.0 0.0 0.0 0.0 0.0
61 -0.026144775799028658 5.070027362847501 0.07162576174279078 0.0 0.0 0.0 0.0 0.0 0.0
62 -0.05218439444109224 5.446518101775029 -0.023092895073092062 0.0 0.0 0.0 0.0 0.0 0.0
63 -0.02775730553132079 5.52479245790179 -0.05775976318842227 0.0 0.0 0.0 0.0 0.0 0.0
64 -0.0758916054403229 4.604660893045482 0.06838483139563917 0.0 0.0 0.0 0.0 0.0 0.0
65 -0.0700036933065861 4.060961574973353 0.020104577721945738 0.0 0.0 0.0 0.0 0.0 0.0
66 0.0391486497613123 3.0652355451513857 0.025570433033359402 0.0 0.0 0.0 0.0 0.0 0.0
67 -0.041671206231914275 5.294954559597617 -0.029041363320898822 0.0 0.0 0.0 0.0 0.0 0.0
68 0.06762247131162191 3.1333377511745937 0.009058323724755832 0.0 0.0 0.0 0.0 0.0 0.0
69 -0.044139099906387695 1.9021907066544328 0.09071462763997168 0.0 0.0 0.0 0.0 0.0 0.0
70 -0.09082873929254812 6.094704568020988 -0.0016811544327896277 0.0 0.0 0.0 0.0 0.0 0.0
71 0.04952865916296059 5.822632484540645 0.03097216158494065 0.0 0.0 0.0 0.0 0.0 0.0
72 -0.0030900803332855054 3.0371119110048013 -0.029051616870521227 0.0 0.0 0.0 0.0 0.0 0.0
73 -0.07974474106320628 2.7803252149083644 -0.03920406754286641 0.0 0.0 0.0 0.0 0.0 0.0
74 -0.027015956118098358 2.1024243247138137 -0.03815077236846687 0.0 0.0 0.0 0.0 0.0 0.0
75 0.056831977414646934 5.0259771025150854 0.04052903542650216 0.0 0.0 0.0 0.0 0.0 0.0
76 0.04190119349875282 2.883695441507877 0.04051697161079046 0.0 0.0 0.0 0.0 0.0 0.0
77 -0.028661405912156088 3.721036261194902 -0.07785856625906176 0.0 0.0 0.0 0.0 0.0 0.0
78 0.027520071324112966 3.33013931640732 0.01715499378049938 0.0 0.0 0.0 0.0 0.0 0.0
79 0.056736630772810964 4.4373098535567905 -0.0011084126873062566 0.0 0.0 0.0 0.0 0.0 0.0
80 0.010191006887622867 1.2742237981789493 0.09350407721875473 0.0 0.0 0.0 0.0 0.0 0.0
81 0.0830186223116518 5.948760242171264 0.09437654871931295 0.0 0.0 0.0 0.0 0.0 0.0
82 -0.08363092142699524 3.410606037335323 -0.04377418882612605 0.0 0.0 0.0 0.0 0.0 0.0
83 -0.09115535216455713 3.9262768335652964 0.018948640143916923 0.0 0.0 0.0 0.0 0.0 0.0
84 0.021931866221285443 1.6084157822129102 -0.08393012713329376 0.0 0.0 0.0 0.0 0.0 0.0
85 -0.05102839935536534 1.6098260974932226 0.010339089806007479 0.0 0.0 0.0 0.0 0.0 0.0
86 -0.07096176796682203 6.461561307066686 0.07254166900736045 0.0 0.0 0.0 0.0 0.0 0.0
87 -0.093106332150771 6.792591880948569 -0.05127845904649351 0.0 0.0 0.0 0.0 0.0 0.0
88 -0.08353376125931398 2.1108580506759935 0.010033715610609617 0.0 0.0 0.0 0.0 0.0 0.0
89 0.013110564696343502 4.104997517747288 -0.09488072071983913 0.0 0.0 0.0 0.0 0.0 0.0
90 -0.05219755383605451 3.3885394832071096 -0.08074642273806197 0.0 0.0 0.0 0.0 0.0 0.0
91 0.02066563906661352 6.686169226908929 -0.07859675289186525 0.0 0.0 0.0 0.0 0.0 0.0
92 0.043852082973145745 4.633187430897812 -0.016252466642124166 0.0 0.0 0.0 0.0 0.0 0.0
93 0.011711062515857767 1.7870030572072373 -0.07109764899752927 0.0 0.0 0.0 0.0 0.0 0.0
94 -0.07603576239343912 6.726655373448205 0.02004008434114793 0.0 0.0 0.0 0.0 0.0 0.0
95 0.03584800656850334 4.129495900764769 0.09106669757689775 0.0 0.0 0.0 0.0 0.0 0.0
96 -0.017533658416721526 6.8362965509672655 -0.006476557308756473 0.0 0.0 0.0 0.0 0.0 0.0
97 0.05055425138033817 5.469420306443842 -0.07976379070416605 0.0 0.0 0.0 0.0 0.0 0.0
98 0.024792622516048343 4.120509937895883 -0.02499184328471596 0.0 0.0 0.0 0.0 0.0 0.0
99 -0.06952974112458266 5.949081809996459 -0.062211425084452744 0.0 0.0 0.0 0.0 0.0 0.0
100 -0.057277848500623944 4.543295897829072 0.094445647870922 0.0 0.0 0.0 0.0 0.0 0.0
101 0.09042569610967735 6.924454126505183 -0.0885728294688471 0.0 0.0 0.0 0.0 0.0 0.0
102 0.07010713555516565 5.5742495104265135 0.04239816364745136 0.0 0.0 0.0 0.0 0.0 0.0
103 0.03856187962815755 5.464970742099435 -0.0766993946931343 0.0 0.0 0.0 0.0 0.0 0.0
104 0.0019232125904225794 4.369661409455636 -0.09895601801789791 0.0 0.0 0.0 0.0 0.0 0.0
105 0.06508948713881485 4.342963565626691 0.06328248469853989 0.0 0.0 0.0 0.0 0.0 0.0
106 -0.03674272712561165 5.143185969125064 -0.09963367561445587 0.0 0.0 0.0 0.0 0.0 0.0
107 -0.08272083893005591 4.660728717000392 -0.011291652540360173 0.0 0.0 0.0 0.0 0.0 0.0
108 -0.09243197164039385 6.078993822310594 -0.032614435595338345 0.0 0.0 0.0 0.0 0.0 0.0
109 0.02731118887740744 1.6696547330587275 0.044004034626665106 0.0 0.0 0.0 0.0 0.0 0.0
110 0.04919794899861313 4.554946834316925 -0.009441160936935006 0.0 0.0 0.0 0.0 0.0 0.0
111 -0.007014960957426181 3.8205891558529546 0.034510876481354924 0.0 0.0 0.0 0.0 0.0 0.0
112 -0.037547219487652474 4.947612049715201 0.08598437476894885 0.0 0.0 0.0 0.0 0.0 0.0
113 0.05608645562060541 2.7752472329193454 0.01909191301268695 0.0 0.0 0.0 0.0 0.0 0.0
114 -0.04839584883927062 4.593061967542724 -0.06348960284700486 0.0 0.0 0.0 0.0 0.0 0.0
115 -0.07520154967371669 4.208271574686486 0.08798911865291903 0.0 0.0 0.0 0.0 0.0 0.0
116 0.09176182764051155 5.884982498971452 -0.029231152533167507 0.0 0.0 0.0 0.0 0.0 0.0
117 -0.04490067490011547 3.170915387071678 -0.07597919493136047 0.0 0.0 0.0 0.0 0.0 0.0
118 0.02571871010622906 6.765224879481946 0.07718989392557227 0.0 0.0 0.0 0.0 0.0 0.0
119 -0.023577965321805006 6.4339906708269785 0.08620031936269729 0.0 0.0 0.0 0.0 0.0 0.0
120 -0.04791941876647146 2.792067988689724 -0.015486399237510468 0.0 0.0 0.0 0.0 0.0 0.0
121 -0.054409511505798404 1.3662913819477824 0.017501894733156373 0.0 0.0 0.0 0.0 0.0 0.0
122 0.07892112663131931 2.8295215955483055 -0.052623537970003145 0.0 0.0 0.0 0.0 0.0 0.0
123 0.004054717332638597 1.2393126739247027 -0.05665047924659013 0.0 0.0 0.0 0.0 0.0 0.0
124 0.03658742448607111 1.7881226535178913 -0.0077210004143970085 0.0 0.0 0.0 0.0 0.0 0.0
125 -0.09433863425464979 4.40533075411421 0.042462137632122754 0.0 0.0 0.0 0.0 0.0 0.0
126 0.016440806481280837 2.6209202710722015 -0.099992487732526 0.0 0.0 0.0 0.0 0.0 0.0
127 0.0011642666487850367 1.6483799727401687 0.04905388545528383 0.0 0.0 0.0 0.0 0.0 0.0
128 -0.0025291488886196173 6.702768784174182 0.037969297432904975 0.0 0.0 0.0 0.0 0.0 0.0
129 -0.02030858127515614 1.5878934683431185 0.09649141139063142 0.0 0.0 0.0 0.0 0.0 0.0
130 0.08709781372981557 1.466861225733427 0.03596914995756989 0.0 0.0 0.0 0.0 0.0 0.0
131 0.06279172184172854 3.36108724856396 0.04906582180149974 0.0 0.0 0.0 0.0 0.0 0.0
132 0.020691526194422938 1.985784115739563 -0.05005992120047718 0.0 0.0 0.0 0.0 0.0 0.0
133 -0.05717797329716545 6.407293516290801 0.05442532573661432 0.0 0.0 0.0 0.0 0.0 0.0
134 -0.09086125220457984 3.78997531655864 -0.0070483979222205895 0.0 0.0 0.0 0.0 0.0 0.0
135 0.06664205036283466 2.4659235926129535 0.07196957307406729 0.0 0.0 0.0 0.0 0.0 0.0
136 0.001985392365464758 2.6047142151331757 -0.04733950847123136 0.0 0.0 0.0 0.0 0.0 0.0
137 -0.09778927837633154 6.334546816288533 0.05073927651176227 0.0 0.0 0.0 0.0 0.0 0.0
138 0.05084072404918413 5.0809597595429 0.09307520937310218 0.0 0.0 0.0 0.0 0.0 0.0
139 0.04794334419302476 2.0071019314305607 -0.05739506297675463 0.0 0.0 0.0 0.0 0.0 0.0
140 0.07373660491974476 2.0351970850605134 0.07444633639888579 0.0 0.0 0.0 0.0 0.0 0.0
141 0.030578848290521654 5.119050632813116 -0.052527333773108476 0.0 0.0 0.0 0.0 0.0 0.0
142 0.04224905995829692 5.572719704868632 0.09185298117099716 0.0 0.0 0.0 0.0 0.0 0.0
143 0.06390187311109738 3.3128310595774986 -0.08717670907290481 0.0 0.0 0.0 0.0 0.0 0.0
144 0.092605134672186 2.5636903067752765 -0.014612150107167612 0.0 0.0 0.0 0.0 0.0 0.0
145 -0.08544352735661075 1.2401089922483988 0.014425473330830108 0.0 0.0 0.0 0.0 0.0 0.0
146 0.09771430151989513 4.467784402497273 -0.08840800376655099 0.0 0.0 0.0 0.0 0.0 0.0
147 -0.05122467137183937 3.7517636852383496 -0.09278012394079814 0.0 0.0 0.0 0.0 0.0 0.0
148 -0.026848769029157213 5.442081643108089 0.025611972702517832 0.0 0.0 0.0 0.0 0.0 0.0
149 -0.01598366580946857 3.379323678252203 -0.019416316307929768 0.0 0.0 0.0 0.0 0.0 0.0
150 0.0384675311791432 5.812455776941121 0.06681435821249895 0.0 0.0 0.0 0.0 0.0 0.0
151 -0.00515184656138315 4.117468478556017 0.026906424818912367 0.0 0.0 0.0 0.0 0.0 0.0
152 -0.0724713992625241 3.1696863514830227 0.08846376188085411 0.0 0.0 0.0 0.0 0.0 0.0
153 -0.050751853927445904 2.5682878341974833 0.019990495821466017 0.0 0.0 0.0 0.0 0.0 0.0
154 -0.06840007382081795 4.657813177172333 0.0822741371301822 0.0 0.0 0.0 0.0 0.0 0.0
155 -0.030833481228711393 1.3729578161862694 0.011144429032694372 0.0 0.0 0.0 0.0 0.0 0.0
156 -0.01644647164168074 4.575387025425122 0.021682038117032537 0.0 0.0 0.0 0.0 0.0 0.0
157 -0.0025411144155927518 6.762132546526476 0.09769605773289289 0.0 0.0 0.0 0.0 0.0 0.0
158 -0.06096553186864378 2.788336414208684 0.07720139351125513 0.0 0.0 0.0 0.0 0.0 0.0
159 0.019126392147380142 1.671765860231202 0.06773947457256657 0.0 0.0 0.0 0.0 0.0 0.0
160 0.09828063171629656 6.107608458385497 0.023844125802219396 0.0 0.0 0.0 0.0 0.0 0.0
161 -0.017858429088965427 2.7000244169282306 0.029265991234032507 0.0 0.0 0.0 0.0 0.0 0.0
162 -0.039171372928156825 2.0653087412028355 -0.06112613990482532 0.0 0.0 0.0 0.0 0.0 0.0
163 -0.04358443495623128 3.737590371337997 -0.029956120867975763 0.0 0.0 0.0 0.0 0.0 0.0
164 -0.05925623566531342 1.2954314006297365 0.020660862097590688 0.0 0.0 0.0 0.0 0.0 0.0
165 -0.07231255243621136 5.995901593924038 -0.017763065455600607 0.0 0.0 0.0 0.0 0.0 0.0
166 -0.06267939188381733 3.8559756208164737 -0.08107489110023097 0.0 0.0 0.0 0.0 0.0 0.0
167 -0.023893725116072725 6.006676816500139 -0.07608957770285796 0.0 0.0 0.0 0.0 0.0 0.0
168 0.03333064246228415 6.555257902732783 -0.05786754453767025 0.0 0.0 0.0 0.0 0.0 0.0
169 -0.022256232129630724 3.8172403976845217 0.047749884005698434 0.0 0.0 0.0 0.0 0.0 0.0
170 -0.03414923701507429 1.698753543217169 0.029264940036563936 0.0 0.0 0.0 0.0 0.0 0.0
171 -0.03595373870786821 5.552552796371389 0.046150458085420454 0.0 0.0 0.0 0.0 0.0 0.0
172 0.053959102743550674 4.01516903197004 0.0006331807631451969 0.0 0.0 0.0 0.0 0.0 0.0
173 -0.018718779606377536 2.6398772130741053 0.03222831456015662 0.0 0.0 0.0 0.0 0.0 0.0
174 -0.059641330877027526 2.7603450899035593 0.06696352564730665 0.0 0.0 0.0 0.0 0.0 0.0
175 0.021536479205072553 1.384293903198799 -0.0007092704496955149 0.0 0.0 0.0 0.0 0.0 0.0
176 -0.062358907720377804 2.899904209436657 -0.0537372221534836 0.0 0.0 0.0 0.0 0.0 0.0
177 0.006148941288419391 3.7892448856827006 0.04809954615490136 0.0 0.0 0.0 0.0 0.0 0.0
178 -0.03188761457867449 5.282573476742234 0.021569867836428308 0.0 0.0 0.0 0.0 0.0 0.0
179 0.09872577061188831 2.340917619038012 -0.05760807110985973 0.0 0.0 0.0 0.0 0.0 0.0
180 0.0998460600037521 5.714372277936532 -0.07685634551287351 0.0 0.0 0.0 0.0 0.0 0.0
181 0.02654568180413258 4.580286119669934 -0.0858165893590695 0.0 0.0 0.0 0.0 0.0 0.0
182 0.01903777894530405 3.829377682773633 -0.07401198249212598 0.0 0.0 0.0 0.0 0.0 0.0
183 0.009914331161779283 4.582797548320965 0.08943281888871943 0.0 0.0 0.0 0.0 0.0 0.0
184 -0.001197209882245781 5.888265666616901 0.06098863161729218 0.0 0.0 0.0 0.0 0.0 0.0
185 0.026677667102476654 1.6828135740490608 0.0782471790246802 0.0 0.0 0.0 0.0 0.0 0.0
186 -0.006664177795261322 5.798905806632696 -0.020616395463131737 0.0 0.0 0.0 0.0 0.0 0.0
187 -0.04563668669508967 5.151647235321694 0.09686281818637738 0.0 0.0 0.0 0.0 0.0 0.0
188 -0.08058884796799748 2.2347094999684582 0.025374594550144597 0.0 0.0 0.0 0.0 0.0 0.0
189 -0.05699560073696968 6.525379445316369 -0.046840216247614724 0.0 0.0 0.0 0.0 0.0 0.0
190 0.06883579334816511 6.511271229977861 -0.01849877622608201 0.0 0.0 0.0 0.0 0.0 0.0
191 -0.05272964885022722 5.472240869102423 0.046153605370207046 0.0 0.0 0.0 0.0 0.0 0.0
192 -0.019884331297555402 4.9154702966230115 -0.047326157663496064 0.0 0.0 0.0 0.0 0.0 0.0
193 -0.007793073612802542 6.785684786090714 -0.01587457584887486 0.0 0.0 0.0 0.0 0.0 0.0
194 0.09052045730887154 6.297022545788874 0.08846333416922492 0.0 0.0 0.0 0.0 0.0 0.0
195 0.04462316123698046 1.8962012423002632 -0.09448716318356698 0.0 0.0 0.0 0.0 0.0 0.0
196 0.06252052732294536 2.4365181863344985 0.014099791712939541 0.0 0.0 0.0 0.0 0.0 0.0
197 0.017221997360667457 3.3992209030374445 -0.017480622941137974 0.0 0.0 0.0 0.0 0.0 0.0
198 -0.03396936010384577 5.65918501914619 -0.031135890509172315 0.0 0.0 0.0 0.0 0.0 0.0
199 0.021750103417260983 5.880067723212598 0.028259628326575192 0.0 0.0 0.0 0.0 0.0 0.0
200 0.0795312109543746 4.19715917245527 0.028292176336823044 0.0 0.0 0.0 0.0 0.0 0.0
201 -0.03618736687843485 5.889509801436448 0.07530384144149654 0.0 0.0 0.0 0.0 0.0 0.0
202 0.024812749732580255 1.5157148156929696 0.06889979539808364 0.0 0.0 0.0 0.0 0.0 0.0
203 -0.0746921384696717 1.2414625007231244 0.006171385134928389 0.0 0.0 0.0 0.0 0.0 0.0
204 0.08032496665088731 1.2001204740028577 0.08314867524401762 0.0 0.0 0.0 0.0 0.0 0.0
205 -0.0017202998786331192 1.2128767105031921 0.03358658799537484 0.0 0.0 0.0 0.0 0.0 0.0
206 0.046171078009167615 5.976146144699686 0.05050982261140899 0.0 0.0 0.0 0.0 0.0 0.0
207 0.08758317136452451 6.6106763870303995 0.0531060133707513 0.0 0.0 0.0 0.0 0.0 0.0
208 -0.04302295885497534 3.941536194502243 -0.09603703205842246 0.0 0.0 0.0 0.0 0.0 0.0
209 0.0979716972442061 1.6956727157038156 0.009552364268627461 0.0 0.0 0.0 0.0 0.0 0.0
210 -0.03740440347872542 3.515539658548595 0.038541283546915495 0.0 0.0 0.0 0.0 0.0 0.0
211 -0.09836955081974984 6.090169051657243 -0.062326588635749004 0.0 0.0 0.0 0.0 0.0 0.0
212 -0.08402986474183088 3.2304779169855733 -0.050383611790348184 0.0 0.0 0.0 0.0 0.0 0.0
213 0.02168894359874418 3.1131884442516586 -0.015888725461983208 0.0 0.0 0.0 0.0 0.0 0.0
214 0.027085822149927358 4.867899174385413 -0.0706306790978679 0.0 0.0 0.0 0.0 0.0 0.0
215 -0.0508083661289869 6.078337907912107 0.021797645798728046 0.0 0.0 0.0 0.0 0.0 0.0
216 -0.0628926336294107 5.180756240327411 -0.042337687273383766 0.0 0.0 0.0 0.0 0.0 0.0
217 -0.08566277473699196 4.774403426605616 0.03888027106818798 0.0 0.0 0.0 0.0 0.0 0.0
218 0.05629105990758221 5.344597695022977 -0.006227216615952089 0.0 0.0 0.0 0.0 0.0 0.0
219 -0.07062902350766641 2.5395313109986115 0.008484796939645586 0.0 0.0 0.0 0.0 0.0 0.0
220 -0.08675992478930712 4.711132959678427 0.007795550958994174 0.0 0.0 0.0 0.0 0.0 0.0
221 -0.0328064988770083 5.348065348605984 -0.04730156816042588 0.0 0.0 0.0 0.0 0.0 0.0
222 0.09499169782531969 4.026166469787364 0.013071502078887298 0.0 0.0 0.0 0.0 0.0 0.0
223 -0.09086382147315704 5.433093273543324 -0.03315422335947456 0.0 0.0 0.0 0.0 0.0 0.0
224 -0.0968586754215287 6.1692738117915304 0.09258309523188629 0.0 0.0 0.0 0.0 0.0 0.0
225 -0.09740664145206213 4.5496515058251354 -0.09933202954089736 0.0 0.0 0.0 0.0 0.0 0.0
226 -0.036619708426175 1.8234524177687568 -0.021672389042546064 0.0 0.0 0.0 0.0 0.0 0.0
227 -0.07759010037823495 3.928496925680981 -0.09276489645106994 0.0 0.0 0.0 0.0 0.0 0.0
228 -0.07911216277068195 1.9373024122428821 -0.03974981682528744 0.0 0.0 0.0 0.0 0.0 0.0
229 -0.07671998729927812 2.3588201337657435 0.058616560335045004 0.0 0.0 0.0 0.0 0.0 0.0
230 0.06127650784217495 3.840854207836018 0.07267125305011393 0.0 0.0 0.0 0.0 0.0 0.0
231 -0.02358915566679956 3.2133727718425753 -0.007678325456703841 0.0 0.0 0.0 0.0 0.0 0.0
232 -0.006110525769654762 4.283420075861552 -0.07607054376242395 0.0 0.0 0.0 0.0 0.0 0.0
233 -0.08621612991264647 4.08128402908812 0.04933694185659043 0.0 0.0 0.0 0.0 0.0 0.0
234 -0.092008655563922 6.0323797294078725 0.07591724613662731 0.0 0.0 0.0 0.0 0.0 0.0
235 0.011695664999460842 5.548316348033282 0.07493771798909743 0.0 0.0 0.0 0.0 0.0 0.0
236 -0.008186770049219569 1.041594560735147 -0.05003543872830696 0.0 0.0 0.0 0.0 0.0 0.0
237 0.016766105683634153 4.3533877663183524 -0.035430287145189546 0.0 0.0 0.0 0.0 0.0 0.0
238 -0.07784230499821793 5.928153116128122 -0.0011196172780285618 0.0 0.0 0.0 0.0 0.0 0.0
239 -0.08498549982899457 5.133514802664566 0.06662418856391858 0.0 0.0 0.0 0.0 0.0 0.0
240 -0.007480197496702964 1.718490541591012 0.022326069468228765 0.0 0.0 0.0 0.0 0.0 0.0
241 0.06061737453703217 6.289966597834475 0.007107825186520839 0.0 0.0 0.0 0.0 0.0 0.0
242 0.006060278892328005 3.3473015256604186 0.08672527938284882 0.0 0.0 0.0 0.0 0.0 0.0
243 -0.07936949550573134 4.402908528321566 0.034565802168527116 0.0 0.0 0.0 0.0 0.0 0.0
244 0.009917951747343806 3.4308725463483927 -0.08945994171883123 0.0 0.0 0.0 0.0 0.0 0.0
245 -0.009407185378688815 2.4087776251204023 0.031183801737179606 0.0 0.0 0.0 0.0 0.0 0.0
246 0.09020485321163654 2.9255451481828647 0.05604591759454999 0.0 0.0 0.0 0.0 0.0 0.0
247 -0.020945026955195095 1.8707318944222726 0.09775171349427125 0.0 0.0 0.0 0.0 0.0 0.0
248 0.08570243723286794 3.3743415494006994 -0.06445894632475363 0.0 0.0 0.0 0.0 0.0 0.0
249 -0.05367835437218602 6.623719486482455 -0.005640215796180056 0.0 0.0 0.0 0.0 0.0 0.0
250 0.08372959636947472 3.597799600999701 -0.010254188909439035 0.0 0.0 0.0 0.0 0.0 0.0
251 -0.088628014919127 6.454380095004162 0.04496190126954144 0.0 0.0 0.0 0.0 0.0 0.0
252 -0.023612814525271378 3.434394843415382 0.04760869395936404 0.0 0.0 0.0 0.0 0.0 0.0
253 -0.07839479015074924 3.515790448563238 0.09037592485635917 0.0 0.0 0.0 0.0 0.0 0.0
254 -0.08210767019281061 2.857911606434348 0.06841025447341709 0.0 0.0 0.0 0.0 0.0 0.0
255 -0.04928463557630232 5.80567543827641 0.024158314689794264 0.0 0.0 0.0 0.0 0.0 0.0
256 0.04744171723890245 3.287125833472651 -0.022957689033237513 0.0 0.0 0.0 0.0 0.0 0.0
257 0.006388348205637412 2.304554182378584 0.08317619803459528 0.0 0.0 0.0 0.0 0.0 0.0
258 -0.02335188558362622 3.78807170580448 0.021585388659355373 0.0 0.0 0.0 0.0 0.0 0.0
259 -0.08629575195935256 6.273183552478527 -0.05613220162720383 0.0 0.0 0.0 0.0 0.0 0.0
260 -0.003930391741990613 6.743716836791217 -0.012061076938453458 0.0 0.0 0.0 0.0 0.0 0.0
261 0.05481289092498584 2.9922617018184776 -0.008697430795748612 0.0 0.0 0.0 0.0 0.0 0.0
262 0.06664139374711439 3.409496403773072 0.06963584161239106 0.0 0.0 0.0 0.0 0.0 0.0
263 0.02488870777535797 2.802373575994147 -0.021017856886662203 0.0 0.0 0.0 0.0 0.0 0.0
264 -0.08588750455746341 2.5224156727460407 -0.09183034803610612 0.0 0.0 0.0 0.0 0.0 0.0
265 -0.09677064804001559 6.696939992180496 -0.009538471234088797 0.0 0.0 0.0 0.0 0.0 0.0
266 -0.003545402231656586 3.139109837740941 0.03360101622321662 0.0 0.0 0.0 0.0 0.0 0.0
267 -0.08444529205619176 2.126225578737853 -0.06887027655532488 0.0 0.0 0.0 0.0 0.0 0.0
268 0.016288528213100006 6.853969387430498 0.014473231751722368 0.0 0.0 0.0 0.0 0.0 0.0
269 0.09459667505617181 6.358284120802709 0.03976204392247562 0.0 0.0 0.0 0.0 0.0 0.0
270 -0.026907818258200322 3.9202702937758875 0.017031350130572415 0.0 0.0 0.0 0.0 0.0 0.0
271 0.009222111483704581 2.0490068525096468 0.056632334436822473 0.0 0.0 0.0 0.0 0.0 0.0
272 -0.04283605115852762 3.1117353683449673 0.02739276648135852 0.0 0.0 0.0 0.0 0.0 0.0
273 -0.07045118650603349 5.063109322139241 -0.04941969437574676 0.0 0.0 0.0 0.0 0.0 0.0
274 0.014665428989992707 5.571151483971313 0.014493772894156959 0.0 0.0 0.0 0.0 0.0 0.0
275 -0.027545464820812868 1.4432148669066955 -0.007507139034558061 0.0 0.0 0.0 0.0 0.0 0.0
276 -0.013956320429560368 6.682678743710917 -0.037089475556760815 0.0 0.0 0.0 0.0 0.0 0.0
277 0.06122044827361367 1.5662195112509292 -0.03158643964650963 0.0 0.0 0.0 0.0 0.0 0.0
278 0.020783972524015246 6.221848681072507 -0.02435970859881606 0.0 0.0 0.0 0.0 0.0 0.0
279 0.08962955205390427 2.3192927036831 0.09510344244018556 0.0 0.0 0.0 0.0 0.0 0.0
280 -0.05793409548560507 5.0696553133692355 0.08052715575429867 0.0 0.0 0.0 0.0 0.0 0.0
281 0.09744555870884292 3.170205800240891 -0.05362350087490413 0.0 0.0 0.0 0.0 0.0 0.0
282 -0.07865149352287462 2.10919345631941 -0.08016203383577808 0.0 0.0 0.0 0.0 0.0 0.0
283 0.03541974223199032 3.573962264675539 -0.06750338186288521 0.0 0.0 0.0 0.0 0.0 0.0
284 0.09060643425661882 1.292438171135371 -0.07260222156744954 0.0 0.0 0.0 0.0 0.0 0.0
285 0.08621021871449672 1.371463878041225 0.06663750709060562 0.0 0.0 0.0 0.0 0.0 0.0
286 0.06304879838439034 4.372161615224015 -0.0711424021783249 0.0 0.0 0.0 0.0 0.0 0.0
287 0.08032929295825117 3.5745718686283245 0.05133268779427613 0.0 0.0 0.0 0.0 0.0 0.0
288 0.03273359237755316 3.332999802013881 -0.06920205191880671 0.0 0.0 0.0 0.0 0.0 0.0
289 0.021316376927582148 6.262697287753137 0.04853143635312068 0.0 0.0 0.0 0.0 0.0 0.0
290 0.008595622635212852 5.607191372481959 0.09232600163449298 0.0 0.0 0.0 0.0 0.0 0.0
291 -0.06025119782991928 2.504496993115498 -0.011223031302532258 0.0 0.0 0.0 0.0 0.0 0.0
292 -0.06977733803250148 5.825383772536536 0.009622598249848763 0.0 0.0 0.0 0.0 0.0 0.0
293 -0.011118892367834365 5.809645316332963 0.07920897635781918 0.0 0.0 0.0 0.0 0.0 0.0
294 0.08575951341929444 4.1133980495910025 0.07397416380867677 0.0 0.0 0.0 0.0 0.0 0.0
295 0.0769348227559625 6.3076851744372515 0.0894113881740369 0.0 0.0 0.0 0.0 0.0 0.0
296 0.010954336810919216 5.498795318551902 0.0654604960178787 0.0 0.0 0.0 0.0 0.0 0.0
297 0.007251115042515369 4.421038347739875 -0.011760937080447412 0.0 0.0 0.0 0.0 0.0 0.0
298 0.01671602345149295 6.811266286350069 -0.012361681613176884 0.0 0.0 0.0 0.0 0.0 0.0
299 -0.0444875465953323 6.688145621999907 -0.04847619681620446 0.0 0.0 0.0 0.0 0.0 0.0
300 0.0903858128699388 3.0687487063462555 0.03146480542836272 0.0 0.0 0.0 0.0 0.0 0.0
301 0.031319211069706976 5.621301981071387 -0.015067847009782517 0.0 0.0 0.0 0.0 0.0 0.0
302 -0.08742895207125057 3.3358079466225057 0.07728684904210234 0.0 0.0 0.0 0.0 0.0 0.0
303 0.08679202578933518 1.8005826112967258 0.02357646657673454 0.0 0.0 0.0 0.0 0.0 0.0
304 -0.08829957528208539 6.3395844282680205 -0.018709211401944786 0.0 0.0 0.0 0.0 0.0 0.0
305 0.0005811944767052657 6.608053309881263 0.003504194666434632 0.0 0.0 0.0 0.0 0.0 0.0
306 -0.06809392568972242 1.341435965450373 0.031120073471478105 0.0 0.0 0.0 0.0 0.0 0.0
307 0.07837385166207278 5.136581355452847 0.023996963272634966 0.0 0.0 0.0 0.0 0.0 0.0
308 0.09949412721740614 1.912439051700997 0.09058809505683377 0.0 0.0 0.0 0.0 0.0 0.0
309 0.05010828987475843 4.075004286412582 -0.08907941024874128 0.0 0.0 0.0 0.0 0.0 0.0
310 0.0021255522996474208 6.109856062498366 0.01259269470158575 0.0 0.0 0.0 0.0 0.0 0.0
311 0.013057351392907979 6.682705453151604 -0.024773258700623454 0.0 0.0 0.0 0.0 0.0 0.0
312 -0.08218713828924468 3.0578682157085217 0.01211471752125401 0.0 0.0 0.0 0.0 0.0 0.0
313 0.019328762654196946 6.261933352853472 -0.026402299425103817 0.0 0.0 0.0 0.0 0.0 0.0
314 0.0363325003564354 4.974528780727402 0.0561455965871584 0.0 0.0 0.0 0.0 0.0 0.0
315 -0.07035122447920004 1.4159361631666647 0.03819096964374824 0.0 0.0 0.0 0.0 0.0 0.0
316 -0.02858856643575436 1.7410388458808956 -0.0746484503907743 0.0 0.0 0.0 0.0 0.0 0.0
317 -0.004552812611754442 4.471252727099934 -0.0012635883426999756 0.0 0.0 0.0 0.0 0.0 0.0
318 -0.08789343914896608 3.1819134558250575 0.07960221049835228 0.0 0.0 0.0 0.0 0.0 0.0
319 0.03444385921977983 3.4046895944140694 0.003349572422843325 0.0 0.0 0.0 0.0 0.0 0.0
320 0.041251335741998046 3.01233065059896 0.016469054543380962 0.0 0.0 0.0 0.0 0.0 0.0
321 -3.247507799672422e-05 4.449392608003453 -0.031152304346743792 0.0 0.0 0.0 0.0 0.0 0.0
322 -0.020271551541446747 3.7871143489592534 0.01223128135934104 0.0 0.0 0.0 0.0 0.0 0.0
323 -0.056513933872287425 4.272815101083318 -0.02514961617290261 0.0 0.0 0.0 0.0 0.0 0.0
324 -0.03466441289032518 4.033440891648924 -0.014343838336603604 0.0 0.0 0.0 0.0 0.0 0.0
325 0.017686063525558612 4.609829757020006 0.04250227558243161 0.0 0.0 0.0 0.0 0.0 0.0
326 0.07005525986764224 2.7283877800886005 0.01350407032900365 0.0 0.0 0.0 0.0 0.0 0.0
327 0.03579055399910014 3.0645332584288516 0.07890626986775823 0.0 0.0 0.0 0.0 0.0 0.0
328 -0.05468199694582437 2.4915622116821967 0.0444935027684088 0.0 0.0 0.0 0.0 0.0 0.0
329 -0.05608492794853906 1.2978072617345375 0.0898055074514171 0.0 0.0 0.0 0.0 0.0 0.0
330 -0.08720928566079528 6.211338028714219 0.04819557757662846 0.0 0.0 0.0 0.0 0.0 0.0
331 -0.020062768108574908 3.2825011026058157 0.04692238058915163 0.0 0.0 0.0 0.0 0.0 0.0
332 -0.03298172749129276 2.071448146100571 0.09127687448705946 0.0 0.0 0.0 0.0 0.0 0.0
333 0.05662192150016862 1.1100350972301947 -0.05017921440865696 0.0 0.0 0.0 0.0 0.0 0.0
334 0.07397213616111528 3.251529321372449 0.08239213795700287 0.0 0.0 0.0 0.0 0.0 0.0
335 0.054846808113493406 5.65857555114188 -0.08614878416774047 0.0 0.0 0.0 0.0 0.0 0.0
336 0.02961271691284148 6.839518168641765 0.09156068872446402 0.0 0.0 0.0 0.0 0.0 0.0
337 -0.09911397365544224 2.786056844930301 0.0224777906206092 0.0 0.0 0.0 0.0 0.0 0.0
338 0.05411768519154522 5.65235499889398 -0.045561795247375185 0.0 0.0 0.0 0.0 0.0 0.0
339 0.09359596748369992 2.8751335494018155 0.09418892423514236 0.0 0.0 0.0 0.0 0.0 0.0
340 0.026796600299114376 6.509249352321277 -0.001330279077555202 0.0 0.0 0.0 0.0 0.0 0.0
341 -0.06751184456651856 2.9435439483921013 0.03648124524288848 0.0 0.0 0.0 0.0 0.0 0.0
342 0.038228685557281955 6.4603819111028615 0.07607575618354162 0.0 0.0 0.0 0.0 0.0 0.0
343 0.04304946928830822 3.1658826166289913 0.08665937878743846 0.0 0.0 0.0 0.0 0.0 0.0
344 0.09521808289190933 1.4287049149133317 -0.08118023179904742 0.0 0.0 0.0 0.0 0.0 0.0
345 -0.0691119780290417 3.68398558014903 -0.09641175372250606 0.0 0.0 0.0 0.0 0.0 0.0
346 0.037958493484704675 1.7096759294960344 -0.08620909602812583 0.0 0.0 0.0 0.0 0.0 0.0
347 -0.05325187871362347 5.04385091744705 0.05613354749525237 0.0 0.0 0.0 0.0 0.0 0.0
348 -0.09236955398889353 4.7417739554427945 0.06061393656820674 0.0 0.0 0.0 0.0 0.0 0.0
349 -0.031865320305372036 5.884533996803252 -0.05429089598368611 0.0 0.0 0.0 0.0 0.0 0.0
350 -0.0655408141846145 1.7443871152888286 -0.006727685344797549 0.0 0.0 0.0 0.0 0.0 0.0
351 0.04236128806962025 1.207701105421299 0.0594636457698193 0.0 0.0 0.0 0.0 0.0 0.0
352 -0.09398768629198406 4.817178288653483 -0.03227797511610053 0.0 0.0 0.0 0.0 0.0 0.0
353 -0.011625467488738855 5.477876490919938 -0.0134602836650628 0.0 0.0 0.0 0.0 0.0 0.0
354 -0.08676027902897199 5.1451403256544825 0.03938492155166845 0.0 0.0 0.0 0.0 0.0 0.0
355 0.026107679764449915 6.197061277484455 -0.0471788282141411 0.0 0.0 0.0 0.0 0.0 0.0
356 0.008168026931951372 4.129594803997646 0.05771921455223783 0.0 0.0 0.0 0.0 0.0 0.0
357 -0.05068350929074117 1.6423345894350854 0.007833395800535062 0.0 0.0 0.0 0.0 0.0 0.0
358 -0.011870938383542334 6.74991076352609 0.04372553086627201 0.0 0.0 0.0 0.0 0.0 0.0
359 -0.0241042607027043 1.8891905215990699 0.09880248334544803 0.0 0.0 0.0 0.0 0.0 0.0
360 0.05003940931706105 4.309735504332942 0.0410145219016545 0.0 0.0 0.0 0.0 0.0 0.0
361 0.09242363702143042 3.2148342526060105 0.04725493894758803 0.0 0.0 0.0 0.0 0.0 0.0
362 -0.06833851018282378 4.989078030195684 0.021290661553023282 0.0 0.0 0.0 0.0 0.0 0.0
363 -0.005777597024207506 1.5746022994255153 -0.09299243390795153 0.0 0.0 0.0 0.0 0.0 0.0
364 0.06751889538435185 3.7404884747888376 0.05404272623025086 0.0 0.0 0.0 0.0 0.0 0.0
365 -0.06918419398010651 1.721268266834753 0.050597026290062685 0.0 0.0 0.0 0.0 0.0 0.0
366 0.07072088321239076 3.825592253595369 0.02530316385149639 0.0 0.0 0.0 0.0 0.0 0.0
367 0.05715016338537121 6.056791665155936 0.04041142860228347 0.0 0.0 0.0 0.0 0.0 0.0
368 -0.08275647589817176 5.573856815937832 0.033986546098569825 0.0 0.0 0.0 0.0 0.0 0.0
369 -0.03483296671177194 1.953338435417335 0.04648484389068899 0.0 0.0 0.0 0.0 0.0 0.0
370 0.0995843361476704 2.20160237388515 -0.024332523339785042 0.0 0.0 0.0 0.0 0.0 0.0
371 0.01438436861391175 6.974868616362312 0.03346307734305029 0.0 0.0 0.0 0.0 0.0 0.0
372 -0.05898206836338802 2.6269780627763963 -0.027270985298961686 0.0 0.0 0.0 0.0 0.0 0.0
373 0.06316065933749399 5.67606657886319 0.022570330839844027 0.0 0.0 0.0 0.0 0.0 0.0
374 0.08375751395859474 4.1331596288996195 -0.08186072858426725 0.0 0.0 0.0 0.0 0.0 0.0
375 -0.01647334104778228 4.747123558590994 0.0702832769412772 0.0 0.0 0.0 0.0 0.0 0.0
376 -0.07529819221644617 2.128888811595534 0.06629535946887405 0.0 0.0 0.0 0.0 0.0 0.0
377 -0.055953266555790804 2.2733328920216347 -0.09364583522433274 0.0 0.0 0.0 0.0 0.0 0.0
378 -0.0797988829445471 5.77854531592682 0.01060396635507399 0.0 0.0 0.0 0.0 0.0 0.0
379 -0.07236283861845749 1.1113586568025482 0.009140134611540313 0.0 0.0 0.0 0.0 0.0 0.0
380 -0.09867993525602835 4.6509832968007006 -0.01865982283270358 0.0 0.0 0.0 0.0 0.0 0.0
381 0.009009108753282646 6.144506529364678 -0.0744336479130306 0.0 0.0 0.0 0.0 0.0 0.0
382 0.09948793232453992 4.819884167015033 -0.08413015333119214 0.0 0.0 0.0 0.0 0.0 0.0
383 -0.08765564716439123 4.990706343194417 0.06334065924517729 0.0 0.0 0.0 0.0 0.0 0.0
384 0.07136050377477707 3.1679512129341325 -0.07409246073075015 0.0 0.0 0.0 0.0 0.0 0.0
385 -0.06615469286179128 6.974124682415814 -0.09582074994414017 0.0 0.0 0.0 0.0 0.0 0.0
386 -0.03141028282374088 5.235025822307857 0.028127747318846458 0.0 0.0 0.0 0.0 0.0 0.0
387 -0.09062516223084818 4.112822651466987 0.035947118865699484 0.0 0.0 0.0 0.0 0.0 0.0
388 0.08378218981597638 2.6224780884787844 -0.053604594724408844 0.0 0.0 0.0 0.0 0.0 0.0
389 -0.09478720790587705 2.7636059678019125 0.033144908999380523 0.0 0.0 0.0 0.0 0.0 0.0
390 0.008152440500055633 4.754322543781693 0.08784596422959448 0.0 0.0 0.0 0.0 0.0 0.0
391 0.00483999003952959 2.5491463726710046 -0.057907109037370355 0.0 0.0 0.0 0.0 0.0 0.0
392 0.052948115638251775 3.7912682709202663 -0.07027490826855626 0.0 0.0 0.0 0.0 0.0 0.0
393 0.09225926560912742 3.3183879730275976 -0.0031819790794929553 0.0 0.0 0.0 0.0 0.0 0.0
394 0.019004326694078852 5.171238238878214 -0.02853544598733214 0.0 0.0 0.0 0.0 0.0 0.0
395 -0.004220382228692726 2.1821866131460563 0.01042586964210919 0.0 0.0 0.0 0.0 0.0 0.0
396 0.07359434109405036 5.812278521105885 0.02841577981656257 0.0 0.0 0.0 0.0 0.0 0.0
397 -0.08775633194058229 6.977925703727067 0.049977267018999766 0.0 0.0 0.0 0.0 0.0 0.0
398 0.04894753350721573 2.5353501462591566 0.08555783981545054 0.0 0.0 0.0 0.0 0.0 0.0
399 0.06282878038872583 6.257019608918703 0.007743160259624071 0.0 0.0 0.0 0.0 0.0 0.0
400 0.0387543452194859 2.6458998447842483 0.012056838538102937 0.0 0.0 0.0 0.0 0.0 0.0
401 0.06615283860834828 4.36139763302984 0.0029414629972196044 0.0 0.0 0.0 0.0 0.0 0.0
402 0.07181887125260147 6.962623509555814 -0.004119311508542986 0.0 0.0 0.0 0.0 0.0 0.0
403 0.025469167214047433 4.676149402207323 0.07002641483403571 0.0 0.0 0.0 0.0 0.0 0.0
404 0.00324817785749551 4.247641087018127 0.04467913526537223 0.0 0.0 0.0 0.0 0.0 0.0
405 -0.06668180576204166 6.228052341522219 0.009779366784678209 0.0 0.0 0.0 0.0 0.0 0.0
406 0.004830960244631782 2.8908451559524977 0.0009382184024019358 0.0 0.0 0.0 0.0 0.0 0.0
407 0.04027502140671854 1.2398830215636534 -0.06773617356823872 0.0 0.0 0.0 0.0 0.0 0.0
408 -0.027262372115119907 5.349821908104217 -0.01565282013524301 0.0 0.0 0.0 0.0 0.0 0.0
409 0.02780639605910251 1.7169494344550305 -0.057052645256656834 0.0 0.0 0.0 0.0 0.0 0.0
410 -0.07306950194276976 4.038962311741476 0.051980708123405245 0.0 0.0 0.0 0.0 0.0 0.0
411 -0.0011072876303907658 4.772702111244787 0.072306379021805 0.0 0.0 0.0 0.0 0.0 0.0
412 0.008798100362928385 2.009729628802564 -0.0010601187402804468 0.0 0.0 0.0 0.0 0.0 0.0
413 0.08494714779977791 4.638666602923593 0.03129072034518671 0.0 0.0 0.0 0.0 0.0 0.0
414 0.05702429106644863 3.5101809031222313 -0.04944927402631771 0.0 0.0 0.0 0.0 0.0 0.0
415 0.06335503546611188 4.019636941454814 -0.04569972262316005 0.0 0.0 0.0 0.0 0.0 0.0
416 0.09673538019334266 6.131265666963635 0.04050481296037964 0.0 0.0 0.0 0.0 0.0 0.0
417 0.05177528944695359 6.966991589407893 -0.08918696033778983 0.0 0.0 0.0 0.0 0.0 0.0
418 -0.022284628919937058 2.953776801798246 0.09574583880083729 0.0 0.0 0.0 0.0 0.0 0.0
419 0.009291886663562093 2.3376151691168428 0.070051082554039 0.0 0.0 0.0 0.0 0.0 0.0
420 -0.014479210548528562 2.3985929803839388 0.012377450824305122 0.0 0.0 0.0 0.0 0.0 0.0
421 0.007302368620529048 6.193563763771011 0.016604557694381378 0.0 0.0 0.0 0.0 0.0 0.0
422 -0.03771777274004402 3.369521549299436 0.05221585393539116 0.0 0.0 0.0 0.0 0.0 0.0
423 0.0963936618262402 5.224329020051608 0.06771142167628225 0.0 0.0 0.0 0.0 0.0 0.0
424 0.03900894906695057 1.90558754589793 -0.05725545071169567 0.0 0.0 0.0 0.0 0.0 0.0
425 -0.004067447367305244 2.7284010644419032 0.07543707069421043 0.0 0.0 0.0 0.0 0.0 0.0
426 0.010240069793980178 5.441844257731713 -0.005210778614741576 0.0 0.0 0.0 0.0 0.0 0.0
427 0.07137425426579899 1.9063468077136718 0.03950433547750448 0.0 0.0 0.0 0.0 0.0 0.0
428 0.06365385789811318 3.600385477661439 0.05249426768792051 0.0 0.0 0.0 0.0 0.0 0.0
429 0.09713857803371803 6.749853404235753 -0.04726323003284638 0.0 0.0 0.0 0.0 0.0 0.0
430 -0.03882941314614652 3.6239039068745216 -0.05954607788090156 0.0 0.0 0.0 0.0 0.0 0.0
431 0.05764561867061804 1.5065506565139157 -0.011282321506955365 0.0 0.0 0.0 0.0 0.0 0.0
432 -0.022613576423406223 1.0219166373302397 -0.04672639928563747 0.0 0.0 0.0 0.0 0.0 0.0
433 0.039817110952644785 5.8729856004747525 -0.026296526503643267 0.0 0.0 0.0 0.0 0.0 0.0
434 -0.06089491446375564 2.189683959366909 0.011225694690504495 0.0 0.0 0.0 0.0 0.0 0.0
435 -0.007014576734244438 4.62322204275897 -0.05011680584791165 0.0 0.0 0.0 0.0 0.0 0.0
436 0.08686159999515503 3.0860021874450574 -0.03161739391995891 0.0 0.0 0.0 0.0 0.0 0.0
437 -0.09995039751586512 5.2815722916181675 0.03389098644552366 0.0 0.0 0.0 0.0 0.0 0.0
438 0.09494161242330904 5.469002779596166 -0.0023429631533818662 0.0 0.0 0.0 0.0 0.0 0.0
439 0.03033412383066056 4.282682202335122 0.07556515591400867 0.0 0.0 0.0 0.0 0.0 0.0
440 0.059654141679974126 6.495467083828358 -0.06103586804897676 0.0 0.0 0.0 0.0 0.0 0.0
441 -0.09574102053853227 4.3774135464219635 0.09167683342865068 0.0 0.0 0.0 0.0 0.0 0.0
442 0.0007796883605140359 1.5412480909009145 0.052897370744267286 0.0 0.0 0.0 0.0 0.0 0.0
443 -0.04548208714226534 6.133954689598896 0.06456567993665996 0.0 0.0 0.0 0.0 0.0 0.0
444 0.010114282089251761 2.214338957784055 -0.08368513827053102 0.0 0.0 0.0 0.0 0.0 0.0
445 0.019078775923905472 4.941138467007367 0.00956024695324742 0.0 0.0 0.0 0.0 0.0 0.0
446 -0.05325975007866908 2.8277285725203054 -0.0913217871843173 0.0 0.0 0.0 0.0 0.0 0.0
447 -0.09043338985609553 6.423121231589056 0.039029018997065706 0.0 0.0 0.0 0.0 0.0 0.0
448 0.08433739388937234 6.535896951918396 0.04424580807387213 0.0 0.0 0.0 0.0 0.0 0.0
449 -0.041986504693551856 3.9535033438312466 -0.012085725663692592 0.0 0.0 0.0 0.0 0.0 0.0
450 0.03389898100485347 5.821196625815584 0.014929946423793819 0.0 0.0 0.0 0.0 0.0 0.0
451 -0.008321153332425738 4.468247875831007 0.06662683036146266 0.0 0.0 0.0 0.0 0.0 0.0
452 -0.006664828334023709 4.598987847324468 0.01488058374455166 0.0 0.0 0.0 0.0 0.0 0.0
453 -0.09411161596300928 6.557397443105303 0.053970742171154634 0.0 0.0 0.0 0.0 0.0 0.0
454 -0.043215916421635095 4.975285145907145 0.0703460502793534 0.0 0.0 0.0 0.0 0.0 0.0
455 -0.02651402266913082 1.1464577872622312 0.011126148402859276 0.0 0.0 0.0 0.0 0.0 0.0
456 -0.02911369592969884 3.3609913981452886 -0.05356204116189803 0.0 0.0 0.0 0.0 0.0 0.0
457 0.031757802180804234 1.5400415593047154 0.049340434214044854 0.0 0.0 0.0 0.0 0.0 0.0
458 0.037488356738377526 5.252315789726645 0.012031151041256322 0.0 0.0 0.0 0.0 0.0 0.0
459 0.052377134828452326 6.055151432164144 0.007644801016936945 0.0 0.0 0.0 0.0 0.0 0.0
460 0.031378917522312894 4.453101478007188 -0.09979934358997833 0.0 0.0 0.0 0.0 0.0 0.0
461 -0.05060001016776308 5.362190962544332 -0.009619752497063039 0.0 0.0 0.0 0.0 0.0 0.0
462 0.0021370377822053505 5.86296156396023 -0.03570594076654776 0.0 0.0 0.0 0.0 0.0 0.0
463 0.04363929690129781 3.0328891919312553 -0.0637568343731432 0.0 0.0 0.0 0.0 0.0 0.0
464 -0.09153137774211582 1.95462603841438 -0.008937165904061212 0.0 0.0 0.0 0.0 0.0 0.0
465 0.06854530178289683 4.9183117890744565 0.04862404596100753 0.0 0.0 0.0 0.0 0.0 0.0
466 -0.020137690150597673 2.3026472158426907 0.025287869468611224 0.0 0.0 0.0 0.0 0.0 0.0
467 -0.027748765095822983 5.723383330368285 -0.07761789171534512 0.0 0.0 0.0 0.0 0.0 0.0
468 0.03212768972627031 2.6775551721340705 0.03559359739976356 0.0 0.0 0.0 0.0 0.0 0.0
469 -0.0553952399970398 1.7285785709874453 0.023800845742502158 0.0 0.0 0.0 0.0 0.0 0.0
470 -0.09291399880239669 2.7514121786002974 -0.033470477417936614 0.0 0.0 0.0 0.0 0.0 0.0
471 -0.0032797221016071243 5.825670214500095 -0.017298669263250674 0.0 0.0 0.0 0.0 0.0 0.0
472 -0.021177977172355117 1.1134549702912024 -0.04730342129617973 0.0 0.0 0.0 0.0 0.0 0.0
473 0.061970114688939176 6.410502490569173 0.031193325432586128 0.0 0.0 0.0 0.0 0.0 0.0
474 0.05877326430787211 3.5778905410743373 -0.04999165372366865 0.0 0.0 0.0 0.0 0.0 0.0
475 -0.0459400553991298 4.974638259266547 -0.060281595567745754 0.0 0.0 0.0 0.0 0.0 0.0
476 -0.0271806467966266 3.5141169393665317 0.03217583084419326 0.0 0.0 0.0 0.0 0.0 0.0
477 -0.07398868555135146 4.590199097640607 0.012407435746789819 0.0 0.0 0.0 0.0 0.0 0.0
478 0.07447702177291493 1.9513308626616348 -0.017051996986130663 0.0 0.0 0.0 0.0 0.0 0.0
479 0.0423575012165994 4.314924976423275 -0.008386358016634163 0.0 0.0 0.0 0.0 0.0 0.0
480 -0.05265369405278084 1.6633690342333587 -0.0483014077325453 0.0 0.0 0.0 0.0 0.0 0.0
481 -0.016361920965478657 5.073325414997781 -0.009752459899546317 0.0 0.0 0.0 0.0 0.0 0.0
482 0.08861234610122462 4.789586492442863 0.07931127522286016 0.0 0.0 0.0 0.0 0.0 0.0
483 -0.09261709876428662 1.5911472497123829 0.09513769756569918 0.0 0.0 0.0 0.0 0.0 0.0
484 0.043707779391383705 5.166495240789773 0.0024069134039336887 0.0 0.0 0.0 0.0 0.0 0.0
485 0.050392555304049985 5.075510002819095 0.07760898594638221 0.0 0.0 0.0 0.0 0.0 0.0
486 -0.08473024170264701 6.575924132342369 -0.038670090452328415 0.0 0.0 0.0 0.0 0.0 0.0
487 0.04684035161130343 1.8094525576566576 -0.0874885119085625 0.0 0.0 0.0 0.0 0.0 0.0
488 0.08768322668078696 3.0579250421553565 -0.030464482357809283 0.0 0.0 0.0 0.0 0.0 0.0
489 -0.09654382170453837 6.323620409140998 -0.024094121527442905 0.0 0.0 0.0 0.0 0.0 0.0
490 0.08352558977042443 3.6390131349266954 -0.012930839321381421 0.0 0.0 0.0 0.0 0.0 0.0
491 0.09686903228207647 6.8689772518317245 0.05981145678659683 0.0 0.0 0.0 0.0 0.0 0.0
492 -0.07306380640342516 4.847774451115673 0.0036010452407810173 0.0 0.0 0.0 0.0 0.0 0.0
493 -0.07550338969025322 4.85870795377077 -0.07285467426014867 0.0 0.0 0.0 0.0 0.0 0.0
494 0.008530888849560284 1.3530583801741214 -0.020601659954962506 0.0 0.0 0.0 0.0 0.0 0.0
495 0.046497248586198414 3.056602517916917 0.01422448575075555 0.0 0.0 0.0 0.0 0.0 0.0
496 -0.08718954096126381 6.023789581035523 0.03812450876616075 0.0 0.0 0.0 0.0 0.0 0.0
497 -0.02433387664095546 3.5550066751118514 -0.0032712420724174407 0.0 0.0 0.0 0.0 0.0 0.0
498 0.016091716746248916 6.400542142184373 -0.023107612158264554 0.0 0.0 0.0 0.0 0.0 0.0
499 -0.06185674927451153 4.568925242585851 -0.06898787481060681 0.0 0.0 0.0 0.0 0.0 0.0
500 -0.013401072130811348 3.6110037817716294 -0.09240462317294636 0.0 0.0 0.0 0.0 0.0 0.0
501 0.0530671886786154 4.21459686876033 0.07645757800530481 0.0 0.0 0.0 0.0 0.0 0.0
502 -0.09953531512628787 4.614620188175873 -0.06735657727024143 0.0 0.0 0.0 0.0 0.0 0.0
503 -0.0858538273346065 5.387327805750416 -0.049925689431648636 0.0 0.0 0.0 0.0 0.0 0.0
504 0.0952612342865099 1.5780983503550856 -0.06319814018158018 0.0 0.0 0.0 0.0 0.0 0.0
505 0.0926532665865959 5.737410711405136 0.02583541637727932 0.0 0.0 0.0 0.0 0.0 0.0
506 0.05329898759288118 4.6744943940106465 -0.029684717962916315 0.0 0.0 0.0 0.0 0.0 0.0
507 0.020870595236442774 5.64474372359058 -0.010661772403372655 0.0 0.0 0.0 0.0 0.0 0.0
508 0.08571200350287053 5.283488651096973 -0.08446017370068644 0.0 0.0 0.0 0.0 0.0 0.0
509 -0.007660750327404403 1.9165810230348144 0.08504431497168283 0.0 0.0 0.0 0.0 0.0 0.0
510 0.010085109774432777 2.9908871778024784 0.024835505518887357 0.0 0.0 0.0 0.0 0.0 0.0
511 0.041170456169305425 5.5944098411718945 -0.015323302983546297 0.0 0.0 0.0 0.0 0.0 0.0
512 -0.045004675102679914 2.1624066646037714 0.010391911067513984 0.0 0.0 0.0 0.0 0.0 0.0
513 -0.08321475205335027 6.203691093902334 0.09567343825421246 0.0 0.0 0.0 0.0 0.0 0.0
514 0.014630573623339263 6.237019892357626 0.02069728879612391 0.0 0.0 0.0 0.0 0.0 0.0
515 0.08561752663840333 3.0865190345720244 0.054546776757143284 0.0 0.0 0.0 0.0 0.0 0.0
516 -0.013932526209205667 2.886741091764165 0.08712665859336646 0.0 0.0 0.0 0.0 0.0 0.0
517 0.0865570613819622 2.293486099940003 -0.01647272937670241 0.0 0.0 0.0 0.0 0.0 0.0
518 0.045160403020899686 4.058242201915144 0.0222249667797271 0.0 0.0 0.0 0.0 0.0 0.0
519 0.024276372469291777 3.851527378471604 0.010031985158793583 0.0 0.0 0.0 0.0 0.0 0.0
520 0.06100435507110011 6.515392401253111 -0.019050088026776907 0.0 0.0 0.0 0.0 0.0 0.0
521 -0.025410179395393806 1.5168466916092467 -0.06854994688930427 0.0 0.0 0.0 0.0 0.0 0.0
522 -0.09323827334930089 4.953748996099841 0.04031123990477131 0.0 0.0 0.0 0.0 0.0 0.0
523 -0.09025466002415583 6.693622174189803 -0.015155645058236772 0.0 0.0 0.0 0.0 0.0 0.0
524 -0.08211537176801836 3.263170617386235 0.0446172280351515 0.0 0.0 0.0 0.0 0.0 0.0
525 0.03176596543783333 6.063069660824579 0.07975486348035157 0.0 0.0 0.0 0.0 0.0 0.0
526 0.08535024992800272 4.3040356052672735 0.02991262316728366 0.0 0.0 0.0 0.0 0.0 0.0
527 0.09537035868897878 5.779958003978678 0.020409186144711905 0.0 0.0 0.0 0.0 0.0 0.0
528 -0.05164440240062023 2.115877714594956 0.026815714748522873 0.0 0.0 0.0 0.0 0.0 0.0
529 0.046934173893117964 6.310833795509245 0.0200788761904499 0.0 0.0 0.0 0.0 0.0 0.0
530 0.04283386607117287 6.956130667016061 -0.03267409859149149 0.0 0.0 0.0 0.0 0.0 0.0
531 0.007232517972867017 1.1498060131849368 -0.08180159052575342 0.0 0.0 0.0 0.0 0.0 0.0
532 -0.04077207082081034 3.7678571590088517 0.057650401476998875 0.0 0.0 0.0 0.0 0.0 0.0
533 -0.01566297341554576 2.042667554354209 0.018277134221172858 0.0 0.0 0.0 0.0 0.0 0.0
534 -0.06837007487474547 4.718076890477383 0.07888447065961832 0.0 0.0 0.0 0.0 0.0 0.0
535 0.05780936682550203 4.682161023287743 -0.05179141025351644 0.0 0.0 0.0 0.0 0.0 0.0
536 0.02108216098896462 6.071525650971164 0.0016144784375199672 0.0 0.0 0.0 0.0 0.0 0.0
537 -0.02399044047968231 3.8916765846693346 -0.0790676078854012 0.0 0.0 0.0 0.0 0.0 0.0
538 -0.06632889938327724 5.087406536245516 -0.0942315946500027 0.0 0.0 0.0 0.0 0.0 0.0
539 0.036604569046794044 4.448628563865925 -0.022611204984009745 0.0 0.0 0.0 0.0 0.0 0.0
540 0.07890436025472677 3.4045721357059966 -0.06353249899301452 0.0 0.0 0.0 0.0 0.0 0.0
541 -0.03347026396582829 5.258475999325936 0.03314652879806554 0.0 0.0 0.0 0.0 0.0 0.0
542 -0.019019088985459648 1.093953917750522 0.008491208778541842 0.0 0.0 0.0 0.0 0.0 0.0
543 0.04255660324085242 3.2327225178356596 0.07084891419536293 0.0 0.0 0.0 0.0 0.0 0.0
544 0.07341935879938963 5.440941479594592 0.06750086214576756 0.0 0.0 0.0 0.0 0.0 0.0
545 0.07001608305299753 5.34133295129469 -0.04677386201747409 0.0 0.0 0.0 0.0 0.0 0.0
546 -0.046964189040319515 1.926831430623154 -0.029216925334673086 0.0 0.0 0.0 0.0 0.0 0.0
547 -0.04002365881115653 6.494495498608643 0.028274251770118247 0.0 0.0 0.0 0.0 0.0 0.0
548 -0.023820209637773274 6.060345018118877 -0.08014820309747411 0.0 0.0 0.0 0.0 0.0 0.0
549 0.0002621634491487973 5.917937898490431 -0.022489600338762378 0.0 0.0 0.0 0.0 0.0 0.0
550 0.04776897979412556 6.573430897322969 -0.02688900412446507 0.0 0.0 0.0 0.0 0.0 0.0
551 -0.00883993220695889 4.750319734945884 -0.02743319866959533 0.0 0.0 0.0 0.0 0.0 0.0
552 0.07220537228940235 3.5001854604058256 0.06706703485274465 0.0 0.0 0.0 0.0 0.0 0.0
553 0.04685905373961033 4.644675382514359 0.06363448401299149 0.0 0.0 0.0 0.0 0.0 0.0
554 -0.014165703366581253 1.9464389157540216 0.022147987209261033 0.0 0.0 0.0 0.0 0.0 0.0
555 0.0753361545137182 4.179596274787853 0.09481689236411148 0.0 0.0 0.0 0.0 0.0 0.0
556 0.0655949608932766 2.5182321270454513 0.058211231283212345 0.0 0.0 0.0 0.0 0.0 0.0
557 0.005538287569144026 3.0260110839675285 0.09806748455306638 0.0 0.0 0.0 0.0 0.0 0.0
558 -0.051833630252592446 2.4766134405143427 -0.013645688767265685 0.0 0.0 0.0 0.0 0.0 0.0
559 0.03358970604880293 5.574887047099253 0.03234845479809029 0.0 0.0 0.0 0.0 0.0 0.0
560 -0.04965221899516939 2.22706076756191 -0.024946138304831583 0.0 0.0 0.0 0.0 0.0 0.0
561 0.049680199876074804 2.3968066302437485 0.08978860524179125 0.0 0.0 0.0 0.0 0.0 0.0
562 -0.08338485382273693 2.4816584427145347 0.06982611505564881 0.0 0.0 0.0 0.0 0.0 0.0
563 -0.0116790081453233 5.097804646973392 0.09042532475968312 0.0 0.0 0.0 0.0 0.0 0.0
564 0.03978747046219694 4.732606212706693 -0.019346251211243143 0.0 0.0 0.0 0.0 0.0 0.0
565 -0.04501409883543222 1.9781659546512327 0.0905697021598976 0.0 0.0 0.0 0.0 0.0 0.0
566 0.06271258900927798 2.368406971378749 0.010567159232173925 0.0 0.0 0.0 0.0 0.0 0.0
567 -0.012546458854684125 3.15231476342042 0.0007564777465617761 0.0 0.0 0.0 0.0 0.0 0.0
568 -0.07884885493506749 1.4484921620402633 -0.049447611118420755 0.0 0.0 0.0 0.0 0.0 0.0
569 -0.07402042519456076 5.763198960779848 -0.04947592412549662 0.0 0.0 0.0 0.0 0.0 0.0
570 -0.09378497715887378 5.923122967846966 0.07737824394263135 0.0 0.0 0.0 0.0 0.0 0.0
571 0.09555021256105742 3.2642749786010947 -0.08688191805004342 0.0 0.0 0.0 0.0 0.0 0.0
572 0.04046152404110642 6.270722363705945 0.07607458222142094 0.0 0.0 0.0 0.0 0.0 0.0
573 -0.08666764537931648 6.429700222102154 0.03488175360491377 0.0 0.0 0.0 0.0 0.0 0.0
574 -0.05004896151328691 3.7011266245490737 0.09395380220751778 0.0 0.0 0.0 0.0 0.0 0.0
575 -0.07191104791430475 1.2401440281334053 0.09232714865138322 0.0 0.0 0.0 0.0 0.0 0.0
576 -0.03304780991300449 5.147006116784496 0.09200792495493026 0.0 0.0 0.0 0.0 0.0 0.0
577 0.014749156846537659 2.3178233227355136 0.05090191195818358 0.0 0.0 0.0 0.0 0.0 0.0
578 0.0741315569451576 1.1382616726460522 0.018130870671738825 0.0 0.0 0.0 0.0 0.0 0.0
579 -0.01928262699630509 4.15633935719438 -0.08680911959861329 0.0 0.0 0.0 0.0 0.0 0.0
580 -0.07555602879782769 3.0996106624260094 -0.04828351472219705 0.0 0.0 0.0 0.0 0.0 0.0
581 -0.013766368276970725 3.7701074333334947 0.08029979250719713 0.0 0.0 0.0 0.0 0.0 0.0
582 -0.06520264347034535 1.3494835070796753 0.06736261041936867 0.0 0.0 0.0 0.0 0.0 0.0
583 -0.006062356906938723 4.5232181351639635 -0.05568955226955346 0.0 0.0 0.0 0.0 0.0 0.0
584 0.07977542612502692 5.484855797654608 -0.084636748634569 0.0 0.0 0.0 0.0 0.0 0.0
585 0.06300564948430162 3.778616060485853 -0.009894937122850611 0.0 0.0 0.0 0.0 0.0 0.0
586 0.09514379743388565 6.874403227110595 0.09291433650536449 0.0 0.0 0.0 0.0 0.0 0.0
587 0.027847057625219968 6.519665889564372 0.016727579048202462 0.0 0.0 0.0 0.0 0.0 0.0
588 0.0826580061925764 2.295539200508537 0.07023086795749109 0.0 0.0 0.0 0.0 0.0 0.0
589 0.03126636729182172 5.394911028903574 -0.0850467912023605 0.0 0.0 0.0 0.0 0.0 0.0
590 -0.050946598220285355 4.396271830342491 0.08650160429854514 0.0 0.0 0.0 0.0 0.0 0.0
591 0.03384366992921545 4.482065771146752 0.056836659994043304 0.0 0.0 0.0 0.0 0.0 0.0
592 0.04985398833370017 3.2559534358310778 -0.027846082349960624 0.0 0.0 0.0 0.0 0.0 0.0
593 -0.09733253550698558 2.5936084674205393 -0.09661936376293763 0.0 0.0 0.0 0.0 0.0 0.0
594 -0.04840939449113904 1.9994574264808198 -0.0008125516172947378 0.0 0.0 0.0 0.0 0.0 0.0
595 0.07051282711589263 5.061883234286074 0.045610960197578515 0.0 0.0 0.0 0.0 0.0 0.0
596 -0.029524936546036717 6.617945402890877 0.04988093473429084 0.0 0.0 0.0 0.0 0.0 0.0
597 -0.06041605890985276 4.207092427439695 0.0421680309667036 0.0 0.0 0.0 0.0 0.0 0.0
598 0.09355359819777317 3.161568193612763 -0.07912004401406639 0.0 0.0 0.0 0.0 0.0 0.0
599 -0.06536014270221105 5.377414803381187 0.01660249776943598 0.0 0.0 0.0 0.0 0.0 0.0
600 -0.049137816253098904 4.898787840040466 0.024467945379566383 0.0 0.0 0.0 0.0 0.0 0.0
601 0.017405311208927562 4.20475848609765 0.053264955696153415 0.0 0.0 0.0 0.0 0.0 0.0
602 -0.08779120725052335 3.704312874224648 -0.017268021575754577 0.0 0.0 0.0 0.0 0.0 0.0
603 0.0984766382393043 2.928169257642902 0.052014327231714286 0.0 0.0 0.0 0.0 0.0 0.0
604 0.0892769558911792 6.742847151236127 0.052161874218626 0.0 0.0 0.0 0.0 0.0 0.0
605 0.09239754421245835 3.72636101565352 -0.04468311689327423 0.0 0.0 0.0 0.0 0.0 0.0
606 -0.05397722493250861 4.724694137245665 -0.07484061871329528 0.0 0.0 0.0 0.0 0.0 0.0
607 0.09817594864368628 2.5770190276691807 0.0385116075450532 0.0 0.0 0.0 0.0 0.0 0.0
608 0.03758671245337811 2.3479689720024535 -0.033678748334734415 0.0 0.0 0.0 0.0 0.0 0.0
609 -0.08850797243506514 4.2477840910090965 -0.07787154451462326 0.0 0.0 0.0 0.0 0.0 0.0
610 0.09491863901964917 4.396931625638318 -0.03597890818882313 0.0 0.0 0.0 0.0 0.0 0.0
611 0.07214606663243991 2.7684315303410507 0.05296395966047826 0.0 0.0 0.0 0.0 0.0 0.0
612 0.002815678050213183 4.55783118437141 0.08363346802964192 0.0 0.0 0.0 0.0 0.0 0.0
613 0.04118169534734997 1.7238867431494203 0.034950972857609536 0.0 0.0 0.0 0.0 0.0 0.0
614 -0.03806759115429608 4.266514838091723 0.09418129522716262 0.0 0.0 0.0 0.0 0.0 0.0
615 0.07783879542670835 2.671939608499422 0.08642734409975847 0.0 0.0 0.0 0.0 0.0 0.0
616 -0.09321142737190789 1.439897913698021 -0.06243795633428806 0.0 0.0 0.0 0.0 0.0 0.0
617 0.06374680845147493 3.265369773969104 0.0714190347975465 0.0 0.0 0.0 0.0 0.0 0.0
618 0.04232930767989565 3.370577061007502 0.0955588201356875 0.0 0.0 0.0 0.0 0.0 0.0
619 -0.07570988054660571 4.761178998880437 0.016602000538419495 0.0 0.0 0.0 0.0 0.0 0.0
620 -0.021335903395430927 6.0926058016181415 0.016091513183132816 0.0 0.0 0.0 0.0 0.0 0.0
621 0.058075062116567405 5.182634935212814 -0.023613336285721237 0.0 0.0 0.0 0.0 0.0 0.0
622 0.05812741496510632 2.5763677755657532 0.04408915337451627 0.0 0.0 0.0 0.0 0.0 0.0
623 0.027116433697072895 6.900957247084627 0.08705589436176014 0.0 0.0 0.0 0.0 0.0 0.0
624 0.04401928332043831 2.26408948331831 -0.024544087307707935 0.0 0.0 0.0 0.0 0.0 0.0
625 -0.07018778473495156 5.699671064839466 0.08719799956480903 0.0 0.0 0.0 0.0 0.0 0.0
626 0.02005057204816467 3.2454147812206875 -0.01099936032759527 0.0 0.0 0.0 0.0 0.0 0.0
627 0.08017411639317684 1.2874676895424828 0.021478366668584575 0.0 0.0 0.0 0.0 0.0 0.0
628 -0.0642998777740737 6.915511185460615 0.007027345862918838 0.0 0.0 0.0 0.0 0.0 0.0
629 0.014317708264196316 2.7088488035649547 0.019888276336811977 0.0 0.0 0.0 0.0 0.0 0.0
630 0.04478706250999068 2.8593723483721862 0.023874649868253536 0.0 0.0 0.0 0.0 0.0 0.0
631 0.0605821191319634 1.9813113717712485 -0.09587623124501508 0.0 0.0 0.0 0.0 0.0 0.0
632 0.0740259702307656 3.5076922872408947 -0.013388249563690752 0.0 0.0 0.0 0.0 0.0 0.0
633 -0.07464271536444274 4.998017549597851 -0.030248537103293213 0.0 0.0 0.0 0.0 0.0 0.0
634 -0.0931689910114286 2.0105717415042506 0.06632929771314383 0.0 0.0 0.0 0.0 0.0 0.0
635 0.04840033872851163 1.2338684589339686 -0.007168059934870491 0.0 0.0 0.0 0.0 0.0 0.0
636 0.09985721333787298 1.0233870205982574 -0.0655829764662697 0.0 0.0 0.0 0.0 0.0 0.0
637 0.019632916999097277 5.586202134543484 0.07077490898462854 0.0 0.0 0.0 0.0 0.0 0.0
638 0.03206363382246563 6.411382330539275 -0.03987240102561769 0.0 0.0 0.0 0.0 0.0 0.0
639 0.09752611005803052 2.6030136617316657 -0.03883036668848741 0.0 0.0 0.0 0.0 0.0 0.0
640 0.04050913422846955 5.924263250013264 0.05636719125563461 0.0 0.0 0.0 0.0 0.0 0.0
641 -0.07350911950895248 4.5903979373316774 -0.02434803695896419 0.0 0.0 0.0 0.0 0.0 0.0
642 -0.0025459226858482314 6.897955022032127 0.044647975584749505 0.0 0.0 0.0 0.0 0.0 0.0
643 0.06787150492305366 3.1295810781968694 -0.09427371135097705 0.0 0.0 0.0 0.0 0.0 0.0
644 -0.026667486605366206 4.11900233767477 0.05797211825270651 0.0 0.0 0.0 0.0 0.0 0.0
645 -0.03187054411383812 2.1512654754295317 -0.009229226103106877 0.0 0.0 0.0 0.0 0.0 0.0
646 0.02927002969581688 6.0464641006862285 -0.09239374403844909 0.0 0.0 0.0 0.0 0.0 0.0
647 0.09169228454630912 5.958790970975755 -0.07641430072366676 0.0 0.0 0.0 0.0 0.0 0.0
648 -0.07082679207672415 3.9336125231671373 0.06305464386891063 0.0 0.0 0.0 0.0 0.0 0.0
649 -0.060906458893450637 4.879500803903362 0.03282720701497366 0.0 0.0 0.0 0.0 0.0 0.0
650 0.08499088468729005 3.948267230430041 0.05611519941215409 0.0 0.0 0.0 0.0 0.0 0.0
651 -0.035304035268640704 1.5310802031138238 -0.06746855894834733 0.0 0.0 0.0 0.0 0.0 0.0
652 0.021345406581583168 3.2601903723752272 -0.0837451943833357 0.0 0.0 0.0 0.0 0.0 0.0
653 -0.07112938610639208 4.605999437610706 0.03232205380348763 0.0 0.0 0.0 0.0 0.0 0.0
654 0.03700072256833306 6.377600766875983 0.08951624451675097 0.0 0.0 0.0 0.0 0.0 0.0
655 -0.04668300843484972 1.546539430350954 0.007393191414064179 0.0 0.0 0.0 0.0 0.0 0.0
656 0.07693181282613967 2.730230586691053 0.04975053278010269 0.0 0.0 0.0 0.0 0.0 0.0
657 -0.010251843760586035 1.9166605418896159 -0.06217454737406958 0.0 0.0 0.0 0.0 0.0 0.0
658 -0.06793871476044006 2.886172105648259 -0.042185572523023684 0.0 0.0 0.0 0.0 0.0 0.0
659 -0.06511018946729283 2.712996648596659 -0.03860491937234461 0.0 0.0 0.0 0.0 0.0 0.0
660 -0.08926531387931623 4.806510927037436 -0.022710666994703227 0.0 0.0 0.0 0.0 0.0 0.0
661 0.05989673046554894 2.267682175629277 0.07616642195922549 0.0 0.0 0.0 0.0 0.0 0.0
662 0.04625101588549477 2.59142803137407 0.03300485524775254 0.0 0.0 0.0 0.0 0.0 0.0
663 0.07231140704244213 4.40440418241524 0.07485319383482655 0.0 0.0 0.0 0.0 0.0 0.0
664 0.017450151162934843 2.6097106650524813 0.06178384811601409 0.0 0.0 0.0 0.0 0.0 0.0
665 -0.03756962818080001 4.292970886653497 -0.08099185724804508 0.0 0.0 0.0 0.0 0.0 0.0
666 0.09456520561040646 6.170649770860638 -0.08300267286166302 0.0 0.0 0.0 0.0 0.0 0.0
667 0.02396962883555831 4.190857319357212 -0.0876934658104803 0.0 0.0 0.0 0.0 0.0 0.0
668 -0.07360214190096633 5.635535886094863 -0.05612628134798652 0.0 0.0 0.0 0.0 0.0 0.0
669 -0.08182292125540197 6.946220611252808 0.050341286968734855 0.0 0.0 0.0 0.0 0.0 0.0
670 -0.07402383550937891 3.7719883593798866 -0.09754568005621003 0.0 0.0 0.0 0.0 0.0 0.0
671 -0.054855226340834534 2.904470709121701 -0.02793293799998356 0.0 0.0 0.0 0.0 0.0 0.0
672 -0.08731916161051359 1.187297347817717 -0.008574247377271041 0.0 0.0 0.0 0.0 0.0 0.0
673 0.07464162015736073 3.7715874853862914 -0.06369072259679767 0.0 0.0 0.0 0.0 0.0 0.0
674 0.027216150308184556 3.9510612669708967 -0.01052666951889833 0.0 0.0 0.0 0.0 0.0 0.0
675 -0.09826200806419688 3.4178146847758706 -0.05070836358703082 0.0 0.0 0.0 0.0 0.0 0.0
676 -0.02023150754598453 3.2387699104745495 0.07868587140287772 0.0 0.0 0.0 0.0 0.0 0.0
677 0.025796712451274045 5.195689740862298 -0.04040707391047149 0.0 0.0 0.0 0.0 0.0 0.0
678 -0.03433445934743777 1.1188902434545254 0.043823517193648964 0.0 0.0 0.0 0.0 0.0 0.0
679 -0.05809395036600258 5.782735916493883 -0.03835010561455914 0.0 0.0 0.0 0.0 0.0 0.0
680 0.0612173648244618 2.1070501215877595 0.03900628305444448 0.0 0.0 0.0 0.0 0.0 0.0
681 -0.0031579622353369308 3.444040527718804 0.0003448109561542123 0.0 0.0 0.0 0.0 0.0 0.0
682 -0.03608499876554837 3.998015277563808 0.08915666253577881 0.0 0.0 0.0 0.0 0.0 0.0
683 0.041981731252637544 5.170644074792108 0.06193841873408204 0.0 0.0 0.0 0.0 0.0 0.0
684 0.040433410176419715 6.285072072093394 -6.425710680439678e-05 0.0 0.0 0.0 0.0 0.0 0.0
685 0.07010139446723171 4.717068825120531 0.001980665644633589 0.0 0.0 0.0 0.0 0.0 0.0
686 0.03350611499372144 5.018278079047444 0.006764774371694718 0.0 0.0 0.0 0.0 0.0 0.0
687 -0.04902236699526357 1.8168912189482809 -0.041821080538073076 0.0 0.0 0.0 0.0 0.0 0.0
688 0.005612883398482232 4.656700422498432 -0.07075500510792182 0.0 0.0 0.0 0.0 0.0 0.0
689 -0.08119903276513547 5.268256370751778 0.029329637797651464 0.0 0.0 0.0 0.0 0.0 0.0
690 0.0396297398383047 5.733755715929628 -0.055088766561813364 0.0 0.0 0.0 0.0 0.0 0.0
691 0.04166947220327816 1.3594637799030227 -0.09827656871395896 0.0 0.0 0.0 0.0 0.0 0.0
692 0.017632759142991228 4.893081382929752 -0.07279506821327003 0.0 0.0 0.0 0.0 0.0 0.0
693 0.07947317596579348 3.6958725432584867 0.04686682153799304 0.0 0.0 0.0 0.0 0.0 0.0
694 -0.07471949273341444 4.313254237521993 0.06924894170207671 0.0 0.0 0.0 0.0 0.0 0.0
695 0.0033455939433050252 3.840969942823383 -0.07448369962284783 0.0 0.0 0.0 0.0 0.0 0.0
696 0.0522326736293979 3.3688276213322386 -0.01731922850342145 0.0 0.0 0.0 0.0 0.0 0.0
697 -0.046061968775607046 6.224863816626473 -0.0862793688066055 0.0 0.0 0.0 0.0 0.0 0.0
698 -0.008620716082204452 6.019266168457531 -0.05431852331701486 0.0 0.0 0.0 0.0 0.0 0.0
699 0.059757332101697536 4.4040852392634395 0.007857412425617022 0.0 0.0 0.0 0.0 0.0 0.0
700 -0.039432318685685225 1.3978881863189934 0.028945771158921302 0.0 0.0 0.0 0.0 0.0 0.0
701 0.00895612871519999 1.7064998973772345 0.07769437354692013 0.0 0.0 0.0 0.0 0.0 0.0
702 -0.058338419555590965 5.993904371466064 0.05652305519764872 0.0 0.0 0.0 0.0 0.0 0.0
703 -0.0076551716804375836 6.501687061115297 -0.09673745714137415 0.0 0.0 0.0 0.0 0.0 0.0
704 -0.030539601970498584 2.843230644981942 -0.03709984345332591 0.0 0.0 0.0 0.0 0.0 0.0
705 -0.06958713825979773 4.406721631500778 -0.07621297260637841 0.0 0.0 0.0 0.0 0.0 0.0
706 0.022601218497980732 2.7397144176317747 -0.039951983683208805 0.0 0.0 0.0 0.0 0.0 0.0
707 0.09442798419097564 5.627819261063543 -0.05385660009027041 0.0 0.0 0.0 0.0 0.0 0.0
708 -0.07267777429106988 6.631470624184161 0.023851758946683205 0.0 0.0 0.0 0.0 0.0 0.0
709 0.002263399680798736 2.5912433906305923 0.09219757537841411 0.0 0.0 0.0 0.0 0.0 0.0
710 -0.012181165552765522 5.363214138220574 -0.05343196917368662 0.0 0.0 0.0 0.0 0.0 0.0
711 0.09187640759133434 6.947838152638889 0.0003873052855536685 0.0 0.0 0.0 0.0 0.0 0.0
712 0.03564776855316798 5.405446247873004 0.06272659174659687 0.0 0.0 0.0 0.0 0.0 0.0
713 0.05499504721221568 5.668540567870211 -0.05318766014122398 0.0 0.0 0.0 0.0 0.0 0.0
714 -0.0057766223743060535 2.7242088568752036 0.06391366838313109 0.0 0.0 0.0 0.0 0.0 0.0
715 0.03810161666660386 6.448981730938911 0.006887855818973512 0.0 0.0 0.0 0.0 0.0 0.0
716 -0.00450606352505975 4.433308190698517 0.009185130886986873 0.0 0.0 0.0 0.0 0.0 0.0
717 0.046782875345708075 6.626192399480953 -0.030603373947050108 0.0 0.0 0.0 0.0 0.0 0.0
718 0.08315233271907702 4.473187407575132 -0.031942238249290725 0.0 0.0 0.0 0.0 0.0 0.0
719 0.08609117808180827 2.853582229882808 -0.032103760700864986 0.0 0.0 0.0 0.0 0.0 0.0
720 -0.006175180638444161 6.081642050572512 0.001042390409143376 0.0 0.0 0.0 0.0 0.0 0.0
721 0.08457601329014539 2.906866386839252 -0.01336893181368741 0.0 0.0 0.0 0.0 0.0 0.0
722 -0.07465530446153018 1.5217986132752268 -0.07872523080513599 0.0 0.0 0.0 0.0 0.0 0.0
723 -0.028414866665470176 6.140322567171136 -0.07486251091377781 0.0 0.0 0.0 0.0 0.0 0.0
724 -0.09418403468986075 4.501193753044277 0.07374354000800876 0.0 0.0 0.0 0.0 0.0 0.0
725 0.022781860342600102 2.130904245889491 0.016040367284023402 0.0 0.0 0.0 0.0 0.0 0.0
726 0.08333459164999835 3.2720022865128664 -0.09832786691943551 0.0 0.0 0.0 0.0 0.0 0.0
727 0.055716625523006796 1.6046521261927595 -0.09439090170611966 0.0 0.0 0.0 0.0 0.0 0.0
728 0.023633593047821005 3.238667933879822 -0.034499429547890495 0.0 0.0 0.0 0.0 0.0 0.0
729 0.004227193612675401 2.651523900961923 0.07618899370253687 0.0 0.0 0.0 0.0 0.0 0.0
730 -0.014466643115081793 4.841133981868099 -0.09464453458433955 0.0 0.0 0.0 0.0 0.0 0.0
731 -0.03523915985140558 1.8814025683210673 0.042456921908022194 0.0 0.0 0.0 0.0 0.0 0.0
732 -0.04018763044913312 1.519187285446959 0.06086977641824601 0.0 0.0 0.0 0.0 0.0 0.0
733 0.08026082447547489 2.397663050077342 -0.015474170831835887 0.0 0.0 0.0 0.0 0.0 0.0
734 0.01925009784842173 2.1279564857594475 -0.012264005147354512 0.0 0.0 0.0 0.0 0.0 0.0
735 -0.04229030201251385 1.7085976829284786 -0.06784785490552132 0.0 0.0 0.0 0.0 0.0 0.0
736 0.03033007668798554 2.6972089462109166 0.05963179965343335 0.0 0.0 0.0 0.0 0.0 0.0
737 0.042214571261262296 5.241451460506023 -0.04186218678712566 0.0 0.0 0.0 0.0 0.0 0.0
738 0.06223359367873679 6.388523097850076 -0.025839074184024452 0.0 0.0 0.0 0.0 0.0 0.0
739 -0.0939999626239879 3.2519534531389356 0.03981441834084096 0.0 0.0 0.0 0.0 0.0 0.0
740 -0.07365562392068721 2.7712068462220074 -0.0707549454792143 0.0 0.0 0.0 0.0 0.0 0.0
741 0.017092775865400617 3.1611761779122345 0.07765644021521065 0.0 0.0 0.0 0.0 0.0 0.0
742 -0.07629473196185504 1.9160768198483855 0.08271684026583523 0.0 0.0 0.0 0.0 0.0 0.0
743 -0.020067317509192856 2.2340611095056424 -0.03563963441297069 0.0 0.0 0.0 0.0 0.0 0.0
744 -0.043685378886146035 4.217619199240266 0.06201934934253303 0.0 0.0 0.0 0.0 0.0 0.0
745 0.013451202157686915 6.780943342809506 -0.08198601301320302 0.0 0.0 0.0 0.0 0.0 0.0
746 0.09720061093879676 2.530550359805122 -0.0029328715454074727 0.0 0.0 0.0 0.0 0.0 0.0
747 -0.052849656450442796 2.747061413897109 0.06771361230727185 0.0 0.0 0.0 0.0 0.0 0.0
748 0.029134181339636522 4.792586544360094 -0.0926722198217715 0.0 0.0 0.0 0.0 0.0 0.0
749 -0.05804413107811173 6.877606879397014 0.039197128269389675 0.0 0.0 0.0 0.0 0.0 0.0
750 -0.01057142144399785 3.0915291622043606 0.020949636835991298 0.0 0.0 0.0 0.0 0.0 0.0
751 0.08202381075763493 2.650109269297798 -0.07424817971801115 0.0 0.0 0.0 0.0 0.0 0.0
752 -0.025626686463070425 6.162579917585325 0.03057097153367966 0.0 0.0 0.0 0.0 0.0 0.0
753 -0.04740501822429777 3.558139395864762 -0.05315646140429502 0.0 0.0 0.0 0.0 0.0 0.0
754 0.03160914428756842 4.049944113329496 0.062473734911764084 0.0 0.0 0.0 0.0 0.0 0.0
755 -0.012436907882705656 3.2625964366195706 -0.03314391925883842 0.0 0.0 0.0 0.0 0.0 0.0
756 0.07047229025499346 3.0020507078088414 0.022541440561982082 0.0 0.0 0.0 0.0 0.0 0.0
757 0.07307424991974662 5.506486395711566 -0.07031299677229304 0.0 0.0 0.0 0.0 0.0 0.0
758 0.023024100618095275 5.858867129320158 0.0007982080685158266 0.0 0.0 0.0 0.0 0.0 0.0
759 -0.029917999201282047 6.561997547410467 0.09616509214351132 0.0 0.0 0.0 0.0 0.0 0.0
760 0.07302441815708283 6.103898665665199 0.007946614839873509 0.0 0.0 0.0 0.0 0.0 0.0
761 0.020490144914092595 5.317988470383433 -0.01012140026148882 0.0 0.0 0.0 0.0 0.0 0.0
762 -0.040208356098247446 5.788131292757245 0.019280850833585744 0.0 0.0 0.0 0.0 0.0 0.0
763 0.0698545534376481 3.3870079388971086 0.02932650436954007 0.0 0.0 0.0 0.0 0.0 0.0
764 -0.044860772692821654 6.890405593638626 0.09527736504868714 0.0 0.0 0.0 0.0 0.0 0.0
765 0.09247353653040047 3.819584429737543 -0.09902151210513399 0.0 0.0 0.0 0.0 0.0 0.0
766 -0.041592432660835725 1.444938539662128 0.06358176501901736 0.0 0.0 0.0 0.0 0.0 0.0
767 0.010997144767912984 3.1108937193722976 -0.05350528459807838 0.0 0.0 0.0 0.0 0.0 0.0
768 0.007220239405766077 5.1752273430109605 0.09102209889655569 0.0 0.0 0.0 0.0 0.0 0.0
769 -0.03129232197101654 5.313064426040599 0.06055771638710203 0.0 0.0 0.0 0.0 0.0 0.0
770 -0.08012964959039302 1.075985957076842 -0.07153092175122484 0.0 0.0 0.0 0.0 0.0 0.0
771 0.026041945386664545 3.572334921026033 -0.005471604758413684 0.0 0.0 0.0 0.0 0.0 0.0
772 0.0056152514967050815 4.94388934116893 0.08201509455821784 0.0 0.0 0.0 0.0 0.0 0.0
773 -0.01960204918442135 2.5542985563024683 -0.09245734293617094 0.0 0.0 0.0 0.0 0.0 0.0
774 0.09780272436647111 3.730546402651223 0.09275712898524044 0.0 0.0 0.0 0.0 0.0 0.0
775 -0.06116832814024853 6.853882482150895 0.05194414866742833 0.0 0.0 0.0 0.0 0.0 0.0
776 0.024024208951162834 4.868032436443089 -0.014118393878605612 0.0 0.0 0.0 0.0 0.0 0.0
777 0.03382505626408236 5.468721376395245 -0.00016782512408049233 0.0 0.0 0.0 0.0 0.0 0.0
778 0.07505087521110831 4.790205042143595 0.009263826647646106 0.0 0.0 0.0 0.0 0.0 0.0
779 0.060690960352766804 2.7338239905647495 -0.06051912402275159 0.0 0.0 0.0 0.0 0.0 0.0
780 -0.08937536542984531 3.110314072243893 -0.05550528826548715 0.0 0.0 0.0 0.0 0.0 0.0
781 0.08710652348309417 1.4438520482360002 0.013204250781455679 0.0 0.0 0.0 0.0 0.0 0.0
782 0.0775063570471608 3.639161449746441 -0.020244299196661514 0.0 0.0 0.0 0.0 0.0 0.0
783 0.005924963305636771 5.312825633081916 -0.08177547694069393 0.0 0.0 0.0 0.0 0.0 0.0
784 0.053200246182539435 5.86014244225372 -0.04958917367399836 0.0 0.0 0.0 0.0 0.0 0.0
785 0.07092802208687829 2.2402532566288382 -0.07891473809328096 0.0 0.0 0.0 0.0 0.0 0.0
786 0.0580443685080477 4.696583858779806 -0.02173998119851546 0.0 0.0 0.0 0.0 0.0 0.0
787 0.009814133175054127 1.4657609596003043 0.0030011662465000005 0.0 0.0 0.0 0.0 0.0 0.0
788 0.08998479856915001 6.88573886169364 -0.07729733578118164 0.0 0.0 0.0 0.0 0.0 0.0
789 -0.04005754792207608 3.8645709885860686 0.012435862016013433 0.0 0.0 0.0 0.0 0.0 0.0
790 -0.045107303708449224 6.636734080333182 0.05338590381318287 0.0 0.0 0.0 0.0 0.0 0.0
791 0.06789653429604184 2.548348424719266 -0.06675236416661601 0.0 0.0 0.0 0.0 0.0 0.0
792 0.07018299573426293 1.7898457913314016 -0.030639573016456256 0.0 0.0 0.0 0.0 0.0 0.0
793 -0.08183959341174563 3.2367527642440397 -0.005987953385487299 0.0 0.0 0.0 0.0 0.0 0.0
794 0.06319642611526996 6.373166142376808 -0.005334458939235495 0.0 0.0 0.0 0.0 0.0 0.0
795 0.09246795205965894 1.8623509409874126 0.0536924528869058 0.0 0.0 0.0 0.0 0.0 0.0
796 0.03683758212514132 1.3885027851599705 0.0631202709207263 0.0 0.0 0.0 0.0 0.0 0.0
797 0.09978066044433317 1.2319392876952282 -0.02982989149689777 0.0 0.0 0.0 0.0 0.0 0.0
798 -0.008199599236347208 6.378174162997533 -0.041050978250070536 0.0 0.0 0.0 0.0 0.0 0.0
799 -0.07099315058333425 6.391219886210088 -0.034841021324078944 0.0 0.0 0.0 0.0 0.0 0.0
800 0.05840074973797105 4.6924195604719365 -0.05961520441242834 0.0 0.0 0.0 0.0 0.0 0.0
801 -0.0566116519155582 6.98806694177052 0.08855919878609156 0.0 0.0 0.0 0.0 0.0 0.0
802 -0.024480696149839873 3.593209798122032 -0.09039776368769528 0.0 0.0 0.0 0.0 0.0 0.0
803 -0.040380513679893086 5.990852401672065 0.013939972220253477 0.0 0.0 0.0 0.0 0.0 0.0
804 -0.055484687820197845 5.981817160387832 -0.07306937712703639 0.0 0.0 0.0 0.0 0.0 0.0
805 0.0985678314065963 4.64868990985008 -0.07802080357906581 0.0 0.0 0.0 0.0 0.0 0.0
806 0.041622921473466246 5.705205369246328 0.0635689952615427 0.0 0.0 0.0 0.0 0.0 0.0
807 0.06751911838201827 2.9127794870363024 -0.09961259274415019 0.0 0.0 0.0 0.0 0.0 0.0
808 -0.07652849856735443 1.1944828737421067 0.04826203490702677 0.0 0.0 0.0 0.0 0.0 0.0
809 0.021291972447696428 6.088811225682499 -0.09964806348410189 0.0 0.0 0.0 0.0 0.0 0.0
810 0.045826442968378345 5.7237397693452685 0.08722486664381982 0.0 0.0 0.0 0.0 0.0 0.0
811 0.09638462186317825 4.603691096414687 -0.04403331090281202 0.0 0.0 0.0 0.0 0.0 0.0
812 0.084843417667915 6.412411403730706 0.08960856870191855 0.0 0.0 0.0 0.0 0.0 0.0
813 -0.058647663064881096 1.6417643817586702 -0.05001248669249867 0.0 0.0 0.0 0.0 0.0 0.0
814 0.036391216707200136 2.964248181036978 -0.035676446915479915 0.0 0.0 0.0 0.0 0.0 0.0
815 -0.019862958012029724 2.1546033262664617 0.00991578045322497 0.0 0.0 0.0 0.0 0.0 0.0
816 0.08391705619356543 4.88523911470601 -0.002082138078158338 0.0 0.0 0.0 0.0 0.0 0.0
817 -0.014393354144399614 3.6369037907599457 0.010104056526063526 0.0 0.0 0.0 0.0 0.0 0.0
818 0.07031343761767911 4.595176193163164 0.04301990986184079 0.0 0.0 0.0 0.0 0.0 0.0
819 -0.07766861356467483 6.28901394524868 -0.002977495918904241 0.0 0.0 0.0 0.0 0.0 0.0
820 -0.03014492299667866 1.1332081058211996 0.009424346763870273 0.0 0.0 0.0 0.0 0.0 0.0
821 0.07125242234217075 4.331217974080916 -0.037750686029615316 0.0 0.0 0.0 0.0 0.0 0.0
822 0.06987998343212659 6.614703313625641 -0.03992996835344423 0.0 0.0 0.0 0.0 0.0 0.0
823 -0.03722892533278162 1.7842348127446666 0.022357879545541984 0.0 0.0 0.0 0.0 0.0 0.0
824 0.030840532946086963 4.413457705325649 -0.05466100994786636 0.0 0.0 0.0 0.0 0.0 0.0
825 -0.06798712315345914 4.0536462441166465 0.029406021584173103 0.0 0.0 0.0 0.0 0.0 0.0
826 -0.010658134714230785 6.980169657405195 -0.02255744930129036 0.0 0.0 0.0 0.0 0.0 0.0
827 0.03547253064769765 2.1712136436880183 0.023054887471182423 0.0 0.0 0.0 0.0 0.0 0.0
828 0.036925844399547963 4.4659131120205595 -0.044671551781073716 0.0 0.0 0.0 0.0 0.0 0.0
829 0.021150615083651875 6.948691319711976 0.014791023071706252 0.0 0.0 0.0 0.0 0.0 0.0
830 -0.008954991467390497 4.313676778617259 0.0015743511960243373 0.0 0.0 0.0 0.0 0.0 0.0
831 -0.03702748840027807 2.6706945428067925 0.012031821454793909 0.0 0.0 0.0 0.0 0.0 0.0
832 -0.011351338941614622 6.997664406898791 0.04577333687955007 0.0 0.0 0.0 0.0 0.0 0.0
833 -0.07923574831383431 4.360045065919259 -0.09355704801581713 0.0 0.0 0.0 0.0 0.0 0.0
834 0.07141308970612212 4.8308761702068495 -0.03323927394217599 0.0 0.0 0.0 0.0 0.0 0.0
835 -0.07586174993978895 3.426384213590553 -0.09678386110837077 0.0 0.0 0.0 0.0 0.0 0.0
836 0.02939904202521032 6.920923452211504 -0.031346414974266046 0.0 0.0 0.0 0.0 0.0 0.0
837 -0.012396214211667894 1.9689507527321009 0.08169957140775169 0.0 0.0 0.0 0.0 0.0 0.0
838 0.03653385462171735 6.3663309992728125 0.09601153682689637 0.0 0.0 0.0 0.0 0.0 0.0
839 0.013288512120655044 5.12357289627606 0.09639319997000609 0.0 0.0 0.0 0.0 0.0 0.0
840 0.025760219849236793 5.093966087564661 -0.07638002395599482 0.0 0.0 0.0 0.0 0.0 0.0
841 -0.097723757231973 1.2163739864948269 0.06795505005211822 0.0 0.0 0.0 0.0 0.0 0.0
842 0.022727460787025852 5.744705012689226 0.006289602724260296 0.0 0.0 0.0 0.0 0.0 0.0
843 -0.07438659401864008 2.4262936226466776 0.041009429255297214 0.0 0.0 0.0 0.0 0.0 0.0
844 0.048599507958847654 5.863508607256942 -0.008799941924505145 0.0 0.0 0.0 0.0 0.0 0.0
845 0.08232816548854999 6.768223105432281 -0.058490192887886795 0.0 0.0 0.0 0.0 0.0 0.0
846 -0.04258799492096859 2.474301318358359 -0.054404364848683856 0.0 0.0 0.0 0.0 0.0 0.0
847 0.017141560921376336 2.943389951016378 -0.02678557478455028 0.0 0.0 0.0 0.0 0.0 0.0
848 -0.01752959054943007 6.533142704335134 -0.07287402054633692 0.0 0.0 0.0 0.0 0.0 0.0
849 -0.08203125510072916 6.059871770847235 0.002278467465802736 0.0 0.0 0.0 0.0 0.0 0.0
850 -0.013655643957807759 6.256125100397071 0.026421064549268014 0.0 0.0 0.0 0.0 0.0 0.0
851 -0.09028522941357241 3.052703604843906 0.020065110469757258 0.0 0.0 0.0 0.0 0.0 0.0
852 0.08799476181226235 5.808464502355743 -0.05212293489140503 0.0 0.0 0.0 0.0 0.0 0.0
853 -0.07010629020199251 3.161052177690923 0.09336977127759583 0.0 0.0 0.0 0.0 0.0 0.0
854 -0.06444956745772681 5.804464230693525 -0.09615801314391646 0.0 0.0 0.0 0.0 0.0 0.0
855 0.037531394463759166 4.661429135118472 0.05378646955043831 0.0 0.0 0.0 0.0 0.0 0.0
856 0.0361153040878103 5.564477089355739 0.007756200401893093 0.0 0.0 0.0 0.0 0.0 0.0
857 -0.00434340567704912 3.2294986592756 0.04881640034810836 0.0 0.0 0.0 0.0 0.0 0.0
858 -0.025240999263076727 1.8873438751287883 0.09886170659566701 0.0 0.0 0.0 0.0 0.0 0.0
859 -0.031128606544443813 2.1840927313022522 -0.028597003938790985 0.0 0.0 0.0 0.0 0.0 0.0
860 0.04682005387697685 2.8654807606710824 -0.01642068667287995 0.0 0.0 0.0 0.0 0.0 0.0
861 0.0981038903710926 1.7072871589786125 -0.03364943090846971 0.0 0.0 0.0 0.0 0.0 0.0
862 -0.06490996755999792 4.654784645018429 0.011951767428694998 0.0 0.0 0.0 0.0 0.0 0.0
863 0.023755726052458015 1.804834523119543 -0.08126521460438747 0.0 0.0 0.0 0.0 0.0 0.0
864 -0.05944836052781602 1.4992036971893976 0.00046604731314474346 0.0 0.0 0.0 0.0 0.0 0.0
865 0.025256143690192356 3.7021755101491687 0.049149236793526146 0.0 0.0 0.0 0.0 0.0 0.0
866 0.021146941809426084 3.0418709291418606 -0.0218884409467274 0.0 0.0 0.0 0.0 0.0 0.0
867 -0.05811348642006773 1.4066709643092934 -0.004243954144417875 0.0 0.0 0.0 0.0 0.0 0.0
868 0.06749287258376188 3.9996845321180503 -0.010008498625383375 0.0 0.0 0.0 0.0 0.0 0.0
869 -0.06543703969733497 5.357053071566116 -0.0794785137555504 0.0 0.0 0.0 0.0 0.0 0.0
870 0.07126429691305416 2.48782869393012 0.07919605679362349 0.0 0.0 0.0 0.0 0.0 0.0
871 0.057317538703278686 5.308815629271828 0.03675664022869507 0.0 0.0 0.0 0.0 0.0 0.0
872 -0.06265735865573177 1.5137883506049055 0.09812914293168787 0.0 0.0 0.0 0.0 0.0 0.0
873 -0.031961149316014834 3.550337378243661 -0.0591186695371456 0.0 0.0 0.0 0.0 0.0 0.0
874 -0.029969276441481466 1.5857778155651523 -0.01663594879104832 0.0 0.0 0.0 0.0 0.0 0.0
875 0.05728393936529183 3.7837674539697437 -0.057782278151795465 0.0 0.0 0.0 0.0 0.0 0.0
876 -0.00605040970485464 6.554103482313185 -0.025905745417765275 0.0 0.0 0.0 0.0 0.0 0.0
877 0.0859551206931263 2.05494874518972 -0.08176191856839848 0.0 0.0 0.0 0.0 0.0 0.0
878 -0.07018152662161398 3.590455368886266 -0.046526881924004476 0.0 0.0 0.0 0.0 0.0 0.0
879 -0.07298050279946611 6.738502105334021 0.022553859647976432 0.0 0.0 0.0 0.0 0.0 0.0
880 -0.06436191296616361 4.227714699970865 0.07260312558304693 0.0 0.0 0.0 0.0 0.0 0.0
881 -0.04015623946252907 1.6733992679102396 0.09197613896073573 0.0 0.0 0.0 0.0 0.0 0.0
882 0.09212717524386613 6.79828268486793 -0.07767828666765791 0.0 0.0 0.0 0.0 0.0 0.0
883 -0.0943892754796256 1.8502826981178953 -0.09299383923145804 0.0 0.0 0.0 0.0 0.0 0.0
884 0.08207589449137118 4.608571920084225 -0.043923041024868416 0.0 0.0 0.0 0.0 0.0 0.0
885 0.008203669369507088 6.080692139440093 -0.08194183831840943 0.0 0.0 0.0 0.0 0.0 0.0
886 0.05113295479081506 1.5250960447913176 -0.0022993453023076593 0.0 0.0 0.0 0.0 0.0 0.0
887 0.06232436609804337 5.922320516830279 0.08387768130336529 0.0 0.0 0.0 0.0 0.0 0.0
888 0.08400214131534198 2.963709600946755 0.008021501209893575 0.0 0.0 0.0 0.0 0.0 0.0
889 0.07930416462348769 4.457646756116253 0.07825809930796318 0.0 0.0 0.0 0.0 0.0 0.0
890 -0.08205305909430292 3.3041457146330404 0.06701981281645561 0.0 0.0 0.0 0.0 0.0 0.0
891 -0.06422658071876977 4.347168848470407 -0.056799005395511526 0.0 0.0 0.0 0.0 0.0 0.0
892 0.029569785419780115 1.3892897090335594 0.015562041112105768 0.0 0.0 0.0 0.0 0.0 0.0
893 0.07118521552723311 2.002437049129485 -0.01544986624535491 0.0 0.0 0.0 0.0 0.0 0.0
894 0.08209129772236587 6.74183963811515 -0.019004550672781978 0.0 0.0 0.0 0.0 0.0 0.0
895 -0.0748117619490884 6.908557582124739 0.06744753332693529 0.0 0.0 0.0 0.0 0.0 0.0
896 -0.08510875058022145 3.608701727003272 0.05082094532086931 0.0 0.0 0.0 0.0 0.0 0.0
897 0.09183554224738505 2.957501703327755 0.08063333527986619 0.0 0.0 0.0 0.0 0.0 0.0
898 -0.07315145065518616 3.784624694467601 -0.0408338573739409 0.0 0.0 0.0 0.0 0.0 0.0
899 0.06512621610380159 6.131669753147324 -0.006743318766856701 0.0 0.0 0.0 0.0 0.0 0.0
900 0.0512350523876095 6.240788884085648 0.00980266393339424 0.0 0.0 0.0 0.0 0.0 0.0
901 0.0866529308837018 5.608034870677249 -0.059926060692859176 0.0 0.0 0.0 0.0 0.0 0.0
902 0.039906345363736884 3.905918578209339 0.02772280924550108 0.0 0.0 0.0 0.0 0.0 0.0
903 -0.024400584846556425 1.135160338980657 -0.07691542524347526 0.0 0.0 0.0 0.0 0.0 0.0
904 -0.010099684942591433 5.830078483964453 0.051484647375386355 0.0 0.0 0.0 0.0 0.0 0.0
905 0.013762169925679205 3.5919238964678257 0.05074099805627236 0.0 0.0 0.0 0.0 0.0 0.0
906 0.05447266352506894 2.4948240136046502 -0.01906716320375261 0.0 0.0 0.0 0.0 0.0 0.0
907 -0.03739907415628195 5.697453516336582 0.05494301260012399 0.0 0.0 0.0 0.0 0.0 0.0
908 0.0996342699963656 3.089600695646169 -0.053050263409658176 0.0 0.0 0.0 0.0 0.0 0.0
909 -0.08561055552340179 4.166439992210302 0.015644929796306356 0.0 0.0 0.0 0.0 0.0 0.0
910 -0.030158302847530363 4.497293445983077 0.012828866551803958 0.0 0.0 0.0 0.0 0.0 0.0
911 -0.07692769333808958 2.7266427954763177 0.08534416381602627 0.0 0.0 0.0 0.0 0.0 0.0
912 0.04012742837921621 5.75351510288273 0.03691502529515289 0.0 0.0 0.0 0.0 0.0 0.0
913 0.07341805776354926 3.777879515766716 0.03147925577387467 0.0 0.0 0.0 0.0 0.0 0.0
914 0.0031043471210056434 4.748300886178014 -0.04661384151798507 0.0 0.0 0.0 0.0 0.0 0.0
915 0.040083284260982455 3.7141691123604605 -0.08831455695701036 0.0 0.0 0.0 0.0 0.0 0.0
916 -0.050040089767374334 1.5346655236047764 -0.09937107481677313 0.0 0.0 0.0 0.0 0.0 0.0
917 0.03929636581262613 2.3444924900851936 -0.05918153840347793 0.0 0.0 0.0 0.0 0.0 0.0
918 -0.05949071123425451 4.6548257090622105 0.04425655576852264 0.0 0.0 0.0 0.0 0.0 0.0
919 0.05546365518369212 6.706459048606514 0.06412062235983701 0.0 0.0 0.0 0.0 0.0 0.0
920 -0.045955452908288376 2.1141671225855205 0.01392263003496344 0.0 0.0 0.0 0.0 0.0 0.0
921 0.013272339548616091 3.0529935295437847 0.005919291648351768 0.0 0.0 0.0 0.0 0.0 0.0
922 0.07605683684367257 2.3329881192048214 0.0636783664534813 0.0 0.0 0.0 0.0 0.0 0.0
923 0.03921487295407164 2.142986562372661 0.07418097720308026 0.0 0.0 0.0 0.0 0.0 0.0
924 0.019487243547283567 5.720243833570333 0.028039479768595277 0.0 0.0 0.0 0.0 0.0 0.0
925 -0.08894375663529425 6.774572378777755 0.04862957335782797 0.0 0.0 0.0 0.0 0.0 0.0
926 -0.04213758684760458 4.563547962648022 -0.02221879423437742 0.0 0.0 0.0 0.0 0.0 0.0
927 0.01904304165703337 1.0524876528180207 -0.08112103733688453 0.0 0.0 0.0 0.0 0.0 0.0
928 0.05920521449381422 2.6661856058263154 0.03902767241491423 0.0 0.0 0.0 0.0 0.0 0.0
929 -0.08290796450404539 5.507385689682595 -0.04142285100359269 0.0 0.0 0.0 0.0 0.0 0.0
930 -0.05805918976152931 1.865466745934155 0.025119084872977343 0.0 0.0 0.0 0.0 0.0 0.0
931 -0.08661074590705037 1.177031448332759 0.024505453898696933 0.0 0.0 0.0 0.0 0.0 0.0
932 -0.017100660230903217 3.599795804903204 -0.02066463967805572 0.0 0.0 0.0 0.0 0.0 0.0
933 -0.011406606619295295 3.9225556843554705 0.047662893152273844 0.0 0.0 0.0 0.0 0.0 0.0
934 0.03791219009781538 1.9936043465982565 -0.03431528298393327 0.0 0.0 0.0 0.0 0.0 0.0
935 0.06328377043634226 4.075281569823401 0.09785744055617004 0.0 0.0 0.0 0.0 0.0 0.0
936 -0.09684821528891759 4.9577013897074504 0.0814153872653417 0.0 0.0 0.0 0.0 0.0 0.0
937 -0.00046266937899042127 6.560648652991514 -0.051790102024297346 0.0 0.0 0.0 0.0 0.0 0.0
938 0.007514169715208241 4.456110910533737 0.004367824123313865 0.0 0.0 0.0 0.0 0.0 0.0
939 0.05700105064607183 4.8772059793491955 -0.09102325465163517 0.0 0.0 0.0 0.0 0.0 0.0
940 -0.008195946320317435 6.331373305431167 -0.07549751720338467 0.0 0.0 0.0 0.0 0.0 0.0
941 0.05832931233122393 5.290229678600694 0.05692708927641016 0.0 0.0 0.0 0.0 0.0 0.0
942 0.04005132231698608 1.643299764094773 0.027039021827063525 0.0 0.0 0.0 0.0 0.0 0.0
943 0.03875489376602048 1.5027574280746896 -0.030645458831318376 0.0 0.0 0.0 0.0 0.0 0.0
944 0.02095714367768771 3.42577299413378 -0.07527643529282378 0.0 0.0 0.0 0.0 0.0 0.0
945 -0.010348529851458094 4.229353530745776 0.08890326289375647 0.0 0.0 0.0 0.0 0.0 0.0
946 0.05554578755233339 6.9327748269562495 -0.07677921028927435 0.0 0.0 0.0 0.0 0.0 0.0
947 -0.007386235591166648 4.612088575379674 0.051206757905391725 0.0 0.0 0.0 0.0 0.0 0.0
948 -0.06553742760610948 4.880749621699858 0.082621543417699 0.0 0.0 0.0 0.0 0.0 0.0
949 -0.061670348885464014 1.218273626962626 0.019748488241896234 0.0 0.0 0.0 0.0 0.0 0.0
950 -0.015790190116909145 5.967595633072035 -0.06453808536818084 0.0 0.0 0.0 0.0 0.0 0.0
951 -0.08568603639574845 6.979096021724834 0.0546517015237796 0.0 0.0 0.0 0.0 0.0 0.0
952 -0.027684581607117287 5.044661807674843 -0.08692896820858563 0.0 0.0 0.0 0.0 0.0 0.0
953 -0.09005564557051092 1.5584656238810597 -0.03607686182389394 0.0 0.0 0.0 0.0 0.0 0.0
954 -0.03901873864183734 4.504992644910222 0.0768679729558395 0.0 0.0 0.0 0.0 0.0 0.0
955 0.034514684417080777 4.496183177218669 0.05763826229169225 0.0 0.0 0.0 0.0 0.0 0.0
956 0.04018573706964074 3.88290099521832 -0.0896453435891541 0.0 0.0 0.0 0.0 0.0 0.0
957 0.009708097001452393 6.116852371641251 -0.0902003224739147 0.0 0.0 0.0 0.0 0.0 0.0
958 -0.06466343324460999 1.3307628807590832 0.012582723256501074 0.0 0.0 0.0 0.0 0.0 0.0
959 -0.03571271867077695 3.6505901826949256 0.014939932465069819 0.0 0.0 0.0 0.0 0.0 0.0
960 0.037451661598419034 6.138830891813962 -0.007925393515590518 0.0 0.0 0.0 0.0 0.0 0.0
961 0.09413406492512874 3.042442488701102 -0.07578812907497774 0.0 0.0 0.0 0.0 0.0 0.0
962 0.01439890450765964 6.144691187822717 -0.010936272625722762 0.0 0.0 0.0 0.0 0.0 0.0
963 -0.013735095866861169 1.47217570043979 -0.0851801338386685 0.0 0.0 0.0 0.0 0.0 0.0
964 -0.06508386067923774 3.5319924301553787 0.022218351183372093 0.0 0.0 0.0 0.0 0.0 0.0
965 0.04067158869799409 1.282511254428494 -0.02285864230668111 0.0 0.0 0.0 0.0 0.0 0.0
966 0.07478008011455031 5.032933137415659 -0.007054510050103338 0.0 0.0 0.0 0.0 0.0 0.0
967 -0.09708914422412772 4.379733265186297 -0.0230707500126979 0.0 0.0 0.0 0.0 0.0 0.0
968 0.06404015379125202 3.783799915533314 -0.09082097652689435 0.0 0.0 0.0 0.0 0.0 0.0
969 0.05351572056376555 2.811684132792042 -0.048044924544529535 0.0 0.0 0.0 0.0 0.0 0.0
970 -0.06324918058468196 5.213953197403569 0.05514039474799487 0.0 0.0 0.0 0.0 0.0 0.0
971 -0.09000663829121616 4.015178144076968 -0.03717875124056429 0.0 0.0 0.0 0.0 0.0 0.0
972 0.07166638373392756 2.7117538250303195 -0.01127781765144957 0.0 0.0 0.0 0.0 0.0 0.0
973 0.0561128369076527 6.1829394531446695 0.06483213820279493 0.0 0.0 0.0 0.0 0.0 0.0
974 0.05914188242428656 2.658648647083842 -0.04168316451764214 0.0 0.0 0.0 0.0 0.0 0.0
975 -0.021633833320428425 1.4107980038319812 0.0847787034782462 0.0 0.0 0.0 0.0 0.0 0.0
976 -0.039416794771966246 4.652989814184442 0.0005657535743468084 0.0 0.0 0.0 0.0 0.0 0.0
977 -0.08424989204034368 4.767752644049909 0.07393057081515655 0.0 0.0 0.0 0.0 0.0 0.0
978 0.0013045456538643974 2.1097067416950575 -0.015999189305911113 0.0 0.0 0.0 0.0 0.0 0.0
979 0.053806363207689695 3.631569450344066 0.06963864957707175 0.0 0.0 0.0 0.0 0.0 0.0
980 -0.07616710880915763 6.195045630039069 -0.03433358086131902 0.0 0.0 0.0 0.0 0.0 0.0
981 -0.00355621547606981 2.4564710766141897 0.033265517656077576 0.0 0.0 0.0 0.0 0.0 0.0
982 -0.005376901713519566 5.4354555005166905 0.05613137042761307 0.0 0.0 0.0 0.0 0.0 0.0
983 0.0894825177164125 3.3804958501745315 0.09109328284241164 0.0 0.0 0.0 0.0 0.0 0.0
984 -0.040180653874105965 5.7610813538507015 -0.02208308833960712 0.0 0.0 0.0 0.0 0.0 0.0
985 0.014278348884189301 5.21745124830935 0.09112771884156917 0.0 0.0 0.0 0.0 0.0 0.0
986 -0.0014854564912555046 5.131271262520392 0.04721270986918702 0.0 0.0 0.0 0.0 0.0 0.0
987 -0.07613846199037458 4.718508309399782 -0.07937850213073148 0.0 0.0 0.0 0.0 0.0 0.0
988 -0.03130824150423628 4.959977793119331 0.023085415418767075 0.0 0.0 0.0 0.0 0.0 0.0
989 0.09881876019139876 1.2321133759958414 0.06710790130976838 0.0 0.0 0.0 0.0 0.0 0.0
990 0.09926854442836627 5.792733826337221 -0.04558624244170942 0.0 0.0 0.0 0.0 0.0 0.0
991 -0.09941711246810708 4.37520642473266 0.05780521845916872 0.0 0.0 0.0 0.0 0.0 0.0
992 0.0353222218381567 6.397537433960762 -0.04771600356664543 0.0 0.0 0.0 0.0 0.0 0.0
993 0.08054578101436174 4.604317294487135 -0.07984479384038423 0.0 0.0 0.0 0.0 0.0 0.0
994 0.05777360029038328 2.859217736897574 0.0750571071052025 0.0 0.0 0.0 0.0 0.0 0.0
995 0.026329078186497712 2.5077123007122553 -0.01287738010536213 0.0 0.0 0.0 0.0 0.0 0.0
996 0.019785297436438865 2.382820439660024 0.00017980615608952089 0.0 0.0 0.0 0.0 0.0 0.0
997 -0.07245527605363603 6.691766968363437 -0.01667041472204825 0.0 0.0 0.0 0.0 0.0 0.0
998 0.0697294216950089 3.14950157656435 -0.04476458736939886 0.0 0.0 0.0 0.0 0.0 0.0
999 -0.08456604776897553 6.960379534686192 -0.0031354504576266706 0.0 0.0 0.0 0.0 0.0 0.0
1000 0.026197014688223164 2.9631733225187977 -0.05843099348785337 0.0 0.0 0.0 0.0 0.0 0.0
1001 -0.009074981172732574 1.8785318911468365 -0.0477398865032219 0.0 0.0 0.0 0.0 0.0 0.0
1002 -0.015436358633373296 5.206206888791086 -0.07735128738547961 0.0 0.0 0.0 0.0 0.0 0.0
1003 -0.005673703136224881 2.973233012188542 0.06005843431596078 0.0 0.0 0.0 0.0 0.0 0.0
1004 0.04426664920495127 6.062595801221866 0.07053087154377563 0.0 0.0 0.0 0.0 0.0 0.0
1005 0.032921321605332315 4.954566734055607 -0.0888499379360342 0.0 0.0 0.0 0.0 0.0 0.0
1006 0.08675243584609424 3.6574256976220916 -0.03684374591953177 0.0 0.0 0.0 0.0 0.0 0.0
1007 0.08468247901952491 6.2205136255884765 -0.09654680465867818 0.0 0.0 0.0 0.0 0.0 0.0
1008 -0.09506327108280238 3.041283102892616 -0.05840721757628107 0.0 0.0 0.0 0.0 0.0 0.0
1009 -0.09293297887036628 6.5076471498745265 0.0800357514546948 0.0 0.0 0.0 0.0 0.0 0.0
1010 -0.05689188314156995 1.9442311060060202 0.008183505990077555 0.0 0.0 0.0 0.0 0.0 0.0
1011 -0.042157849541762764 2.7445593892715934 0.06620131019062886 0.0 0.0 0.0 0.0 0.0 0.0
1012 0.06506747458683063 2.7816842164129945 -0.05372284559824723 0.0 0.0 0.0 0.0 0.0 0.0
1013 -0.059878627545550955 3.332165022557435 0.09110057064446625 0.0 0.0 0.0 0.0 0.0 0.0
1014 -0.07140417056071657 5.436726440401245 0.09497585474305534 0.0 0.0 0.0 0.0 0.0 0.0
1015 -0.018799009421932425 3.731180579074153 0.08610360448479046 0.0 0.0 0.0 0.0 0.0 0.0
1016 0.06657435788640204 5.488389090080592 0.027334245729895346 0.0 0.0 0.0 0.0 0.0 0.0
1017 0.0460905467617429 5.128708454635736 -0.03148049581069712 0.0 0.0 0.0 0.0 0.0 0.0
1018 -0.011188612214388466 3.217446138191571 0.04301495186720841 0.0 0.0 0.0 0.0 0.0 0.0
1019 -0.08500364727690951 5.497663581217182 -0.07181370411339182 0.0 0.0 0.0 0.0 0.0 0.0
1020 0.04597689820384726 2.251121226145552 -0.022979072989691846 0.0 0.0 0.0 0.0 0.0 0.0
1021 -0.06097960348630496 6.875166528866691 -0.04927916743706487 0.0 0.0 0.0 0.0 0.0 0.0
1022 -0.03148594094828065 4.28938984288099 -0.048479596685611415 0.0 0.0 0.0 0.0 0.0 0.0
1023 -0.01812125761427648 1.830233133041042 0.08784907835558273 0.0 0.0 0.0 0.0 0.0 0.0
