20
-1 0 -1 1 8 1
0 -0.6850363659286113 2.0028344732060113 -0.11725137483766201 0.0 0.0 0.0 0.0 0.0 0.0
1 -0.7477446879956577 2.773167310109039 0.2803776181018871 0.0 0.0 0.0 0.0 0.0 0.0
2 -0.7970427354711829 3.4930708814416045 -0.1548873045681809 0.0 0.0 0.0 0.0 0.0 0.0
3 -0.9437841116340258 2.1535495752830442 0.3312527052531836 0.0 0.0 0.0 0.0 0.0 0.0
4 -0.4491117415757919 3.704964135538084 0.24524256457830007 0.0 0.0 0.0 0.0 0.0 0.0
5 -0.8827656764789548 1.6612232290103592 0.3699565830264111 0.0 0.0 0.0 0.0 0.0 0.0
6 -0.8042864544488989 2.9956167925470125 -0.21300870277732276 0.0 0.0 0.0 0.0 0.0 0.0
7 -0.544673080879062 2.683458276706715 -0.4937498901447057 0.0 0.0 0.0 0.0 0.0 0.0
8 -0.8032894221326088 1.2217584056161823 -0.46582750700199704 0.0 0.0 0.0 0.0 0.0 0.0
9 -0.9788798342213022 3.5443678020439973 -0.1851110967409889 0.0 0.0 0.0 0.0 0.0 0.0
10 -0.26624886517165147 2.1506237581897283 0.39991942026537886 0.0 0.0 0.0 0.0 0.0 0.0
11 -0.8494201223800477 2.7282082501678535 0.4875396589979488 0.0 0.0 0.0 0.0 0.0 0.0
12 -0.2262043071265678 3.4689038952515023 -0.01105768052705458 0.0 0.0 0.0 0.0 0.0 0.0
13 -0.1743172972623651 2.018665106307588 -0.2382497945260147 0.0 0.0 0.0 0.0 0.0 0.0
14 -0.20289966248927094 1.0953525764151895 0.09245546418363837 0.0 0.0 0.0 0.0 0.0 0.0
15 -0.21972867809415297 3.6165556040171416 -0.016214662773181066 0.0 0.0 0.0 0.0 0.0 0.0
16 -0.3461289523669625 3.203472625335868 -0.25643370350863903 0.0 0.0 0.0 0.0 0.0 0.0
17 -0.10009421249755002 2.6150939270723548 0.30340843026683395 0.0 0.0 0.0 0.0 0.0 0.0
18 -0.5609093540869998 3.478472780296025 0.44934251509360845 0.0 0.0 0.0 0.0 0.0 0.0
19 -0.4692279028919648 1.753111445809064 0.23705045338929442 0.0 0.0 0.0 0.0 0.0 0.0
