1000
-5 -5 -0.2 5 5 0.2 
0 2.69255 -1.63323 -0.1 2.69255 -1.63323 -0.1 179.711 -83.3557 0 
1 -4.9 -4.9 0.1 -4.9 -4.9 0.1 0 0 0 
2 4.9 -4.9 0.1 4.9 -4.9 0.1 1078.26 0 0 
3 4.9 -4.9 0.1 4.9 -4.9 0.1 0 0 0 
4 -4.9 -4.9 0.1 -4.9 -4.9 0.1 0 0 0 
5 4.9 -4.9 -0.1 4.9 -4.9 -0.1 0 0 0 
6 4.9 -4.9 -0.1 4.9 -4.9 -0.1 0 -2940 0 
7 4.9 -4.9 -0.1 4.9 -4.9 -0.1 0 0 0 
8 -4.9 4.9 0.1 -4.9 4.9 0.1 -270.051 0 0 
9 4.9 -1.73037 -0.1 4.9 -1.73037 -0.1 0 -150.346 0 
10 4.9 -4.9 0.1 4.9 -4.9 0.1 0 0 0 
11 4.9 -4.9 0.1 4.9 -4.9 0.1 0 0 0 
12 -4.9 -4.9 -0.1 -4.9 -4.9 -0.1 0 0 0 
13 -2.33114 4.9 0.1 -2.33114 4.9 0.1 -131.229 149.672 0 
14 -4.9 -4.9 -0.1 -4.9 -4.9 -0.1 0 0 0 
15 -4.9 4.9 -0.1 -4.9 4.9 -0.1 0 0 0 
16 -4.9 -4.9 -0.1 -4.9 -4.9 -0.1 0 0 0 
17 4.9 -4.9 -0.1 4.9 -4.9 -0.1 0 0 0 
18 4.9 4.9 -0.1 4.9 4.9 -0.1 0 0 0 
19 3.2001 4.89967 -0.1 3.2001 4.89967 -0.1 810.01 -0.0653333 0 
20 4.9 -4.9 0.1 4.9 -4.9 0.1 0 0 0 
21 4.9 4.9 0.1 4.9 4.9 0.1 0 0 0 
22 -4.9 -4.9 -0.1 -4.9 -4.9 -0.1 0 0 0 
23 -4.9 -4.9 -0.1 -4.9 -4.9 -0.1 0 0 0 
24 0.206113 4.9 0.1 0.206113 4.9 0.1 91.2389 0 0 
25 4.9 -4.9 -0.1 4.9 -4.9 -0.1 0 0 0 
26 4.9 -4.9 -0.1 4.9 -4.9 -0.1 0 0 0 
27 4.9 -4.9 -0.1 4.9 -4.9 -0.1 0 0 0 
28 4.9 -4.9 -0.1 4.9 -4.9 -0.1 0 0 0 
29 -4.9 -4.9 -0.1 -4.9 -4.9 -0.1 0 0 0 
30 4.9 -4.9 -0.1 4.9 -4.9 -0.1 0 -2940 0 
31 -1.01152 2.42081 -0.1 -1.01152 2.42081 -0.1 -112.393 201.242 0 
32 -4.9 -4.9 0.1 -4.9 -4.9 0.1 0 0 0 
33 -4.9 -4.9 -0.1 -4.9 -4.9 -0.1 0 0 0 
34 -4.9 -4.9 -0.1 -4.9 -4.9 -0.1 0 0 0 
35 1.23811 0.855528 -0.1 1.23811 0.855528 -0.1 61.9496 70.0045 0 
36 -4.9 -4.9 -0.1 -4.9 -4.9 -0.1 0 -470.839 0 
37 -4.9 -1.78758 0.1 -4.9 -1.78758 0.1 0 -97.9571 0 
38 4.61607 1.79264 -0.1 4.61607 1.79264 -0.1 315.583 88.6186 0 
39 -4.9 -4.9 -0.1 -4.9 -4.9 -0.1 0 0 0 
40 4.9 -4.9 0.1 4.9 -4.9 0.1 0 0 0 
41 -1.74271 -3.87591 -0.1 -1.74271 -3.87591 -0.1 -117.458 -244.664 0 
42 4.9 -4.9 -0.1 4.9 -4.9 -0.1 0 0 0 
43 4.9 -4.9 -0.1 4.9 -4.9 -0.1 0 0 0 
44 -4.04513 -4.9 -0.1 -4.04513 -4.9 -0.1 -1341.77 0 0 
45 -4.9 -4.9 0.1 -4.9 -4.9 0.1 0 0 0 
46 4.9 -4.9 0.1 4.9 -4.9 0.1 0 0 0 
47 4.9 -4.9 0.1 4.9 -4.9 0.1 0 0 0 
48 4.9 0.13384 -0.1 4.9 0.13384 -0.1 0 -9.51226 0 
49 4.9 -4.9 -0.1 4.9 -4.9 -0.1 0 0 0 
50 4.9 -4.9 -0.1 4.9 -4.9 -0.1 0 0 0 
51 4.9 -4.9 0.1 4.9 -4.9 0.1 0 0 0 
52 -4.9 -4.9 -0.1 -4.9 -4.9 -0.1 0 0 0 
53 4.9 4.9 0.1 4.9 4.9 0.1 122.695 0 0 
54 -4.9 -4.9 -0.1 -4.9 -4.9 -0.1 0 0 0 
55 4.9 -4.9 -0.1 4.9 -4.9 -0.1 0 0 0 
56 -4.9 -4.9 0.1 -4.9 -4.9 0.1 0 0 0 
57 -4.9 -4.9 0.1 -4.9 -4.9 0.1 0 -2940 0 
58 4.9 -4.9 0.1 4.9 -4.9 0.1 0 0 0 
59 4.9 -4.9 -0.1 4.9 -4.9 -0.1 0 -2940 0 
60 -4.9 -4.9 -0.1 -4.9 -4.9 -0.1 0 0 0 
61 -4.9 -4.9 0.1 -4.9 -4.9 0.1 0 0 0 
62 -4.9 -4.9 -0.1 -4.9 -4.9 -0.1 0 0 0 
63 -4.9 -4.9 -0.1 -4.9 -4.9 -0.1 0 0 0 
64 -4.9 -4.9 -0.1 -4.9 -4.9 -0.1 0 0 0 
65 -1.74551 -4.70337 -0.1 -1.74551 -4.70337 -0.1 -129.388 -302.486 0 
66 -3.90641 4.9 0.1 -3.90641 4.9 0.1 -217.057 151.686 0 
67 1.39177 4.77317 -0.1 1.39177 4.77317 -0.1 57.761 307.796 0 
68 -4.9 -4.9 -0.1 -4.9 -4.9 -0.1 0 0 0 
69 4.9 -4.9 0.1 4.9 -4.9 0.1 0 -2940 0 
70 4.9 -4.9 0.1 4.9 -4.9 0.1 0 0 0 
71 -4.9 4.54238 0.1 -4.9 4.54238 0.1 -235.259 298.502 0 
72 -4.9 -4.9 0.1 -4.9 -4.9 0.1 0 0 0 
73 4.9 -4.9 0.1 4.9 -4.9 0.1 120.889 -2936.06 0 
74 -4.9 -4.9 -0.1 -4.9 -4.9 -0.1 0 0 0 
75 4.9 -4.9 0.1 4.9 -4.9 0.1 144.391 0 0 
76 -4.9 -4.9 0.1 -4.9 -4.9 0.1 0 0 0 
77 -4.9 -4.9 -0.1 -4.9 -4.9 -0.1 0 0 0 
78 3.06571 -4.9 0.1 3.06571 -4.9 0.1 -183.429 0 0 
79 4.9 -4.9 0.1 4.9 -4.9 0.1 0 0 0 
80 -4.9 -4.9 0.1 -4.9 -4.9 0.1 0 0 0 
81 4.9 -4.9 0.1 4.9 -4.9 0.1 0 0 0 
82 -4.9 -4.9 0.1 -4.9 -4.9 0.1 0 0 0 
83 -4.9 -4.9 -0.1 -4.9 -4.9 -0.1 0 -206.617 0 
84 4.9 4.9 -0.1 4.9 4.9 -0.1 0 1947.29 0 
85 4.9 3.78582 0.1 4.9 3.78582 0.1 0 277.201 0 
86 1.43067 -2.07855 0.1 1.43067 -2.07855 0.1 119.164 -95.7299 0 
87 3.74356 -3.78936 -0.1 3.74356 -3.78936 -0.1 249 -285.103 0 
88 4.9 -4.9 -0.1 4.9 -4.9 -0.1 54.1699 0 0 
89 4.9 -4.9 -0.1 4.9 -4.9 -0.1 0 -2940 0 
90 4.9 -4.9 0.1 4.9 -4.9 0.1 0 0 0 
91 -4.9 -4.9 0.1 -4.9 -4.9 0.1 0 0 0 
92 4.9 -4.9 -0.1 4.9 -4.9 -0.1 0 0 0 
93 -4.9 -3.33477 0.1 -4.9 -3.33477 0.1 0 -185.047 0 
94 4.9 -3.86881 0.1 4.9 -3.86881 0.1 0 -250.782 0 
95 4.9 -4.9 -0.1 4.9 -4.9 -0.1 0 0 0 
96 4.9 -4.9 0.1 4.9 -4.9 0.1 0 0 0 
97 -0.0186775 -3.70945 -0.1 -0.0186775 -3.70945 -0.1 -29.6515 -171.596 0 
98 4.9 4.9 -0.1 4.9 4.9 -0.1 0 0 0 
99 4.9 -4.9 0.1 4.9 -4.9 0.1 0 0 0 
100 3.77042 2.03321 -0.1 3.77042 2.03321 -0.1 187.441 75.0417 0 
101 4.9 -4.9 0.1 4.9 -4.9 0.1 0 0 0 
102 4.9 -4.9 -0.1 4.9 -4.9 -0.1 0 0 0 
103 -4.9 -4.9 0.1 -4.9 -4.9 0.1 0 0 0 
104 3.57018 -1.44817 0.1 3.57018 -1.44817 0.1 154.529 -38.3346 0 
105 -4.9 -4.9 -0.1 -4.9 -4.9 -0.1 0 0 0 
106 1.85882 -2.43204 -0.1 1.85882 -2.43204 -0.1 98.1146 -176.772 0 
107 4.9 -4.9 -0.1 4.9 -4.9 -0.1 0 0 0 
108 3.89081 2.02678 0.1 3.89081 2.02678 0.1 243.551 109.941 0 
109 -4.9 -4.9 -0.1 -4.9 -4.9 -0.1 0 0 0 
110 -4.19003 4.4947 -0.1 -4.19003 4.4947 -0.1 -305.659 263.063 0 
111 4.9 4.9 0.1 4.9 4.9 0.1 0 0 0 
112 4.9 4.9 0.1 4.9 4.9 0.1 76.1956 0 0 
113 -4.9 -4.9 0.1 -4.9 -4.9 0.1 0 0 0 
114 4.9 -4.9 0.1 4.9 -4.9 0.1 0 0 0 
115 4.9 -4.9 -0.1 4.9 -4.9 -0.1 0 0 0 
116 -4.9 -4.9 0.1 -4.9 -4.9 0.1 0 0 0 
117 4.9 -4.9 0.1 4.9 -4.9 0.1 0 0 0 
118 4.9 -4.9 0.1 4.9 -4.9 0.1 0 0 0 
119 4.9 -4.9 -0.1 4.9 -4.9 -0.1 0 -2940 0 
120 -4.9 -4.9 0.1 -4.9 -4.9 0.1 0 0 0 
121 4.9 -4.9 0.1 4.9 -4.9 0.1 0 0 0 
122 -4.9 -4.9 -0.1 -4.9 -4.9 -0.1 0 -2940 0 
123 4.9 -4.9 -0.1 4.9 -4.9 -0.1 0 0 0 
124 4.9 4.9 -0.1 4.9 4.9 -0.1 0 0 0 
125 4.9 -4.9 0.1 4.9 -4.9 0.1 0 0 0 
126 3.71643 -4.18003 -0.1 3.71643 -4.18003 -0.1 250.767 -205.15 0 
127 -4.9 4.9 -0.1 -4.9 4.9 -0.1 0 0 0 
128 -4.9 -4.9 0.1 -4.9 -4.9 0.1 0 0 0 
129 -4.9 -4.9 0.1 -4.9 -4.9 0.1 0 -2940 0 
130 -4.9 -4.9 -0.1 -4.9 -4.9 -0.1 0 0 0 
131 4.9 -4.9 -0.1 4.9 -4.9 -0.1 0 0 0 
132 4.9 -4.9 -0.1 4.9 -4.9 -0.1 0 0 0 
133 -4.9 -4.9 0.1 -4.9 -4.9 0.1 0 0 0 
134 4.9 -4.9 -0.1 4.9 -4.9 -0.1 0 0 0 
135 -4.9 -4.9 -0.1 -4.9 -4.9 -0.1 0 0 0 
136 -4.9 -4.9 -0.1 -4.9 -4.9 -0.1 0 0 0 
137 -4.9 -4.9 0.1 -4.9 -4.9 0.1 0 -2940 0 
138 -4.9 -4.15681 0.1 -4.9 -4.15681 0.1 0 -292.872 0 
139 -4.9 -4.9 0.1 -4.9 -4.9 0.1 0 0 0 
140 -4.9 -4.9 -0.1 -4.9 -4.9 -0.1 0 0 0 
141 4.9 -4.9 -0.1 4.9 -4.9 -0.1 0 -2940 0 
142 -4.9 -4.9 -0.1 -4.9 -4.9 -0.1 0 0 0 
143 4.9 -4.9 0.1 4.9 -4.9 0.1 0 0 0 
144 -4.9 -4.9 0.1 -4.9 -4.9 0.1 0 0 0 
145 4.9 -4.9 0.1 4.9 -4.9 0.1 0 0 0 
146 -4.9 -4.9 0.1 -4.9 -4.9 0.1 0 0 0 
147 4.9 -4.9 0.1 4.9 -4.9 0.1 0 0 0 
148 4.9 -4.9 -0.1 4.9 -4.9 -0.1 0 -2940 0 
149 -4.9 -4.9 0.1 -4.9 -4.9 0.1 0 0 0 
150 -4.9 -4.9 0.1 -4.9 -4.9 0.1 0 0 0 
151 -0.947266 4.89935 -0.1 -0.947266 4.89935 -0.1 -68.8007 -0.098 0 
152 -1.0925 -4.9 0.1 -1.0925 -4.9 0.1 -23.3073 0 0 
153 4.9 -4.9 -0.1 4.9 -4.9 -0.1 0 0 0 
154 -4.9 -4.9 -0.1 -4.9 -4.9 -0.1 0 0 0 
155 -4.9 -4.9 0.1 -4.9 -4.9 0.1 0 0 0 
156 -4.9 -4.9 0.1 -4.9 -4.9 0.1 0 0 0 
157 4.9 4.9 -0.1 4.9 4.9 -0.1 0 2940 0 
158 4.9 -4.9 -0.1 4.9 -4.9 -0.1 0 -2940 0 
159 -4.9 4.9 -0.1 -4.9 4.9 -0.1 0 0 0 
160 -4.9 -4.9 -0.1 -4.9 -4.9 -0.1 0 0 0 
161 -4.9 -4.9 -0.1 -4.9 -4.9 -0.1 0 0 0 
162 -4.9 -4.9 0.1 -4.9 -4.9 0.1 0 0 0 
163 -4.9 -4.9 0.1 -4.9 -4.9 0.1 0 0 0 
164 4.9 -4.9 0.1 4.9 -4.9 0.1 0 0 0 
165 -4.9 -4.9 -0.1 -4.9 -4.9 -0.1 0 0 0 
166 4.9 -4.9 0.1 4.9 -4.9 0.1 2940 0 0 
167 -4.9 -4.9 -0.1 -4.9 -4.9 -0.1 -2940 0 0 
168 -4.9 -4.9 0.1 -4.9 -4.9 0.1 0 0 0 
169 -4.9 -4.9 -0.1 -4.9 -4.9 -0.1 0 0 0 
170 -4.9 -4.9 0.1 -4.9 -4.9 0.1 0 0 0 
171 3.55662 4.89989 -0.1 3.55662 4.89989 -0.1 234.675 -0.0326667 0 
172 -2.67411 -1.63458 0.1 -2.67411 -1.63458 0.1 -159.651 -91.5123 0 
173 -4.9 -4.9 -0.1 -4.9 -4.9 -0.1 0 0 0 
174 -4.9 -4.9 -0.1 -4.9 -4.9 -0.1 0 0 0 
175 -2.88105 -4.9 -0.1 -2.88105 -4.9 -0.1 -153.909 0 0 
176 -4.9 -4.9 -0.1 -4.9 -4.9 -0.1 0 0 0 
177 -4.9 -4.9 -0.1 -4.9 -4.9 -0.1 0 0 0 
178 -4.9 -4.9 -0.1 -4.9 -4.9 -0.1 0 0 0 
179 4.9 -4.25001 0.1 4.9 -4.25001 0.1 0 -284.587 0 
180 1.1956 4.89989 0.1 1.1956 4.89989 0.1 28.4195 -0.0326667 0 
181 4.9 -4.9 0.1 4.9 -4.9 0.1 0 0 0 
182 -4.9 -4.9 0.1 -4.9 -4.9 0.1 0 0 0 
183 -4.9 -4.9 0.1 -4.9 -4.9 0.1 0 0 0 
184 -4.9 -4.9 -0.1 -4.9 -4.9 -0.1 0 0 0 
185 4.9 -4.9 0.1 4.9 -4.9 0.1 0 0 0 
186 -4.9 -4.9 0.1 -4.9 -4.9 0.1 -827.911 -105.808 0 
187 1.04083 -4.9 0.1 1.04083 -4.9 0.1 -578.876 0 0 
188 4.9 -4.9 -0.1 4.9 -4.9 -0.1 0 0 0 
189 4.9 2.35807 0.1 4.9 2.35807 0.1 2605 -762.481 0 
190 4.9 -4.9 -0.1 4.9 -4.9 -0.1 0 -1988.37 0 
191 4.9 -4.9 -0.1 4.9 -4.9 -0.1 0 0 0 
192 -3.36411 0.517684 0.1 -3.36411 0.517684 0.1 -149.365 46.4717 0 
193 -4.9 -4.9 -0.1 -4.9 -4.9 -0.1 0 0 0 
194 -4.9 -4.9 -0.1 -4.9 -4.9 -0.1 0 0 0 
195 -4.9 -4.9 -0.1 -4.9 -4.9 -0.1 0 0 0 
196 -4.9 -4.9 0.1 -4.9 -4.9 0.1 0 0 0 
197 4.9 -4.9 -0.1 4.9 -4.9 -0.1 0 0 0 
198 -4.9 -4.9 -0.1 -4.9 -4.9 -0.1 0 0 0 
199 -4.9 -4.9 0.1 -4.9 -4.9 0.1 0 0 0 
200 -4.04513 -4.9 -0.1 -4.04513 -4.9 -0.1 -1341.77 0 0 
201 -4.9 4.9 -0.1 -4.9 4.9 -0.1 0 284.698 0 
202 4.9 4.9 -0.1 4.9 4.9 -0.1 0 0 0 
203 4.9 -4.9 -0.1 4.9 -4.9 -0.1 0 0 0 
204 4.9 -4.9 -0.1 4.9 -4.9 -0.1 0 0 0 
205 -4.9 -4.9 -0.1 -4.9 -4.9 -0.1 0 0 0 
206 -4.9 -4.9 0.1 -4.9 -4.9 0.1 0 -2940 0 
207 -4.9 -4.9 -0.1 -4.9 -4.9 -0.1 0 0 0 
208 -4.9 -4.9 0.1 -4.9 -4.9 0.1 0 0 0 
209 4.9 -4.9 0.1 4.9 -4.9 0.1 0 0 0 
210 -3.02592 3.43732 0.1 -3.02592 3.43732 0.1 -211.387 177.376 0 
211 -4.9 -4.9 0.1 -4.9 -4.9 0.1 0 0 0 
212 4.9 -4.9 0.1 4.9 -4.9 0.1 0 0 0 
213 -4.9 -4.9 -0.1 -4.9 -4.9 -0.1 0 0 0 
214 4.9 -4.9 -0.1 4.9 -4.9 -0.1 0 -2940 0 
215 -4.9 -4.9 0.1 -4.9 -4.9 0.1 0 0 0 
216 -4.9 -4.9 -0.1 -4.9 -4.9 -0.1 0 0 0 
217 -4.9 4.9 -0.1 -4.9 4.9 -0.1 0 0 0 
218 4.9 -4.9 -0.1 4.9 -4.9 -0.1 0 0 0 
219 4.9 -4.9 0.1 4.9 -4.9 0.1 0 0 0 
220 -4.04513 -4.9 -0.1 -4.04513 -4.9 -0.1 -1341.77 0 0 
221 -4.9 -4.9 -0.1 -4.9 -4.9 -0.1 -918.372 -2939.97 0 
222 -4.9 -4.9 0.1 -4.9 -4.9 0.1 0 0 0 
223 4.9 -4.9 0.1 4.9 -4.9 0.1 0 0 0 
224 -4.9 -4.9 0.1 -4.9 -4.9 0.1 0 0 0 
225 -4.9 0.49514 0.1 -4.9 0.49514 0.1 0 539.481 0 
226 -4.9 -4.9 0.1 -4.9 -4.9 0.1 0 0 0 
227 4.9 -4.9 0.1 4.9 -4.9 0.1 0 0 0 
228 -4.9 -4.37267 0.1 -4.9 -4.37267 0.1 0 -220.509 0 
229 -4.25998 1.02432 -0.1 -4.25998 1.02432 -0.1 -208.547 64.9254 0 
230 -4.9 -4.9 -0.1 -4.9 -4.9 -0.1 0 0 0 
231 -4.9 -4.9 -0.1 -4.9 -4.9 -0.1 0 -2940 0 
232 -4.9 -4.9 0.1 -4.9 -4.9 0.1 0 -2940 0 
233 -4.9 -4.9 0.1 -4.9 -4.9 0.1 0 0 0 
234 -4.9 -4.9 -0.1 -4.9 -4.9 -0.1 0 0 0 
235 0.774225 -0.140001 0.0491102 0.774225 -0.140001 0.0491102 0 -0.163333 0 
236 4.9 -4.9 0.1 4.9 -4.9 0.1 0 -2940 0 
237 4.9 4.9 0.1 4.9 4.9 0.1 0 0 0 
238 4.9 1.92663 -0.1 4.9 1.92663 -0.1 112.96 57.3688 0 
239 -4.9 -4.9 0.1 -4.9 -4.9 0.1 0 -2940 0 
240 -1.14437 -3.98479 -0.1 -1.14437 -3.98479 -0.1 -21.0967 -291.413 0 
241 4.9 -4.9 0.1 4.9 -4.9 0.1 0 0 0 
242 -0.967804 -0.933733 -0.1 -0.967804 -0.933733 -0.1 -25.0629 -26.9367 0 
243 -4.9 0.873494 -0.1 -4.9 0.873494 -0.1 0 577.317 0 
244 -1.53416 -2.07078 -0.1 -1.53416 -2.07078 -0.1 -59.1103 -70.8188 0 
245 -0.122171 -4.9 0.1 -0.122171 -4.9 0.1 -753.326 0 0 
246 -4.9 4.9 -0.1 -4.9 4.9 -0.1 0 0 0 
247 -4.9 -4.9 -0.1 -4.9 -4.9 -0.1 0 0 0 
248 -4.9 -4.9 0.1 -4.9 -4.9 0.1 0 0 0 
249 -4.9 -4.9 -0.1 -4.9 -4.9 -0.1 0 0 0 
250 -4.9 -4.9 0.1 -4.9 -4.9 0.1 0 0 0 
251 -4.9 -4.9 -0.1 -4.9 -4.9 -0.1 0 0 0 
252 4.9 -4.9 -0.1 4.9 -4.9 -0.1 0 -2940 0 
253 -4.9 -2.46424 0.1 -4.9 -2.46424 0.1 0 -146.744 0 
254 4.9 4.89989 -0.1 4.9 4.89989 -0.1 0 -0.0326667 0 
255 -4.9 -4.9 -0.1 -4.9 -4.9 -0.1 0 0 0 
256 4.9 -4.9 -0.1 4.9 -4.9 -0.1 0 -2940 0 
257 -4.9 -4.9 0.1 -4.9 -4.9 0.1 0 0 0 
258 4.9 -4.9 0.1 4.9 -4.9 0.1 0 -2940 0 
259 -4.9 -4.9 0.1 -4.9 -4.9 0.1 0 0 0 
260 -4.9 -4.9 -0.1 -4.9 -4.9 -0.1 0 0 0 
261 -4.9 -4.9 0.1 -4.9 -4.9 0.1 0 0 0 
262 -4.9 -4.9 -0.1 -4.9 -4.9 -0.1 0 -1678.75 0 
263 4.9 4.9 -0.1 4.9 4.9 -0.1 0 0 0 
264 -4.9 -4.9 -0.1 -4.9 -4.9 -0.1 0 0 0 
265 -4.9 4.9 0.1 -4.9 4.9 0.1 0 0 0 
266 4.9 -4.9 0.1 4.9 -4.9 0.1 0 0 0 
267 4.9 -4.9 0.1 4.9 -4.9 0.1 0 -2940 0 
268 -4.9 -4.9 0.1 -4.9 -4.9 0.1 0 0 0 
269 -4.9 -4.9 -0.1 -4.9 -4.9 -0.1 0 -2939.97 0 
270 4.9 -4.9 -0.1 4.9 -4.9 -0.1 0 -2940 0 
271 -4.9 4.9 0.1 -4.9 4.9 0.1 0 36.0425 0 
272 4.9 4.89989 -0.1 4.9 4.89989 -0.1 0 -0.0326667 0 
273 4.9 -4.9 -0.1 4.9 -4.9 -0.1 0 0 0 
274 4.9 4.9 -0.1 4.9 4.9 -0.1 0 44.0736 0 
275 4.9 -4.9 -0.1 4.9 -4.9 -0.1 0 0 0 
276 4.9 -4.9 0.1 4.9 -4.9 0.1 0 0 0 
277 4.9 -4.9 0.1 4.9 -4.9 0.1 0 0 0 
278 4.9 -4.9 0.1 4.9 -4.9 0.1 0 0 0 
279 -4.9 -4.9 -0.1 -4.9 -4.9 -0.1 0 0 0 
280 -4.9 -4.9 -0.1 -4.9 -4.9 -0.1 0 0 0 
281 -4.9 -4.9 -0.1 -4.9 -4.9 -0.1 0 0 0 
282 -4.9 -4.9 -0.1 -4.9 -4.9 -0.1 0 0 0 
283 4.9 4.9 0.1 4.9 4.9 0.1 0 0 0 
284 4.9 -4.9 0.1 4.9 -4.9 0.1 0 0 0 
285 4.9 -4.9 -0.1 4.9 -4.9 -0.1 0 0 0 
286 -4.9 -4.9 0.1 -4.9 -4.9 0.1 0 0 0 
287 -4.9 -4.9 0.1 -4.9 -4.9 0.1 0 0 0 
288 -4.26197 4.88741 -0.1 -4.26197 4.88741 -0.1 -220.242 271.812 0 
289 4.9 -4.9 -0.1 4.9 -4.9 -0.1 0 0 0 
290 -1.72203 -4.9 0.1 -1.72203 -4.9 0.1 -64.3709 0 0 
291 -4.9 -4.9 -0.1 -4.9 -4.9 -0.1 0 0 0 
292 4.9 -4.9 -0.1 4.9 -4.9 -0.1 0 -2299.6 0 
293 4.9 -4.9 -0.1 4.9 -4.9 -0.1 0 0 0 
294 -4.9 4.9 -0.1 -4.9 4.9 -0.1 0 0 0 
295 4.27086 4.87845 -0.1 4.27086 4.87845 -0.1 887.845 -3.23227 0 
296 4.9 4.9 -0.1 4.9 4.9 -0.1 0 0 0 
297 -4.9 4.89989 0.1 -4.9 4.89989 0.1 0 -0.0326667 0 
298 4.9 -4.9 -0.1 4.9 -4.9 -0.1 0 0 0 
299 0.376058 -3.15963 -0.1 0.376058 -3.15963 -0.1 14.4493 -191.405 0 
300 -0.114585 0.341948 0.1 -0.114585 0.341948 0.1 26.9648 -5.69772 0 
301 -4.61609 -4.24729 0.1 -4.61609 -4.24729 0.1 -279.565 -286.058 0 
302 -4.9 -4.9 -0.1 -4.9 -4.9 -0.1 0 0 0 
303 -4.9 -4.9 0.1 -4.9 -4.9 0.1 0 0 0 
304 -4.9 -4.9 -0.1 -4.9 -4.9 -0.1 0 0 0 
305 4.9 -4.9 -0.1 4.9 -4.9 -0.1 0 0 0 
306 4.9 -4.9 0.1 4.9 -4.9 0.1 0 -976.741 0 
307 -4.9 -4.9 0.1 -4.9 -4.9 0.1 0 0 0 
308 0.43543 4.89935 0.1 0.43543 4.89935 0.1 71.1771 -0.098 0 
309 -4.9 -4.9 0.1 -4.9 -4.9 0.1 0 0 0 
310 -4.9 -4.9 -0.1 -4.9 -4.9 -0.1 0 0 0 
311 4.9 -4.9 0.1 4.9 -4.9 0.1 0 0 0 
312 -4.9 -4.9 0.1 -4.9 -4.9 0.1 0 0 0 
313 4.9 -4.9 0.1 4.9 -4.9 0.1 0 0 0 
314 4.9 4.9 -0.1 4.9 4.9 -0.1 0 1947.29 0 
315 4.9 -4.9 0.1 4.9 -4.9 0.1 0 0 0 
316 -4.9 -4.9 -0.1 -4.9 -4.9 -0.1 0 0 0 
317 0.512959 0.226173 -0.0478064 0.512959 0.226173 -0.0478064 0 -0.163333 0 
318 -4.9 -4.9 0.1 -4.9 -4.9 0.1 0 0 0 
319 -4.9 1.87481 0.1 -4.9 1.87481 0.1 0 58.4611 0 
320 4.9 -4.9 0.1 4.9 -4.9 0.1 0 -2940 0 
321 4.9 -4.9 0.1 4.9 -4.9 0.1 0 0 0 
322 -4.9 -4.9 0.1 -4.9 -4.9 0.1 0 0 0 
323 -4.9 -4.9 0.1 -4.9 -4.9 0.1 0 0 0 
324 -4.9 4.9 -0.1 -4.9 4.9 -0.1 0 0 0 
325 -2.28686 4.89967 0.1 -2.28686 4.89967 0.1 261.314 -0.0653333 0 
326 -2.13191 4.89989 -0.1 -2.13191 4.89989 -0.1 -157.301 -0.0326667 0 
327 -4.9 -4.9 0.1 -4.9 -4.9 0.1 -104.524 0 0 
328 4.9 -4.9 -0.1 4.9 -4.9 -0.1 0 0 0 
329 -4.9 -4.9 -0.1 -4.9 -4.9 -0.1 0 0 0 
330 -4.9 4.19237 -0.1 -4.9 4.19237 -0.1 0 -106.161 0 
331 4.9 -0.940976 0.1 4.9 -0.940976 0.1 0 -233.509 0 
332 -4.9 -4.9 0.1 -4.9 -4.9 0.1 0 0 0 
333 4.9 -4.9 0.1 4.9 -4.9 0.1 0 0 0 
334 4.9 -4.9 -0.1 4.9 -4.9 -0.1 0 0 0 
335 3.84046 0.457707 -0.1 3.84046 0.457707 -0.1 198.255 20.3531 0 
336 4.9 -4.9 -0.1 4.9 -4.9 -0.1 0 0 0 
337 2.89134 3.33868 -0.1 2.89134 3.33868 -0.1 202.796 190.647 0 
338 4.9 -4.9 -0.1 4.9 -4.9 -0.1 0 0 0 
339 4.9 -4.9 0.1 4.9 -4.9 0.1 0 0 0 
340 4.9 -4.9 0.1 4.9 -4.9 0.1 0 0 0 
341 1.67728 -0.157468 0.1 1.67728 -0.157468 0.1 139.262 -54.9311 0 
342 -4.9 -4.9 0.1 -4.9 -4.9 0.1 0 -247.775 0 
343 -4.9 -0.00766507 -0.1 -4.9 -0.00766507 -0.1 0 49.941 0 
344 -4.9 -4.9 0.1 -4.9 -4.9 0.1 0 0 0 
345 4.9 -4.9 -0.1 4.9 -4.9 -0.1 0 0 0 
346 2.52254 -1.96113 0.1 2.52254 -1.96113 0.1 203.956 -131.752 0 
347 -1.49016 4.9 0.1 -1.49016 4.9 0.1 -40.7981 154.512 0 
348 -4.9 -4.9 -0.1 -4.9 -4.9 -0.1 0 0 0 
349 -4.9 -4.9 -0.1 -4.9 -4.9 -0.1 0 0 0 
350 -4.9 -2.02845 0.1 -4.9 -2.02845 0.1 0 -96.5168 0 
351 4.9 -4.9 -0.1 4.9 -4.9 -0.1 0 0 0 
352 -4.9 -4.9 -0.1 -4.9 -4.9 -0.1 0 0 0 
353 -1.87554 -1.91886 -0.1 -1.87554 -1.91886 -0.1 -63.9106 -98.4792 0 
354 4.9 -4.9 0.1 4.9 -4.9 0.1 0 -2940 0 
355 4.9 -4.9 0.1 4.9 -4.9 0.1 0 0 0 
356 -2.61792 -4.9 0.1 -2.61792 -4.9 0.1 -209.602 0 0 
357 -4.9 -1.60422 0.1 -4.9 -1.60422 0.1 0 -345.034 0 
358 4.9 -4.9 0.1 4.9 -4.9 0.1 0 0 0 
359 -4.9 -4.9 0.1 -4.9 -4.9 0.1 0 0 0 
360 -4.9 -4.9 -0.1 -4.9 -4.9 -0.1 0 0 0 
361 -4.9 -4.9 0.1 -4.9 -4.9 0.1 0 0 0 
362 -4.9 -4.9 -0.1 -4.9 -4.9 -0.1 0 0 0 
363 4.9 -0.229569 0.1 4.9 -0.229569 0.1 58.6999 -3.01022 0 
364 4.9 -4.9 -0.1 4.9 -4.9 -0.1 0 -2940 0 
365 4.9 -4.9 0.1 4.9 -4.9 0.1 0 0 0 
366 4.9 -4.9 0.1 4.9 -4.9 0.1 1285.17 0 0 
367 -4.9 -4.9 0.1 -4.9 -4.9 0.1 0 0 0 
368 -4.9 -4.9 -0.1 -4.9 -4.9 -0.1 0 0 0 
369 -4.9 -4.9 0.1 -4.9 -4.9 0.1 0 -2940 0 
370 -4.9 -4.9 -0.1 -4.9 -4.9 -0.1 0 0 0 
371 -4.9 -4.9 -0.1 -4.9 -4.9 -0.1 0 0 0 
372 -4.9 -4.9 0.1 -4.9 -4.9 0.1 0 0 0 
373 4.9 -4.9 0.1 4.9 -4.9 0.1 0 0 0 
374 3.96814 3.11273 0.1 3.96814 3.11273 0.1 244.149 144.215 0 
375 -4.9 -4.9 -0.1 -4.9 -4.9 -0.1 0 0 0 
376 4.9 -4.9 -0.1 4.9 -4.9 -0.1 0 0 0 
377 -0.884144 -0.60913 -0.1 -0.884144 -0.60913 -0.1 -75.9129 -95.4311 0 
378 4.9 -4.9 -0.1 4.9 -4.9 -0.1 0 0 0 
379 4.9 -4.9 0.1 4.9 -4.9 0.1 0 0 0 
380 -4.9 -4.9 0.1 -4.9 -4.9 0.1 0 0 0 
381 -4.9 -4.9 0.1 -4.9 -4.9 0.1 0 0 0 
382 4.9 -4.9 0.1 4.9 -4.9 0.1 0 0 0 
383 4.9 -4.9 -0.1 4.9 -4.9 -0.1 0 0 0 
384 2.80241 4.89935 0.1 2.80241 4.89935 0.1 643.381 -0.098 0 
385 -4.9 -4.9 0.1 -4.9 -4.9 0.1 0 0 0 
386 4.9 -4.9 0.1 4.9 -4.9 0.1 0 0 0 
387 4.9 -4.9 0.1 4.9 -4.9 0.1 0 0 0 
388 4.9 -4.41809 -0.1 4.9 -4.41809 -0.1 0 -206.735 0 
389 0.188252 -0.341662 -0.1 0.188252 -0.341662 -0.1 42.6682 -70.4557 0 
390 0.955556 -0.466594 -0.0602286 0.955556 -0.466594 -0.0602286 5.64575 0.35456 -1.59299 
391 4.9 -4.9 0.1 4.9 -4.9 0.1 0 0 0 
392 -4.9 -4.9 0.1 -4.9 -4.9 0.1 0 0 0 
393 -4.9 -4.9 -0.1 -4.9 -4.9 -0.1 0 0 0 
394 -4.9 -4.9 -0.1 -4.9 -4.9 -0.1 0 0 0 
395 -4.9 4.18257 0.1 -4.9 4.18257 0.1 0 -215.228 0 
396 4.9 4.89989 -0.1 4.9 4.89989 -0.1 0 -0.0326667 0 
397 1.87089 -1.91312 -0.1 1.87089 -1.91312 -0.1 104.755 -65.9235 0 
398 -2.28741 0.885582 -0.1 -2.28741 0.885582 -0.1 -132.265 41.5346 0 
399 -4.9 -4.9 0.1 -4.9 -4.9 0.1 0 0 0 
400 -4.9 -4.9 0.1 -4.9 -4.9 0.1 0 0 0 
401 4.9 -4.9 0.1 4.9 -4.9 0.1 0 0 0 
402 -4.9 -4.9 -0.1 -4.9 -4.9 -0.1 0 0 0 
403 4.9 -4.9 -0.1 4.9 -4.9 -0.1 0 -2940 0 
404 4.9 -4.9 -0.1 4.9 -4.9 -0.1 0 0 0 
405 -4.9 -4.9 0.1 -4.9 -4.9 0.1 0 0 0 
406 1.04083 -4.9 0.1 1.04083 -4.9 0.1 -578.876 0 0 
407 -4.9 -4.9 -0.1 -4.9 -4.9 -0.1 0 0 0 
408 -4.9 -4.9 0.1 -4.9 -4.9 0.1 0 -2940 0 
409 4.9 -4.9 -0.1 4.9 -4.9 -0.1 0 0 0 
410 4.9 -4.9 0.1 4.9 -4.9 0.1 0 0 0 
411 4.9 -4.9 0.1 4.9 -4.9 0.1 0 0 0 
412 4.9 -4.9 -0.1 4.9 -4.9 -0.1 0 -2940 0 
413 -4.9 -4.9 0.1 -4.9 -4.9 0.1 0 0 0 
414 -4.56971 4.89967 -0.1 -4.56971 4.89967 -0.1 33.0285 -0.0653333 0 
415 -4.9 -4.9 -0.1 -4.9 -4.9 -0.1 0 0 0 
416 4.9 -4.9 0.1 4.9 -4.9 0.1 0 0 0 
417 -4.9 -4.9 0.1 -4.9 -4.9 0.1 0 0 0 
418 4.9 -4.9 -0.1 4.9 -4.9 -0.1 0 0 0 
419 -4.9 -4.9 0.1 -4.9 -4.9 0.1 0 0 0 
420 -4.9 -4.9 0.1 -4.9 -4.9 0.1 0 0 0 
421 -4.9 -4.9 -0.1 -4.9 -4.9 -0.1 0 0 0 
422 4.9 -4.9 -0.1 4.9 -4.9 -0.1 0 0 0 
423 -4.9 -4.9 0.1 -4.9 -4.9 0.1 0 0 0 
424 4.9 4.9 -0.1 4.9 4.9 -0.1 0 0 0 
425 4.9 -4.9 0.1 4.9 -4.9 0.1 0 0 0 
426 4.9 -4.9 -0.1 4.9 -4.9 -0.1 0 -2940 0 
427 -4.9 -4.9 0.1 -4.9 -4.9 0.1 0 0 0 
428 4.9 -4.9 0.1 4.9 -4.9 0.1 0 0 0 
429 -4.9 4.9 -0.1 -4.9 4.9 -0.1 0 0 0 
430 4.9 -4.9 0.1 4.9 -4.9 0.1 0 0 0 
431 4.9 -4.9 0.1 4.9 -4.9 0.1 0 0 0 
432 4.9 -4.9 -0.1 4.9 -4.9 -0.1 0 0 0 
433 -4.9 -4.9 0.1 -4.9 -4.9 0.1 0 0 0 
434 4.9 -4.9 -0.1 4.9 -4.9 -0.1 0 0 0 
435 4.9 4.9 -0.1 4.9 4.9 -0.1 0 1947.29 0 
436 4.9 -4.9 0.1 4.9 -4.9 0.1 0 0 0 
437 4.9 -4.9 -0.1 4.9 -4.9 -0.1 0 0 0 
438 -4.9 -4.9 0.1 -4.9 -4.9 0.1 0 -2940 0 
439 -4.9 -4.9 0.1 -4.9 -4.9 0.1 0 0 0 
440 -4.9 -3.62872 -0.1 -4.9 -3.62872 -0.1 0 -266.596 0 
441 4.9 -4.9 0.1 4.9 -4.9 0.1 0 0 0 
442 4.9 -4.9 0.1 4.9 -4.9 0.1 0 0 0 
443 4.9 -4.9 -0.1 4.9 -4.9 -0.1 0 0 0 
444 -4.9 -4.9 0.1 -4.9 -4.9 0.1 0 0 0 
445 4.9 -4.9 0.1 4.9 -4.9 0.1 0 0 0 
446 -4.9 -4.9 -0.1 -4.9 -4.9 -0.1 0 0 0 
447 -4.9 -4.9 -0.1 -4.9 -4.9 -0.1 0 0 0 
448 -1.39858 -4.9 -0.1 -1.39858 -4.9 -0.1 -944.787 0 0 
449 4.9 -4.9 -0.1 4.9 -4.9 -0.1 0 -2940 0 
450 -4.9 -4.9 -0.1 -4.9 -4.9 -0.1 0 0 0 
451 -4.9 -4.9 0.1 -4.9 -4.9 0.1 0 0 0 
452 -4.9 4.9 -0.1 -4.9 4.9 -0.1 0 0 0 
453 4.9 -4.9 0.1 4.9 -4.9 0.1 0 0 0 
454 -4.9 4.9 -0.1 -4.9 4.9 -0.1 0 0 0 
455 4.9 -4.9 -0.1 4.9 -4.9 -0.1 0 0 0 
456 4.9 -4.9 -0.1 4.9 -4.9 -0.1 0 0 0 
457 -4.9 -3.23001 -0.1 -4.9 -3.23001 -0.1 0 -186.354 0 
458 4.9 4.9 -0.1 4.9 4.9 -0.1 0 0 0 
459 -4.9 4.89989 0.1 -4.9 4.89989 0.1 0 -0.0326667 0 
460 4.43818 4.89989 -0.1 4.43818 4.89989 -0.1 264.934 -0.0326667 0 
461 -4.9 -4.9 0.1 -4.9 -4.9 0.1 0 0 0 
462 -3.35325 4.89967 -0.1 -3.35325 4.89967 -0.1 -210.979 -0.0653333 0 
463 4.9 -4.9 0.1 4.9 -4.9 0.1 0 0 0 
464 4.9 -1.45592 -0.1 4.9 -1.45592 -0.1 249.979 -61.5354 0 
465 -4.9 4.89989 0.1 -4.9 4.89989 0.1 0 -0.0326667 0 
466 4.9 -4.9 0.1 4.9 -4.9 0.1 0 0 0 
467 0.97796 0.461621 0.0499901 0.97796 0.461621 0.0499901 0 -0.163333 0 
468 -4.9 3.79247 -0.1 -4.9 3.79247 -0.1 -134.845 168.198 0 
469 -4.9 -4.9 -0.1 -4.9 -4.9 -0.1 0 0 0 
470 4.9 -4.9 -0.1 4.9 -4.9 -0.1 0 -2940 0 
471 4.9 -4.9 0.1 4.9 -4.9 0.1 0 0 0 
472 -4.9 -4.9 0.1 -4.9 -4.9 0.1 0 -2940 0 
473 -4.9 4.9 -0.1 -4.9 4.9 -0.1 0 0 0 
474 -2.8612 1.60585 -0.1 -2.8612 1.60585 -0.1 -181.483 119.547 0 
475 -4.9 -4.9 -0.1 -4.9 -4.9 -0.1 0 0 0 
476 2.04765 -1.21024 0.1 2.04765 -1.21024 0.1 79.3972 -15.294 0 
477 4.9 -4.9 0.1 4.9 -4.9 0.1 0 0 0 
478 -4.9 -4.9 -0.1 -4.9 -4.9 -0.1 0 0 0 
479 3.31935 3.08105 -0.1 3.31935 3.08105 -0.1 183.877 205.157 0 
480 -4.9 -4.9 -0.1 -4.9 -4.9 -0.1 0 0 0 
481 0.94642 -4.9 -0.1 0.94642 -4.9 -0.1 -593.037 0 0 
482 -4.9 -4.9 0.1 -4.9 -4.9 0.1 0 0 0 
483 4.9 -4.9 -0.1 4.9 -4.9 -0.1 0 0 0 
484 4.9 -4.9 0.1 4.9 -4.9 0.1 0 0 0 
485 4.9 -4.9 0.1 4.9 -4.9 0.1 0 0 0 
486 4.9 -4.9 0.1 4.9 -4.9 0.1 0 -2939.97 0 
487 -4.9 -4.9 -0.1 -4.9 -4.9 -0.1 0 0 0 
488 4.9 -4.9 0.1 4.9 -4.9 0.1 0 0 0 
489 4.13468 3.09969 0.1 4.13468 3.09969 0.1 197.135 126.986 0 
490 1.43243 4.89967 -0.1 1.43243 4.89967 -0.1 132.962 -0.0653333 0 
491 4.9 -4.9 -0.1 4.9 -4.9 -0.1 0 0 0 
492 -4.9 -4.9 0.1 -4.9 -4.9 0.1 0 0 0 
493 4.9 -4.9 -0.1 4.9 -4.9 -0.1 0 -2940 0 
494 -4.04513 -4.9 -0.1 -4.04513 -4.9 -0.1 -1341.77 0 0 
495 4.9 4.89989 -0.1 4.9 4.89989 -0.1 0 -0.0326667 0 
496 4.9 -4.9 0.1 4.9 -4.9 0.1 0 0 0 
497 -4.9 -4.9 0.1 -4.9 -4.9 0.1 0 0 0 
498 -4.9 -4.9 0.1 -4.9 -4.9 0.1 0 -2940 0 
499 -4.9 -4.9 0.1 -4.9 -4.9 0.1 -194.092 -2939.9 0 
500 -4.9 -4.9 0.1 -4.9 -4.9 0.1 0 0 0 
501 4.9 -4.9 0.1 4.9 -4.9 0.1 0 0 0 
502 4.9 -4.9 0.1 4.9 -4.9 0.1 0 0 0 
503 4.9 4.9 0.1 4.9 4.9 0.1 0 0 0 
504 -4.9 -4.9 0.1 -4.9 -4.9 0.1 0 0 0 
505 4.9 -4.9 -0.1 4.9 -4.9 -0.1 0 0 0 
506 -4.9 -4.9 -0.1 -4.9 -4.9 -0.1 0 0 0 
507 -4.9 -4.9 -0.1 -4.9 -4.9 -0.1 0 0 0 
508 4.9 -4.9 -0.1 4.9 -4.9 -0.1 0 -2940 0 
509 4.9 -4.9 0.1 4.9 -4.9 0.1 2550.61 -2939.9 0 
510 4.9 -4.9 0.1 4.9 -4.9 0.1 0 -2940 0 
511 4.9 -4.9 -0.1 4.9 -4.9 -0.1 0 0 0 
512 4.9 -4.9 0.1 4.9 -4.9 0.1 0 0 0 
513 -4.9 -4.9 -0.1 -4.9 -4.9 -0.1 -183.842 -1919.32 0 
514 4.9 -4.9 -0.1 4.9 -4.9 -0.1 0 0 0 
515 0.202393 0.507179 -0.0536282 0.202393 0.507179 -0.0536282 -8.18945 -16.9556 -0.88134 
516 4.9 -4.9 0.1 4.9 -4.9 0.1 0 0 0 
517 4.9 -4.9 0.1 4.9 -4.9 0.1 0 0 0 
518 4.9 -4.9 -0.1 4.9 -4.9 -0.1 0 -2940 0 
519 -4.9 -4.9 -0.1 -4.9 -4.9 -0.1 0 0 0 
520 -4.9 -4.9 0.1 -4.9 -4.9 0.1 0 0 0 
521 4.9 4.9 -0.1 4.9 4.9 -0.1 0 0 0 
522 4.9 -4.9 0.1 4.9 -4.9 0.1 0 0 0 
523 4.04571 -3.92765 -0.1 4.04571 -3.92765 -0.1 256.95 -272.93 0 
524 -4.9 -4.9 -0.1 -4.9 -4.9 -0.1 0 0 0 
525 0.982168 -0.245603 0.1 0.982168 -0.245603 0.1 12.0796 -50.8251 0 
526 4.9 -3.48573 -0.1 4.9 -3.48573 -0.1 0 212.125 0 
527 -4.9 -4.9 -0.1 -4.9 -4.9 -0.1 0 -2940 0 
528 4.9 -4.9 0.1 4.9 -4.9 0.1 0 0 0 
529 4.9 -4.9 0.1 4.9 -4.9 0.1 0 0 0 
530 -0.110241 0.848353 0.0906587 -0.110241 0.848353 0.0906587 21.9957 3.18524 3.57705 
531 4.9 -4.9 0.1 4.9 -4.9 0.1 0 0 0 
532 -4.9 -4.9 0.1 -4.9 -4.9 0.1 0 0 0 
533 -4.9 -4.9 0.1 -4.9 -4.9 0.1 0 -2940 0 
534 4.9 -4.9 0.1 4.9 -4.9 0.1 0 0 0 
535 -3.15398 -4.9 0.1 -3.15398 -4.9 0.1 -173.43 0 0 
536 4.9 -4.9 -0.1 4.9 -4.9 -0.1 0 0 0 
537 4.9 -3.87537 -0.1 4.9 -3.87537 -0.1 0 -1316.32 0 
538 4.9 -4.9 0.1 4.9 -4.9 0.1 0 0 0 
539 -4.9 4.89989 0.1 -4.9 4.89989 0.1 0 -0.0326667 0 
540 4.9 -4.9 0.1 4.9 -4.9 0.1 0 0 0 
541 4.9 -4.9 -0.1 4.9 -4.9 -0.1 0 0 0 
542 1.98766 -1.58051 0.1 1.98766 -1.58051 0.1 162.171 -96.2239 0 
543 -4.9 -4.9 0.1 -4.9 -4.9 0.1 0 0 0 
544 -4.9 -4.9 0.1 -4.9 -4.9 0.1 -2233.55 0 0 
545 -4.9 -4.9 -0.1 -4.9 -4.9 -0.1 0 0 0 
546 4.9 -4.9 -0.1 4.9 -4.9 -0.1 0 0 0 
547 -4.9 -4.9 0.1 -4.9 -4.9 0.1 0 0 0 
548 4.9 -4.9 0.1 4.9 -4.9 0.1 0 0 0 
549 4.9 -4.9 0.1 4.9 -4.9 0.1 0 0 0 
550 -4.9 4.9 -0.1 -4.9 4.9 -0.1 -77.607 110.305 0 
551 4.9 -4.9 0.1 4.9 -4.9 0.1 0 0 0 
552 -4.9 -4.9 0.1 -4.9 -4.9 0.1 0 0 0 
553 4.9 -4.9 0.1 4.9 -4.9 0.1 0 0 0 
554 -4.9 -4.9 0.1 -4.9 -4.9 0.1 0 -2940 0 
555 -3.19592 -4.9 -0.1 -3.19592 -4.9 -0.1 -134.944 0 0 
556 -4.9 -4.9 -0.1 -4.9 -4.9 -0.1 0 0 0 
557 -0.163715 -2.94036 0.1 -0.163715 -2.94036 0.1 -50.8771 -137.776 0 
558 -4.9 -4.9 -0.1 -4.9 -4.9 -0.1 0 -2746.36 0 
559 4.9 4.9 0.1 4.9 4.9 0.1 0 0 0 
560 4.9 -4.9 0.1 4.9 -4.9 0.1 0 0 0 
561 0.831525 4.9 -0.1 0.831525 4.9 -0.1 6.10948 6.50006 0 
562 -4.9 -4.9 0.1 -4.9 -4.9 0.1 0 0 0 
563 4.9 -4.9 0.1 4.9 -4.9 0.1 0 0 0 
564 4.9 -4.9 0.1 4.9 -4.9 0.1 0 0 0 
565 4.9 -4.9 0.1 4.9 -4.9 0.1 0 0 0 
566 4.9 4.9 0.1 4.9 4.9 0.1 0 0 0 
567 -4.9 -4.9 -0.1 -4.9 -4.9 -0.1 0 -2940 0 
568 4.06864 4.89967 -0.1 4.06864 4.89967 -0.1 274.953 -0.0653333 0 
569 4.9 1.4426 0.1 4.9 1.4426 0.1 0 127.034 0 
570 4.9 -4.9 0.1 4.9 -4.9 0.1 0 -2940 0 
571 4.9 -4.9 0.1 4.9 -4.9 0.1 0 -2940 0 
572 -2.37289 3.58082 0.1 -2.37289 3.58082 0.1 -95.0055 220.82 0 
573 -4.9 -4.9 0.1 -4.9 -4.9 0.1 0 0 0 
574 -4.9 -4.9 0.1 -4.9 -4.9 0.1 0 0 0 
575 -4.9 -4.9 -0.1 -4.9 -4.9 -0.1 0 0 0 
576 -4.9 4.9 -0.1 -4.9 4.9 -0.1 0 2775.2 0 
577 -4.9 -4.9 0.1 -4.9 -4.9 0.1 0 0 0 
578 4.9 -4.9 0.1 4.9 -4.9 0.1 0 0 0 
579 4.9 4.89989 -0.1 4.9 4.89989 -0.1 0 -0.0326667 0 
580 4.9 -4.9 -0.1 4.9 -4.9 -0.1 0 0 0 
581 4.9 -4.9 0.1 4.9 -4.9 0.1 0 0 0 
582 -4.9 -4.9 -0.1 -4.9 -4.9 -0.1 0 0 0 
583 4.9 -4.9 0.1 4.9 -4.9 0.1 0 0 0 
584 -4.9 -4.9 -0.1 -4.9 -4.9 -0.1 0 0 0 
585 -4.9 -2.73347 -0.1 -4.9 -2.73347 -0.1 0 -188.455 0 
586 -4.9 -4.9 -0.1 -4.9 -4.9 -0.1 0 0 0 
587 -4.04513 -4.9 -0.1 -4.04513 -4.9 -0.1 -1341.77 0 0 
588 -4.9 -4.9 0.1 -4.9 -4.9 0.1 0 0 0 
589 4.9 -4.9 -0.1 4.9 -4.9 -0.1 0 0 0 
590 -4.9 -4.9 -0.1 -4.9 -4.9 -0.1 0 0 0 
591 -4.9 -4.9 0.1 -4.9 -4.9 0.1 0 0 0 
592 4.9 -4.9 -0.1 4.9 -4.9 -0.1 0 -2940 0 
593 4.9 -0.691176 -0.1 4.9 -0.691176 -0.1 0 -59.0909 0 
594 -4.9 -4.9 0.1 -4.9 -4.9 0.1 0 0 0 
595 -4.9 -4.9 -0.1 -4.9 -4.9 -0.1 0 0 0 
596 -4.9 -4.9 0.1 -4.9 -4.9 0.1 0 0 0 
597 -4.9 4.9 -0.1 -4.9 4.9 -0.1 0 0 0 
598 4.9 -4.9 0.1 4.9 -4.9 0.1 0 0 0 
599 4.9 -4.9 -0.1 4.9 -4.9 -0.1 0 -2940 0 
600 4.9 -4.9 0.1 4.9 -4.9 0.1 0 0 0 
601 -4.9 -4.9 -0.1 -4.9 -4.9 -0.1 0 0 0 
602 4.9 -4.9 0.1 4.9 -4.9 0.1 0 0 0 
603 -4.9 -4.9 -0.1 -4.9 -4.9 -0.1 0 0 0 
604 -4.9 -4.9 -0.1 -4.9 -4.9 -0.1 0 0 0 
605 -4.9 -4.9 -0.1 -4.9 -4.9 -0.1 0 0 0 
606 -4.9 -4.9 -0.1 -4.9 -4.9 -0.1 -193.492 -291.552 0 
607 -4.9 -4.9 -0.1 -4.9 -4.9 -0.1 -204.491 0 0 
608 -4.03599 3.1293 -0.1 -4.03599 3.1293 -0.1 -206.277 147.899 0 
609 4.9 -4.9 0.1 4.9 -4.9 0.1 115.806 -213.963 0 
610 4.9 -4.9 0.1 4.9 -4.9 0.1 0 0 0 
611 4.9 -4.9 -0.1 4.9 -4.9 -0.1 0 0 0 
612 -1.30768 -4.9 -0.1 -1.30768 -4.9 -0.1 359.232 0 0 
613 4.9 4.9 -0.1 4.9 4.9 -0.1 0 0 0 
614 -4.9 -4.9 -0.1 -4.9 -4.9 -0.1 0 0 0 
615 4.9 -4.9 -0.1 4.9 -4.9 -0.1 0 0 0 
616 -4.9 -4.9 -0.1 -4.9 -4.9 -0.1 0 0 0 
617 -4.9 -4.9 0.1 -4.9 -4.9 0.1 0 0 0 
618 4.9 -4.9 0.1 4.9 -4.9 0.1 0 0 0 
619 -4.9 4.89989 0.1 -4.9 4.89989 0.1 0 -0.0326667 0 
620 -4.9 -4.9 -0.1 -4.9 -4.9 -0.1 0 0 0 
621 4.9 -4.9 -0.1 4.9 -4.9 -0.1 0 -2940 0 
622 0.267268 0.816182 0.0425609 0.267268 0.816182 0.0425609 0 -0.163333 0 
623 -4.9 -4.9 -0.1 -4.9 -4.9 -0.1 0 0 0 
624 3.2367 4.9 0.1 3.2367 4.9 0.1 199.298 90.646 0 
625 -4.9 -4.9 0.1 -4.9 -4.9 0.1 0 0 0 
626 0.254432 1.35906 -0.00280913 0.254432 1.35906 -0.00280913 -7.55141 29.0631 1.90045 
627 2.3139 -4.9 -0.1 2.3139 -4.9 -0.1 86.9703 0 0 
628 -4.9 -4.9 0.1 -4.9 -4.9 0.1 0 0 0 
629 4.9 4.89989 -0.1 4.9 4.89989 -0.1 0 -0.0326667 0 
630 4.9 -4.9 0.1 4.9 -4.9 0.1 0 0 0 
631 4.24527 -4.9 -0.1 4.24527 -4.9 -0.1 309.738 0 0 
632 -4.9 -4.9 -0.1 -4.9 -4.9 -0.1 0 0 0 
633 -4.9 -4.9 0.1 -4.9 -4.9 0.1 0 0 0 
634 4.9 4.89989 -0.1 4.9 4.89989 -0.1 0 -0.0326667 0 
635 -4.9 4.18257 0.1 -4.9 4.18257 0.1 0 -215.228 0 
636 0.592856 1.01058 -0.1 0.592856 1.01058 -0.1 0.861584 6.86171 -3.55426 
637 -0.903984 -4.50866 0.1 -0.903984 -4.50866 0.1 -16.3232 -271.256 0 
638 -4.9 -4.9 0.1 -4.9 -4.9 0.1 0 0 0 
639 4.9 -4.9 0.1 4.9 -4.9 0.1 0 0 0 
640 4.9 4.89989 -0.1 4.9 4.89989 -0.1 0 -0.0326667 0 
641 4.9 -4.9 0.1 4.9 -4.9 0.1 0 0 0 
642 4.9 -4.9 -0.1 4.9 -4.9 -0.1 0 0 0 
643 4.9 -4.9 -0.1 4.9 -4.9 -0.1 0 0 0 
644 -4.9 -4.9 -0.1 -4.9 -4.9 -0.1 0 0 0 
645 4.9 -4.9 -0.1 4.9 -4.9 -0.1 0 0 0 
646 -4.9 -4.9 0.1 -4.9 -4.9 0.1 0 0 0 
647 -4.9 4.9 -0.1 -4.9 4.9 -0.1 0 0 0 
648 -4.9 -4.9 -0.1 -4.9 -4.9 -0.1 0 0 0 
649 4.9 -4.9 0.1 4.9 -4.9 0.1 0 0 0 
650 4.9 -4.9 -0.1 4.9 -4.9 -0.1 0 -2940 0 
651 2.48734 4.89989 0.1 2.48734 4.89989 0.1 163.827 -0.0326667 0 
652 -4.9 -2.52863 0.1 -4.9 -2.52863 0.1 0 -1345.71 0 
653 -4.9 -4.9 -0.1 -4.9 -4.9 -0.1 0 0 0 
654 -4.9 4.9 -0.1 -4.9 4.9 -0.1 0 0 0 
655 -4.9 -4.9 -0.1 -4.9 -4.9 -0.1 0 0 0 
656 4.9 -4.9 -0.1 4.9 -4.9 -0.1 1870.45 0 0 
657 4.9 4.9 0.1 4.9 4.9 0.1 1536.62 0 0 
658 4.9 -4.9 0.1 4.9 -4.9 0.1 0 0 0 
659 -1.17532 -1.84738 0.0993263 -1.17532 -1.84738 0.0993263 -109.302 -51.332 3.64507 
660 -4.9 4.9 0.1 -4.9 4.9 0.1 0 474.394 0 
661 3.89006 4.27682 0.1 3.89006 4.27682 0.1 235.448 248.853 0 
662 4.9 -4.9 -0.1 4.9 -4.9 -0.1 0 -2940 0 
663 -4.9 4.65014 0.1 -4.9 4.65014 0.1 0 1432.5 0 
664 4.9 -4.9 0.1 4.9 -4.9 0.1 0 0 0 
665 4.9 -4.9 -0.1 4.9 -4.9 -0.1 0 0 0 
666 4.9 -4.9 0.1 4.9 -4.9 0.1 0 0 0 
667 -4.9 4.9 -0.1 -4.9 4.9 -0.1 0 0 0 
668 4.9 -4.9 -0.1 4.9 -4.9 -0.1 0 -2940 0 
669 -4.9 -4.9 -0.1 -4.9 -4.9 -0.1 0 0 0 
670 -1.56843 4.9 -0.1 -1.56843 4.9 -0.1 -1812.47 373.328 0 
671 -4.9 -4.9 -0.1 -4.9 -4.9 -0.1 0 0 0 
672 4.9 4.9 -0.1 4.9 4.9 -0.1 0 0 0 
673 1.95561 4.89989 -0.1 1.95561 4.89989 -0.1 147.031 -0.0326667 0 
674 -4.9 -4.9 0.1 -4.9 -4.9 0.1 0 0 0 
675 4.9 4.9 -0.1 4.9 4.9 -0.1 0 1947.29 0 
676 -4.9 -4.9 -0.1 -4.9 -4.9 -0.1 0 0 0 
677 -4.9 -4.9 -0.1 -4.9 -4.9 -0.1 0 0 0 
678 -4.9 -4.9 -0.1 -4.9 -4.9 -0.1 0 0 0 
679 4.9 -4.9 -0.1 4.9 -4.9 -0.1 0 0 0 
680 4.9 -4.9 0.1 4.9 -4.9 0.1 0 0 0 
681 4.9 4.9 0.1 4.9 4.9 0.1 0 312.351 0 
682 -4.9 -4.9 0.1 -4.9 -4.9 0.1 0 0 0 
683 -4.9 -4.9 0.1 -4.9 -4.9 0.1 0 0 0 
684 -4.9 4.9 -0.1 -4.9 4.9 -0.1 0 0 0 
685 -4.9 -4.9 0.1 -4.9 -4.9 0.1 0 0 0 
686 -4.9 -4.9 -0.1 -4.9 -4.9 -0.1 0 0 0 
687 2.17942 4.89989 0.1 2.17942 4.89989 0.1 141.849 -0.0326667 0 
688 -4.9 -4.9 -0.1 -4.9 -4.9 -0.1 0 0 0 
689 4.9 -4.9 0.1 4.9 -4.9 0.1 0 0 0 
690 -4.9 4.89989 0.1 -4.9 4.89989 0.1 0 -0.0326667 0 
691 4.9 -4.9 0.1 4.9 -4.9 0.1 0 0 0 
692 -4.9 4.9 0.1 -4.9 4.9 0.1 -315.684 0 0 
693 -4.9 -4.9 0.1 -4.9 -4.9 0.1 0 0 0 
694 4.9 -4.9 0.1 4.9 -4.9 0.1 0 0 0 
695 4.9 0.249942 -0.1 4.9 0.249942 -0.1 93.3134 -18.3341 0 
696 4.9 -4.9 -0.1 4.9 -4.9 -0.1 0 0 0 
697 4.9 -4.9 0.1 4.9 -4.9 0.1 0 0 0 
698 -4.9 4.9 0.1 -4.9 4.9 0.1 0 0 0 
699 -4.9 -4.9 -0.1 -4.9 -4.9 -0.1 0 0 0 
700 4.9 -4.9 -0.1 4.9 -4.9 -0.1 0 0 0 
701 -4.9 -4.9 -0.1 -4.9 -4.9 -0.1 0 0 0 
702 -4.9 -4.9 0.1 -4.9 -4.9 0.1 0 0 0 
703 4.9 -4.9 0.1 4.9 -4.9 0.1 0 0 0 
704 4.9 -4.9 0.1 4.9 -4.9 0.1 0 0 0 
705 4.9 -4.9 0.1 4.9 -4.9 0.1 0 0 0 
706 4.9 -4.9 0.1 4.9 -4.9 0.1 0 0 0 
707 4.9 -4.9 -0.1 4.9 -4.9 -0.1 0 -2940 0 
708 -4.9 -4.9 0.1 -4.9 -4.9 0.1 0 0 0 
709 4.9 -4.9 0.1 4.9 -4.9 0.1 2108.02 0 0 
710 4.9 -4.9 0.1 4.9 -4.9 0.1 0 0 0 
711 4.9 -4.9 -0.1 4.9 -4.9 -0.1 0 0 0 
712 4.29744 4.89935 0.1 4.29744 4.89935 0.1 311.625 -0.098 0 
713 4.9 -4.9 0.1 4.9 -4.9 0.1 0 0 0 
714 -4.9 -4.9 0.1 -4.9 -4.9 0.1 0 0 0 
715 4.9 -4.9 -0.1 4.9 -4.9 -0.1 0 0 0 
716 -4.9 -4.9 -0.1 -4.9 -4.9 -0.1 0 0 0 
717 4.9 -4.9 -0.1 4.9 -4.9 -0.1 0 -2940 0 
718 -2.91421 -3.24279 0.1 -2.91421 -3.24279 0.1 -180.002 -180.211 0 
719 -4.9 -4.9 0.1 -4.9 -4.9 0.1 0 0 0 
720 2.13523 -4.9 0.1 2.13523 -4.9 0.1 703.523 0 0 
721 4.9 -4.9 -0.1 4.9 -4.9 -0.1 0 0 0 
722 4.9 -4.9 0.1 4.9 -4.9 0.1 0 0 0 
723 4.9 -4.9 0.1 4.9 -4.9 0.1 0 0 0 
724 4.9 4.9 -0.1 4.9 4.9 -0.1 0 689.641 0 
725 -4.9 -4.9 0.1 -4.9 -4.9 0.1 0 0 0 
726 -4.9 -4.9 -0.1 -4.9 -4.9 -0.1 0 0 0 
727 2.09612 -3.57821 -0.1 2.09612 -3.57821 -0.1 8.66818 -4.32708 0 
728 -4.9 -4.9 0.1 -4.9 -4.9 0.1 0 0 0 
729 -4.9 -4.9 -0.1 -4.9 -4.9 -0.1 0 0 0 
730 -4.9 -4.9 0.1 -4.9 -4.9 0.1 0 -2940 0 
731 -4.9 4.9 0.1 -4.9 4.9 0.1 0 0 0 
732 -4.9 -4.9 -0.1 -4.9 -4.9 -0.1 -110.517 0 0 
733 -3.59459 -3.19391 0.1 -3.59459 -3.19391 0.1 -188.378 -189.301 0 
734 -4.9 -4.9 0.1 -4.9 -4.9 0.1 0 0 0 
735 4.9 4.9 -0.1 4.9 4.9 -0.1 0 1947.29 0 
736 -4.9 -4.9 0.1 -4.9 -4.9 0.1 0 0 0 
737 4.9 -4.9 0.1 4.9 -4.9 0.1 0 0 0 
738 -4.9 -4.9 -0.1 -4.9 -4.9 -0.1 0 0 0 
739 4.9 -4.9 -0.1 4.9 -4.9 -0.1 0 0 0 
740 -4.9 -4.9 0.1 -4.9 -4.9 0.1 0 0 0 
741 -4.9 4.89989 0.1 -4.9 4.89989 0.1 0 -0.0326667 0 
742 4.9 -4.9 0.1 4.9 -4.9 0.1 0 0 0 
743 -4.9 -4.9 0.1 -4.9 -4.9 0.1 0 0 0 
744 -4.9 -4.9 0.1 -4.9 -4.9 0.1 0 0 0 
745 4.9 -4.9 0.1 4.9 -4.9 0.1 0 0 0 
746 0.14902 4.89935 -0.1 0.14902 4.89935 -0.1 -30.316 -0.098 0 
747 4.9 -4.9 0.1 4.9 -4.9 0.1 0 0 0 
748 4.9 -4.9 0.1 4.9 -4.9 0.1 0 0 0 
749 4.9 4.9 -0.1 4.9 4.9 -0.1 0 0 0 
750 -1.34852 3.10688 0.1 -1.34852 3.10688 0.1 -104.232 126.996 0 
751 4.9 -4.9 0.1 4.9 -4.9 0.1 0 0 0 
752 -0.741542 0.913147 0.0861164 -0.741542 0.913147 0.0861164 -10.752 4.73537 2.23707 
753 -3.36574 -4.38983 -0.1 -3.36574 -4.38983 -0.1 -149.271 -232.267 0 
754 -4.9 -4.9 0.1 -4.9 -4.9 0.1 0 0 0 
755 -4.9 -4.9 0.1 -4.9 -4.9 0.1 0 0 0 
756 4.9 -4.9 -0.1 4.9 -4.9 -0.1 0 0 0 
757 4.9 -4.9 0.1 4.9 -4.9 0.1 0 0 0 
758 4.9 -4.9 -0.1 4.9 -4.9 -0.1 0 0 0 
759 4.9 -4.9 -0.1 4.9 -4.9 -0.1 0 0 0 
760 4.9 -4.9 -0.1 4.9 -4.9 -0.1 0 -2940 0 
761 4.9 -4.9 -0.1 4.9 -4.9 -0.1 0 0 0 
762 -4.9 4.9 0.1 -4.9 4.9 0.1 0 0 0 
763 4.9 -4.9 -0.1 4.9 -4.9 -0.1 0 0 0 
764 -4.9 -4.9 -0.1 -4.9 -4.9 -0.1 0 0 0 
765 -4.9 4.9 -0.1 -4.9 4.9 -0.1 0 0 0 
766 4.9 4.33158 -0.1 4.9 4.33158 -0.1 0 226.614 0 
767 -4.9 -0.106088 -0.1 -4.9 -0.106088 -0.1 -201.421 -253.291 0 
768 -4.9 -4.9 0.1 -4.9 -4.9 0.1 0 0 0 
769 -4.9 4.89989 0.1 -4.9 4.89989 0.1 0 -0.0326667 0 
770 -4.9 -4.9 0.1 -4.9 -4.9 0.1 0 0 0 
771 -4.9 -4.9 0.1 -4.9 -4.9 0.1 0 0 0 
772 4.9 -4.9 0.1 4.9 -4.9 0.1 0 0 0 
773 -4.9 -4.9 -0.1 -4.9 -4.9 -0.1 0 0 0 
774 4.9 -4.9 -0.1 4.9 -4.9 -0.1 0 -435.651 0 
775 4.9 0.974863 -0.1 4.9 0.974863 -0.1 0 -104.864 0 
776 4.9 -4.9 0.1 4.9 -4.9 0.1 0 0 0 
777 -4.9 -4.9 -0.1 -4.9 -4.9 -0.1 0 0 0 
778 4.9 4.9 0.1 4.9 4.9 0.1 0 0 0 
779 -4.9 4.9 0.1 -4.9 4.9 0.1 0 0 0 
780 4.9 -4.9 0.1 4.9 -4.9 0.1 1026.23 0 0 
781 4.9 -4.9 0.1 4.9 -4.9 0.1 0 0 0 
782 -4.9 -4.9 0.1 -4.9 -4.9 0.1 0 0 0 
783 4.9 -4.9 -0.1 4.9 -4.9 -0.1 0 -2940 0 
784 -4.9 -4.9 -0.1 -4.9 -4.9 -0.1 0 0 0 
785 4.9 -4.9 -0.1 4.9 -4.9 -0.1 0 0 0 
786 -4.9 -4.9 -0.1 -4.9 -4.9 -0.1 0 0 0 
787 -4.9 -4.9 -0.1 -4.9 -4.9 -0.1 0 0 0 
788 4.9 4.89989 -0.1 4.9 4.89989 -0.1 0 -0.0326667 0 
789 4.9 -4.9 0.1 4.9 -4.9 0.1 0 0 0 
790 -4.9 -4.9 -0.1 -4.9 -4.9 -0.1 0 0 0 
791 -4.9 4.9 -0.1 -4.9 4.9 -0.1 0 1087.09 0 
792 4.9 -4.9 0.1 4.9 -4.9 0.1 0 0 0 
793 -4.9 -4.9 -0.1 -4.9 -4.9 -0.1 0 0 0 
794 4.9 -4.9 -0.1 4.9 -4.9 -0.1 0 0 0 
795 -4.9 -4.9 0.1 -4.9 -4.9 0.1 0 0 0 
796 4.9 4.9 0.1 4.9 4.9 0.1 0 2147.39 0 
797 -4.9 -4.9 -0.1 -4.9 -4.9 -0.1 0 0 0 
798 4.9 4.23697 0.1 4.9 4.23697 0.1 0 217.419 0 
799 -4.9 -4.9 0.1 -4.9 -4.9 0.1 0 -2940 0 
800 4.9 -4.9 0.1 4.9 -4.9 0.1 0 0 0 
801 4.9 -4.9 0.1 4.9 -4.9 0.1 0 0 0 
802 -4.9 -4.9 0.1 -4.9 -4.9 0.1 0 0 0 
803 -4.9 -4.9 -0.1 -4.9 -4.9 -0.1 -342.852 0 0 
804 4.9 -4.9 -0.1 4.9 -4.9 -0.1 0 0 0 
805 4.9 -4.9 -0.1 4.9 -4.9 -0.1 214.65 -2529.89 0 
806 4.9 -4.9 0.1 4.9 -4.9 0.1 0 0 0 
807 -4.9 -4.9 -0.1 -4.9 -4.9 -0.1 0 0 0 
808 4.9 -4.9 -0.1 4.9 -4.9 -0.1 0 -2940 0 
809 -4.9 -4.9 0.1 -4.9 -4.9 0.1 0 0 0 
810 4.9 -4.9 0.1 4.9 -4.9 0.1 0 0 0 
811 -4.9 -4.9 -0.1 -4.9 -4.9 -0.1 0 0 0 
812 4.9 -4.9 -0.1 4.9 -4.9 -0.1 0 -2940 0 
813 4.9 4.9 0.1 4.9 4.9 0.1 0 0 0 
814 -4.9 -4.9 -0.1 -4.9 -4.9 -0.1 0 0 0 
815 4.9 4.9 -0.1 4.9 4.9 -0.1 0 1947.29 0 
816 -4.9 -4.9 -0.1 -4.9 -4.9 -0.1 0 0 0 
817 1.16139 -4.9 -0.1 1.16139 -4.9 -0.1 72.6082 0 0 
818 -4.9 -4.9 -0.1 -4.9 -4.9 -0.1 0 0 0 
819 4.9 -4.9 0.1 4.9 -4.9 0.1 0 0 0 
820 4.9 -4.9 0.1 4.9 -4.9 0.1 0 0 0 
821 4.9 -4.9 0.1 4.9 -4.9 0.1 0 0 0 
822 -4.9 1.79154 -0.1 -4.9 1.79154 -0.1 0 -310.879 0 
823 -4.9 -4.9 -0.1 -4.9 -4.9 -0.1 0 0 0 
824 -4.9 -4.9 -0.1 -4.9 -4.9 -0.1 0 0 0 
825 -4.9 -4.9 -0.1 -4.9 -4.9 -0.1 0 0 0 
826 4.9 -4.9 0.1 4.9 -4.9 0.1 0 0 0 
827 -4.9 -4.9 -0.1 -4.9 -4.9 -0.1 0 0 0 
828 -4.9 -4.9 -0.1 -4.9 -4.9 -0.1 0 0 0 
829 4.9 -4.9 0.1 4.9 -4.9 0.1 0 0 0 
830 4.9 -4.9 -0.1 4.9 -4.9 -0.1 0 0 0 
831 0.599077 -4.9 0.1 0.599077 -4.9 0.1 -42.1639 0 0 
832 4.9 -4.9 0.1 4.9 -4.9 0.1 0 0 0 
833 -4.9 4.9 -0.1 -4.9 4.9 -0.1 0 0 0 
834 -4.9 -4.9 -0.1 -4.9 -4.9 -0.1 0 0 0 
835 4.9 -4.9 0.1 4.9 -4.9 0.1 0 0 0 
836 -4.9 -4.9 0.1 -4.9 -4.9 0.1 0 0 0 
837 4.9 -4.9 0.1 4.9 -4.9 0.1 0 0 0 
838 -4.9 -4.9 -0.1 -4.9 -4.9 -0.1 0 0 0 
839 4.9 -4.9 0.1 4.9 -4.9 0.1 0 0 0 
840 -4.9 -4.9 -0.1 -4.9 -4.9 -0.1 0 0 0 
841 4.9 -4.9 -0.1 4.9 -4.9 -0.1 0 0 0 
842 -4.9 -4.9 0.1 -4.9 -4.9 0.1 0 -2940 0 
843 -4.9 -4.9 0.1 -4.9 -4.9 0.1 -198.156 -184.873 0 
844 4.9 -4.9 0.1 4.9 -4.9 0.1 0 0 0 
845 4.9 -4.9 0.1 4.9 -4.9 0.1 0 0 0 
846 4.9 -4.9 0.1 4.9 -4.9 0.1 0 0 0 
847 -4.9 -4.9 0.1 -4.9 -4.9 0.1 0 0 0 
848 -4.9 -4.9 0.1 -4.9 -4.9 0.1 0 0 0 
849 4.9 -4.9 0.1 4.9 -4.9 0.1 0 0 0 
850 0.840478 -0.375682 -0.1 0.840478 -0.375682 -0.1 96.3614 -44.7349 0 
851 -4.9 -4.9 0.1 -4.9 -4.9 0.1 0 0 0 
852 4.9 -4.9 0.1 4.9 -4.9 0.1 0 0 0 
853 4.9 -4.9 -0.1 4.9 -4.9 -0.1 0 0 0 
854 4.9 -4.9 0.1 4.9 -4.9 0.1 0 0 0 
855 4.9 -4.9 0.1 4.9 -4.9 0.1 0 0 0 
856 4.9 4.9 0.1 4.9 4.9 0.1 0 0 0 
857 4.9 -4.9 0.1 4.9 -4.9 0.1 0 0 0 
858 4.9 -4.9 -0.1 4.9 -4.9 -0.1 0 0 0 
859 -4.9 -4.9 0.1 -4.9 -4.9 0.1 0 0 0 
860 4.9 4.71926 -0.1 4.9 4.71926 -0.1 0 -54.2214 0 
861 4.9 -4.9 0.1 4.9 -4.9 0.1 0 0 0 
862 -4.9 -4.9 0.1 -4.9 -4.9 0.1 0 0 0 
863 -4.9 -4.9 -0.1 -4.9 -4.9 -0.1 0 0 0 
864 4.9 -4.9 -0.1 4.9 -4.9 -0.1 0 0 0 
865 4.9 4.9 -0.1 4.9 4.9 -0.1 0 0 0 
866 4.9 -4.9 -0.1 4.9 -4.9 -0.1 0 -2940 0 
867 -4.9 4.9 0.1 -4.9 4.9 0.1 0 0 0 
868 0.394707 -4.31508 -0.1 0.394707 -4.31508 -0.1 -8.88247 -279.102 0 
869 -4.9 -4.9 0.1 -4.9 -4.9 0.1 0 0 0 
870 4.9 -4.9 -0.1 4.9 -4.9 -0.1 0 0 0 
871 -4.9 4.89989 0.1 -4.9 4.89989 0.1 0 -0.0326667 0 
872 4.9 -4.9 -0.1 4.9 -4.9 -0.1 160.409 -2939.97 0 
873 4.9 -4.9 -0.1 4.9 -4.9 -0.1 0 0 0 
874 4.9 -4.9 -0.1 4.9 -4.9 -0.1 0 -2940 0 
875 -2.61751 4.89935 0.1 -2.61751 4.89935 0.1 -86.4295 -0.098 0 
876 -1.62211 4.89989 0.1 -1.62211 4.89989 0.1 -76.4106 -0.0326667 0 
877 -4.9 -4.9 -0.1 -4.9 -4.9 -0.1 0 0 0 
878 4.9 -4.9 -0.1 4.9 -4.9 -0.1 0 0 0 
879 4.9 -4.9 -0.1 4.9 -4.9 -0.1 0 0 0 
880 4.9 4.9 -0.1 4.9 4.9 -0.1 0 0 0 
881 -1.54725 -4.9 -0.1 -1.54725 -4.9 -0.1 -644.725 0 0 
882 -4.9 -4.9 0.1 -4.9 -4.9 0.1 0 0 0 
883 -4.9 -4.9 0.1 -4.9 -4.9 0.1 0 0 0 
884 -4.9 -4.9 0.1 -4.9 -4.9 0.1 0 0 0 
885 -4.9 -4.9 -0.1 -4.9 -4.9 -0.1 0 0 0 
886 -4.9 -4.9 0.1 -4.9 -4.9 0.1 0 0 0 
887 4.9 4.89989 -0.1 4.9 4.89989 -0.1 0 -0.0326667 0 
888 4.9 -4.9 -0.1 4.9 -4.9 -0.1 0 0 0 
889 -4.9 -4.9 0.1 -4.9 -4.9 0.1 0 0 0 
890 4.9 4.9 -0.1 4.9 4.9 -0.1 0 891.713 0 
891 4.9 -4.9 -0.1 4.9 -4.9 -0.1 0 -2940 0 
892 -4.9 -4.9 -0.1 -4.9 -4.9 -0.1 0 0 0 
893 -4.9 -4.9 0.1 -4.9 -4.9 0.1 -415.232 0 0 
894 4.9 -4.9 0.1 4.9 -4.9 0.1 0 0 0 
895 -4.9 -4.9 0.1 -4.9 -4.9 0.1 0 0 0 
896 2.81047 -4.9 0.1 2.81047 -4.9 0.1 356.894 0 0 
897 -4.9 -4.9 -0.1 -4.9 -4.9 -0.1 0 0 0 
898 -4.9 -4.9 0.1 -4.9 -4.9 0.1 0 0 0 
899 -4.9 4.9 -0.1 -4.9 4.9 -0.1 0 0 0 
900 0.045174 4.25171 0.1 0.045174 4.25171 0.1 -14.7543 308.177 0 
901 4.9 -4.9 0.1 4.9 -4.9 0.1 0 0 0 
902 -4.9 3.31803 0.1 -4.9 3.31803 0.1 -129.073 212.254 0 
903 4.9 -4.9 0.1 4.9 -4.9 0.1 0 0 0 
904 4.9 -4.9 -0.1 4.9 -4.9 -0.1 0 -2940 0 
905 4.9 -4.9 -0.1 4.9 -4.9 -0.1 0 0 0 
906 -0.852071 0.0530964 0.1 -0.852071 0.0530964 0.1 -19.9283 58.6623 0 
907 -4.9 4.9 -0.1 -4.9 4.9 -0.1 0 0 0 
908 -4.9 4.9 -0.1 -4.9 4.9 -0.1 0 0 0 
909 4.9 -0.416669 -0.1 4.9 -0.416669 -0.1 0 -58.649 0 
910 4.9 -4.9 -0.1 4.9 -4.9 -0.1 0 0 0 
911 4.9 -4.9 0.1 4.9 -4.9 0.1 0 0 0 
912 0.550474 -1.08673 -0.1 0.550474 -1.08673 -0.1 -16.1124 -24.6484 0 
913 4.9 4.9 -0.1 4.9 4.9 -0.1 0 0 0 
914 -4.9 -4.9 0.1 -4.9 -4.9 0.1 0 0 0 
915 4.9 -4.9 -0.1 4.9 -4.9 -0.1 0 0 0 
916 4.9 -4.9 -0.1 4.9 -4.9 -0.1 0 0 0 
917 4.9 -4.9 0.1 4.9 -4.9 0.1 0 0 0 
918 4.9 4.9 0.1 4.9 4.9 0.1 0 129.041 0 
919 -4.9 4.9 -0.1 -4.9 4.9 -0.1 0 0 0 
920 -4.9 4.9 0.1 -4.9 4.9 0.1 -2153.44 0 0 
921 4.9 4.9 0.1 4.9 4.9 0.1 0 0 0 
922 -0.878414 4.89967 0.1 -0.878414 4.89967 0.1 -866.762 -0.0653333 0 
923 -4.9 4.36401 0.1 -4.9 4.36401 0.1 0 -160.796 0 
924 4.9 -4.9 0.1 4.9 -4.9 0.1 0 0 0 
925 4.9 -4.9 0.1 4.9 -4.9 0.1 0 0 0 
926 3.6781 -2.09357 -0.1 3.6781 -2.09357 -0.1 211.732 -167.986 0 
927 4.9 -4.9 0.1 4.9 -4.9 0.1 0 -2940 0 
928 4.9 -4.9 0.1 4.9 -4.9 0.1 0 0 0 
929 -4.9 -4.9 -0.1 -4.9 -4.9 -0.1 0 0 0 
930 -4.9 -4.9 0.1 -4.9 -4.9 0.1 0 0 0 
931 4.9 -4.9 0.1 4.9 -4.9 0.1 0 0 0 
932 4.9 -4.9 0.1 4.9 -4.9 0.1 0 0 0 
933 4.9 -4.9 0.1 4.9 -4.9 0.1 0 0 0 
934 4.9 -4.9 -0.1 4.9 -4.9 -0.1 0 0 0 
935 -4.9 -4.9 0.1 -4.9 -4.9 0.1 0 -2940 0 
936 -4.9 -4.9 -0.1 -4.9 -4.9 -0.1 0 0 0 
937 -4.9 -4.9 0.1 -4.9 -4.9 0.1 0 0 0 
938 -4.9 -4.9 -0.1 -4.9 -4.9 -0.1 0 0 0 
939 -4.9 -4.9 0.1 -4.9 -4.9 0.1 0 0 0 
940 -4.9 -4.9 0.1 -4.9 -4.9 0.1 0 -2940 0 
941 -4.9 -4.9 0.1 -4.9 -4.9 0.1 0 0 0 
942 3.62222 1.39893 0.1 3.62222 1.39893 0.1 259.424 124.753 0 
943 -4.31507 -4.9 -0.1 -4.31507 -4.9 -0.1 -211.497 0 0 
944 4.9 -4.9 0.1 4.9 -4.9 0.1 0 0 0 
945 3.83846 -4.9 -0.1 3.83846 -4.9 -0.1 272.438 0 0 
946 -4.9 -4.9 -0.1 -4.9 -4.9 -0.1 0 0 0 
947 -4.9 -4.9 0.1 -4.9 -4.9 0.1 0 0 0 
948 -4.9 -4.9 -0.1 -4.9 -4.9 -0.1 -63.3193 0 0 
949 2.51133 4.9 0.1 2.51133 4.9 0.1 170.967 92.2053 0 
950 -4.9 4.9 -0.1 -4.9 4.9 -0.1 0 0 0 
951 -1.79917 4.03463 -0.1 -1.79917 4.03463 -0.1 -98.877 220.619 0 
952 -4.9 -4.9 -0.1 -4.9 -4.9 -0.1 0 -2940 0 
953 -4.9 4.89989 0.1 -4.9 4.89989 0.1 0 -0.0326667 0 
954 -4.9 -4.9 0.1 -4.9 -4.9 0.1 0 0 0 
955 4.9 -4.9 -0.1 4.9 -4.9 -0.1 0 0 0 
956 4.9 -4.9 -0.1 4.9 -4.9 -0.1 0 0 0 
957 4.9 -4.9 -0.1 4.9 -4.9 -0.1 0 0 0 
958 -1.01055 4.89989 0.1 -1.01055 4.89989 0.1 -97.9578 -0.0326667 0 
959 -4.9 4.393 0.1 -4.9 4.393 0.1 0 299.047 0 
960 4.9 -4.9 0.1 4.9 -4.9 0.1 0 0 0 
961 4.9 -4.9 0.1 4.9 -4.9 0.1 0 0 0 
962 4.9 2.31076 0.1 4.9 2.31076 0.1 0 7.19109 0 
963 4.9 -4.9 -0.1 4.9 -4.9 -0.1 0 0 0 
964 4.9 -4.9 -0.1 4.9 -4.9 -0.1 0 0 0 
965 4.9 -4.9 -0.1 4.9 -4.9 -0.1 0 -379.972 0 
966 -4.9 -4.9 0.1 -4.9 -4.9 0.1 0 0 0 
967 -4.9 -4.9 -0.1 -4.9 -4.9 -0.1 0 0 0 
968 4.9 -4.9 0.1 4.9 -4.9 0.1 0 0 0 
969 4.9 -2.9723 -0.1 4.9 -2.9723 -0.1 0 -199.477 0 
970 -3.19718 1.88677 -0.1 -3.19718 1.88677 -0.1 -208.263 158.95 0 
971 -4.9 -4.9 -0.1 -4.9 -4.9 -0.1 0 0 0 
972 4.9 -4.9 0.1 4.9 -4.9 0.1 0 0 0 
973 4.9 -4.9 0.1 4.9 -4.9 0.1 0 0 0 
974 -4.2423 -3.5003 -0.1 -4.2423 -3.5003 -0.1 -204.313 -203.118 0 
975 4.9 -4.9 -0.1 4.9 -4.9 -0.1 0 0 0 
976 4.9 -4.9 0.1 4.9 -4.9 0.1 0 0 0 
977 4.9 -4.9 0.1 4.9 -4.9 0.1 0 0 0 
978 -4.9 -4.9 0.1 -4.9 -4.9 0.1 0 0 0 
979 -4.9 -0.744781 -0.1 -4.9 -0.744781 -0.1 0 -523.768 0 
980 -1.55551 -1.87523 -0.1 -1.55551 -1.87523 -0.1 -69.5001 -73.2325 0 
981 4.9 -4.9 0.1 4.9 -4.9 0.1 0 0 0 
982 4.9 -4.9 0.1 4.9 -4.9 0.1 0 0 0 
983 -4.9 -4.9 -0.1 -4.9 -4.9 -0.1 0 0 0 
984 -4.9 -4.9 -0.1 -4.9 -4.9 -0.1 0 0 0 
985 -4.9 -4.9 0.1 -4.9 -4.9 0.1 0 0 0 
986 4.9 4.9 -0.1 4.9 4.9 -0.1 0 1947.29 0 
987 4.9 -4.9 -0.1 4.9 -4.9 -0.1 0 0 0 
988 -4.9 -4.9 0.1 -4.9 -4.9 0.1 0 0 0 
989 -4.9 4.9 -0.1 -4.9 4.9 -0.1 0 93.0423 0 
990 1.63808 -4.9 0.1 1.63808 -4.9 0.1 -489.289 0 0 
991 1.58822 1.68759 -0.1 1.58822 1.68759 -0.1 47.4451 44.2577 0 
992 -1.34223 2.7493 0.1 -1.34223 2.7493 0.1 -72.1632 219.67 0 
993 4.9 -4.9 0.1 4.9 -4.9 0.1 0 0 0 
994 -4.9 -4.9 -0.1 -4.9 -4.9 -0.1 0 0 0 
995 -4.9 -4.9 -0.1 -4.9 -4.9 -0.1 0 0 0 
996 4.9 -4.9 -0.1 4.9 -4.9 -0.1 0 0 0 
997 4.9 4.9 -0.1 4.9 4.9 -0.1 0 1947.29 0 
998 0.855035 0.532408 0.0300228 0.855035 0.532408 0.0300228 0 -0.163333 0 
999 -1.72166 4.89935 -0.1 -1.72166 4.89935 -0.1 -101.63 -0.098 0 
