1000
-5 -5 -0.2 5 5 0.2 
0 4.9 -4.13881 -0.1 4.9 -4.13881 -0.1 0 -83.6497 0 
1 -4.9 -4.9 0.1 -4.9 -4.9 0.1 0 0 0 
2 4.9 -4.9 0.1 4.9 -4.9 0.1 0 0 0 
3 4.9 -4.9 0.1 4.9 -4.9 0.1 0 0 0 
4 -4.9 -4.9 0.1 -4.9 -4.9 0.1 0 0 0 
5 4.9 -4.9 -0.1 4.9 -4.9 -0.1 0 0 0 
6 4.9 -4.9 -0.1 4.9 -4.9 -0.1 0 0 0 
7 4.9 -4.9 -0.1 4.9 -4.9 -0.1 0 0 0 
8 -4.9 4.9 0.1 -4.9 4.9 0.1 0 0 0 
9 4.9 -4.9 -0.1 4.9 -4.9 -0.1 0 0 0 
10 4.9 -4.9 0.1 4.9 -4.9 0.1 0 0 0 
11 4.9 -4.9 0.1 4.9 -4.9 0.1 0 0 0 
12 -4.9 -4.9 -0.1 -4.9 -4.9 -0.1 0 0 0 
13 -4.9 -4.9 0.1 -4.9 -4.9 0.1 0 0 0 
14 -4.9 -4.9 -0.1 -4.9 -4.9 -0.1 0 0 0 
15 -4.9 -4.9 -0.1 -4.9 -4.9 -0.1 0 0 0 
16 -4.9 -4.9 -0.1 -4.9 -4.9 -0.1 0 0 0 
17 4.9 -4.9 -0.1 4.9 -4.9 -0.1 0 0 0 
18 -4.9 4.9 -0.1 -4.9 4.9 -0.1 0 0 0 
19 4.9 4.89281 -0.1 4.9 4.89281 -0.1 0 -0.359333 0 
20 4.9 -4.9 0.1 4.9 -4.9 0.1 0 0 0 
21 -4.9 -4.9 0.1 -4.9 -4.9 0.1 0 0 0 
22 -4.9 -4.9 -0.1 -4.9 -4.9 -0.1 0 0 0 
23 -4.9 -4.9 -0.1 -4.9 -4.9 -0.1 0 0 0 
24 4.9 4.9 0.1 4.9 4.9 0.1 0 0 0 
25 4.9 -4.9 -0.1 4.9 -4.9 -0.1 0 0 0 
26 4.9 -4.9 -0.1 4.9 -4.9 -0.1 0 0 0 
27 4.9 -4.9 -0.1 4.9 -4.9 -0.1 0 0 0 
28 4.9 -4.9 -0.1 4.9 -4.9 -0.1 0 0 0 
29 -4.9 -4.9 -0.1 -4.9 -4.9 -0.1 0 0 0 
30 -4.9 -4.9 -0.1 -4.9 -4.9 -0.1 0 0 0 
31 -4.38331 4.89891 -0.1 -4.38331 4.89891 -0.1 -112.393 -0.130667 0 
32 -4.9 -4.9 0.1 -4.9 -4.9 0.1 0 0 0 
33 -4.9 -4.9 -0.1 -4.9 -4.9 -0.1 0 0 0 
34 -4.9 -4.9 -0.1 -4.9 -4.9 -0.1 0 0 0 
35 3.0966 2.95076 -0.1 3.0966 2.95076 -0.1 61.9496 69.7105 0 
36 -4.9 -4.9 -0.1 -4.9 -4.9 -0.1 0 0 0 
37 -4.9 -4.73119 0.1 -4.9 -4.73119 0.1 0 -98.2511 0 
38 4.9 -4.9 -0.1 4.9 -4.9 -0.1 0 0 0 
39 -4.9 -4.9 -0.1 -4.9 -4.9 -0.1 0 0 0 
40 4.9 -4.9 0.1 4.9 -4.9 0.1 0 0 0 
41 4.9 -4.9 -0.1 4.9 -4.9 -0.1 0 0 0 
42 4.9 -4.9 -0.1 4.9 -4.9 -0.1 0 0 0 
43 4.9 -4.9 -0.1 4.9 -4.9 -0.1 0 0 0 
44 -4.9 -4.9 -0.1 -4.9 -4.9 -0.1 0 0 0 
45 -4.9 -4.9 0.1 -4.9 -4.9 0.1 0 0 0 
46 4.9 -4.9 0.1 4.9 -4.9 0.1 0 0 0 
47 4.9 -4.9 0.1 4.9 -4.9 0.1 0 0 0 
48 4.9 -4.9 -0.1 4.9 -4.9 -0.1 0 0 0 
49 4.9 -4.9 -0.1 4.9 -4.9 -0.1 0 0 0 
50 0.206165 -4.9 -0.1 0.206165 -4.9 -0.1 -156.461 0 0 
51 4.9 -4.9 0.1 4.9 -4.9 0.1 0 0 0 
52 -4.9 -4.9 -0.1 -4.9 -4.9 -0.1 0 0 0 
53 -4.9 -4.9 0.1 -4.9 -4.9 0.1 0 0 0 
54 -4.9 -4.9 -0.1 -4.9 -4.9 -0.1 0 0 0 
55 4.9 -4.9 -0.1 4.9 -4.9 -0.1 0 0 0 
56 -4.9 -4.9 0.1 -4.9 -4.9 0.1 0 0 0 
57 -4.9 -4.9 0.1 -4.9 -4.9 0.1 0 0 0 
58 4.9 -4.9 0.1 4.9 -4.9 0.1 0 0 0 
59 4.9 -4.9 -0.1 4.9 -4.9 -0.1 0 0 0 
60 -4.9 -4.9 -0.1 -4.9 -4.9 -0.1 0 0 0 
61 -4.9 -4.9 0.1 -4.9 -4.9 0.1 0 0 0 
62 -4.9 -4.9 -0.1 -4.9 -4.9 -0.1 0 0 0 
63 -4.9 -4.9 -0.1 -4.9 -4.9 -0.1 0 0 0 
64 -4.9 -4.9 -0.1 -4.9 -4.9 -0.1 0 0 0 
65 -4.9 -4.9 -0.1 -4.9 -4.9 -0.1 0 0 0 
66 -4.9 -4.9 0.1 -4.9 -4.9 0.1 0 0 0 
67 3.1246 4.89695 -0.1 3.1246 4.89695 -0.1 57.761 -0.228667 0 
68 -4.9 -4.9 -0.1 -4.9 -4.9 -0.1 0 0 0 
69 4.9 -4.9 0.1 4.9 -4.9 0.1 0 0 0 
70 4.9 -4.9 0.1 4.9 -4.9 0.1 0 0 0 
71 -4.9 4.9 0.1 -4.9 4.9 0.1 0 0 0 
72 -4.9 -4.9 0.1 -4.9 -4.9 0.1 0 0 0 
73 4.9 -4.9 0.1 4.9 -4.9 0.1 0 0 0 
74 -4.9 -4.9 -0.1 -4.9 -4.9 -0.1 0 0 0 
75 4.9 -4.9 0.1 4.9 -4.9 0.1 0 0 0 
76 -4.9 -4.9 0.1 -4.9 -4.9 0.1 0 0 0 
77 -4.9 -4.9 -0.1 -4.9 -4.9 -0.1 0 0 0 
78 -2.43716 -4.9 0.1 -2.43716 -4.9 0.1 -183.429 0 0 
79 4.9 -4.9 0.1 4.9 -4.9 0.1 0 0 0 
80 -4.9 -4.9 0.1 -4.9 -4.9 0.1 0 0 0 
81 4.9 -4.9 0.1 4.9 -4.9 0.1 0 0 0 
82 -4.9 -4.9 0.1 -4.9 -4.9 0.1 0 0 0 
83 -4.9 -4.9 -0.1 -4.9 -4.9 -0.1 0 0 0 
84 4.9 -4.9 -0.1 4.9 -4.9 -0.1 0 0 0 
85 4.9 4.9 0.1 4.9 4.9 0.1 0 0 0 
86 4.9 -4.9 0.1 4.9 -4.9 0.1 87.4867 -79.4187 0 
87 4.9 -4.9 -0.1 4.9 -4.9 -0.1 0 0 0 
88 4.9 -4.9 -0.1 4.9 -4.9 -0.1 0 0 0 
89 -4.9 -4.9 -0.1 -4.9 -4.9 -0.1 0 0 0 
90 4.9 -4.9 0.1 4.9 -4.9 0.1 0 0 0 
91 -4.9 -4.9 0.1 -4.9 -4.9 0.1 0 0 0 
92 4.9 -4.9 -0.1 4.9 -4.9 -0.1 0 0 0 
93 -4.9 -4.9 0.1 -4.9 -4.9 0.1 0 0 0 
94 4.9 4.89771 0.1 4.9 4.89771 0.1 0 -0.196 0 
95 4.9 -4.9 -0.1 4.9 -4.9 -0.1 0 0 0 
96 4.9 -4.9 0.1 4.9 -4.9 0.1 0 0 0 
97 -0.908224 -4.9 -0.1 -0.908224 -4.9 -0.1 -29.6515 0 0 
98 -4.9 4.9 -0.1 -4.9 4.9 -0.1 0 0 0 
99 4.9 -4.9 0.1 4.9 -4.9 0.1 0 0 0 
100 4.9 4.27956 -0.1 4.9 4.27956 -0.1 0 74.7477 0 
101 4.9 -4.9 0.1 4.9 -4.9 0.1 0 0 0 
102 4.9 -4.9 -0.1 4.9 -4.9 -0.1 0 0 0 
103 -4.9 -4.9 0.1 -4.9 -4.9 0.1 0 0 0 
104 4.9 -4.9 0.1 4.9 -4.9 0.1 0 0 0 
105 -4.9 -4.9 -0.1 -4.9 -4.9 -0.1 0 0 0 
106 0.28636 -4.9 -0.1 0.28636 -4.9 -0.1 -1256.66 0 0 
107 4.9 -4.9 -0.1 4.9 -4.9 -0.1 0 0 0 
108 4.9 4.9 0.1 4.9 4.9 0.1 0 0 0 
109 -4.9 -4.9 -0.1 -4.9 -4.9 -0.1 0 0 0 
110 -4.9 4.9 -0.1 -4.9 4.9 -0.1 0 0 0 
111 -4.9 -4.9 0.1 -4.9 -4.9 0.1 0 0 0 
112 4.9 -4.9 0.1 4.9 -4.9 0.1 0 0 0 
113 -4.9 -4.9 0.1 -4.9 -4.9 0.1 0 0 0 
114 4.9 -4.9 0.1 4.9 -4.9 0.1 0 0 0 
115 4.9 -4.9 -0.1 4.9 -4.9 -0.1 0 0 0 
116 -4.9 -4.9 0.1 -4.9 -4.9 0.1 0 0 0 
117 4.9 -4.9 0.1 4.9 -4.9 0.1 0 0 0 
118 4.9 -4.9 0.1 4.9 -4.9 0.1 0 0 0 
119 4.9 -4.9 -0.1 4.9 -4.9 -0.1 0 0 0 
120 -4.9 -4.9 0.1 -4.9 -4.9 0.1 0 0 0 
121 4.9 -4.9 0.1 4.9 -4.9 0.1 0 0 0 
122 -4.9 -4.9 -0.1 -4.9 -4.9 -0.1 0 0 0 
123 4.9 -4.9 -0.1 4.9 -4.9 -0.1 0 0 0 
124 4.9 -4.9 -0.1 4.9 -4.9 -0.1 0 0 0 
125 4.9 -4.9 0.1 4.9 -4.9 0.1 0 0 0 
126 4.9 -4.9 -0.1 4.9 -4.9 -0.1 0 0 0 
127 -4.9 -4.9 -0.1 -4.9 -4.9 -0.1 0 0 0 
128 -4.9 -4.9 0.1 -4.9 -4.9 0.1 0 0 0 
129 -4.9 -4.9 0.1 -4.9 -4.9 0.1 0 0 0 
130 4.9 -4.9 -0.1 4.9 -4.9 -0.1 0 0 0 
131 4.9 -4.9 -0.1 4.9 -4.9 -0.1 0 0 0 
132 4.9 -4.9 -0.1 4.9 -4.9 -0.1 0 0 0 
133 -4.9 -4.9 0.1 -4.9 -4.9 0.1 0 0 0 
134 4.9 -4.9 -0.1 4.9 -4.9 -0.1 0 0 0 
135 -4.9 -4.9 -0.1 -4.9 -4.9 -0.1 0 0 0 
136 -4.9 -4.9 -0.1 -4.9 -4.9 -0.1 0 0 0 
137 -4.9 -4.9 0.1 -4.9 -4.9 0.1 0 0 0 
138 -4.9 -4.9 0.1 -4.9 -4.9 0.1 0 0 0 
139 -4.9 -4.9 0.1 -4.9 -4.9 0.1 0 0 0 
140 -4.9 -4.9 -0.1 -4.9 -4.9 -0.1 0 0 0 
141 4.9 -4.9 -0.1 4.9 -4.9 -0.1 0 0 0 
142 4.9 -4.9 -0.1 4.9 -4.9 -0.1 0 0 0 
143 4.9 -4.9 0.1 4.9 -4.9 0.1 0 0 0 
144 -4.9 -4.9 0.1 -4.9 -4.9 0.1 0 0 0 
145 4.9 -4.9 0.1 4.9 -4.9 0.1 0 0 0 
146 -4.9 -4.9 0.1 -4.9 -4.9 0.1 0 0 0 
147 4.9 -4.9 0.1 4.9 -4.9 0.1 0 0 0 
148 4.9 -4.9 -0.1 4.9 -4.9 -0.1 0 0 0 
149 -4.9 -4.9 0.1 -4.9 -4.9 0.1 0 0 0 
150 -4.9 -4.9 0.1 -4.9 -4.9 0.1 0 0 0 
151 -3.01129 4.89151 -0.1 -3.01129 4.89151 -0.1 -68.8007 -0.392 0 
152 -1.79173 -4.9 0.1 -1.79173 -4.9 0.1 -23.3073 0 0 
153 4.9 -4.9 -0.1 4.9 -4.9 -0.1 0 0 0 
154 -4.9 -4.9 -0.1 -4.9 -4.9 -0.1 0 0 0 
155 -4.9 -4.9 0.1 -4.9 -4.9 0.1 0 0 0 
156 -4.9 -4.9 0.1 -4.9 -4.9 0.1 0 0 0 
157 4.9 -4.9 -0.1 4.9 -4.9 -0.1 0 0 0 
158 4.9 -4.9 -0.1 4.9 -4.9 -0.1 0 0 0 
159 -4.9 -4.9 -0.1 -4.9 -4.9 -0.1 0 0 0 
160 -4.9 -4.9 -0.1 -4.9 -4.9 -0.1 0 0 0 
161 -4.9 -4.9 -0.1 -4.9 -4.9 -0.1 0 0 0 
162 -4.9 -4.9 0.1 -4.9 -4.9 0.1 0 0 0 
163 -4.9 -4.9 0.1 -4.9 -4.9 0.1 0 0 0 
164 4.9 -4.9 0.1 4.9 -4.9 0.1 0 0 0 
165 -4.9 -4.9 -0.1 -4.9 -4.9 -0.1 0 0 0 
166 4.9 -4.9 0.1 4.9 -4.9 0.1 0 0 0 
167 4.9 -4.9 -0.1 4.9 -4.9 -0.1 0 0 0 
168 -4.9 -4.9 0.1 -4.9 -4.9 0.1 0 0 0 
169 -4.9 -4.9 -0.1 -4.9 -4.9 -0.1 0 0 0 
170 -4.9 -4.9 0.1 -4.9 -4.9 0.1 0 0 0 
171 4.9 -4.9 -0.1 4.9 -4.9 -0.1 0 0 0 
172 -4.9 -4.9 0.1 -4.9 -4.9 0.1 0 0 0 
173 -4.9 -4.9 -0.1 -4.9 -4.9 -0.1 0 0 0 
174 4.9 -4.9 -0.1 4.9 -4.9 -0.1 0 0 0 
175 -4.9 -4.9 -0.1 -4.9 -4.9 -0.1 0 0 0 
176 4.9 -4.9 -0.1 4.9 -4.9 -0.1 0 0 0 
177 4.9 -4.9 -0.1 4.9 -4.9 -0.1 0 0 0 
178 -4.9 -4.9 -0.1 -4.9 -4.9 -0.1 0 0 0 
179 4.9 -4.9 0.1 4.9 -4.9 0.1 0 0 0 
180 2.04818 4.89401 0.1 2.04818 4.89401 0.1 28.4195 -0.326667 0 
181 4.9 -4.9 0.1 4.9 -4.9 0.1 0 0 0 
182 -4.9 -4.9 0.1 -4.9 -4.9 0.1 0 0 0 
183 -4.9 -4.9 0.1 -4.9 -4.9 0.1 0 0 0 
184 -4.9 -4.9 -0.1 -4.9 -4.9 -0.1 0 0 0 
185 4.9 -4.9 0.1 4.9 -4.9 0.1 0 0 0 
186 -4.9 -4.9 0.1 -4.9 -4.9 0.1 0 0 0 
187 -4.9 -4.9 0.1 -4.9 -4.9 0.1 0 0 0 
188 4.9 -4.9 -0.1 4.9 -4.9 -0.1 0 0 0 
189 4.9 4.9 0.1 4.9 4.9 0.1 0 0 0 
190 4.9 -4.9 -0.1 4.9 -4.9 -0.1 0 0 0 
191 4.9 -4.9 -0.1 4.9 -4.9 -0.1 0 0 0 
192 -4.9 1.90694 0.1 -4.9 1.90694 0.1 0 46.1777 0 
193 -4.9 -4.9 -0.1 -4.9 -4.9 -0.1 0 0 0 
194 -4.9 -4.9 -0.1 -4.9 -4.9 -0.1 0 0 0 
195 4.9 -4.9 -0.1 4.9 -4.9 -0.1 0 0 0 
196 -4.9 -4.9 0.1 -4.9 -4.9 0.1 0 0 0 
197 4.9 -4.9 -0.1 4.9 -4.9 -0.1 0 0 0 
198 -4.9 -4.9 -0.1 -4.9 -4.9 -0.1 0 0 0 
199 -4.9 -4.9 0.1 -4.9 -4.9 0.1 0 0 0 
200 -4.9 -4.9 -0.1 -4.9 -4.9 -0.1 0 0 0 
201 -4.9 4.9 -0.1 -4.9 4.9 -0.1 0 0 0 
202 -4.9 -4.9 -0.1 -4.9 -4.9 -0.1 0 0 0 
203 4.9 -4.9 -0.1 4.9 -4.9 -0.1 0 0 0 
204 -4.9 -4.9 -0.1 -4.9 -4.9 -0.1 0 0 0 
205 -4.9 -4.9 -0.1 -4.9 -4.9 -0.1 0 0 0 
206 -4.9 -4.9 0.1 -4.9 -4.9 0.1 0 0 0 
207 4.9 -4.9 -0.1 4.9 -4.9 -0.1 0 0 0 
208 -4.9 -4.9 0.1 -4.9 -4.9 0.1 0 0 0 
209 4.9 -4.9 0.1 4.9 -4.9 0.1 0 0 0 
210 4.9 -4.9 0.1 4.9 -4.9 0.1 0 -2940 0 
211 -4.9 -4.9 0.1 -4.9 -4.9 0.1 0 0 0 
212 4.9 -4.9 0.1 4.9 -4.9 0.1 0 0 0 
213 -4.9 -4.9 -0.1 -4.9 -4.9 -0.1 0 0 0 
214 -4.9 -4.9 -0.1 -4.9 -4.9 -0.1 0 0 0 
215 4.9 4.9 0.1 4.9 4.9 0.1 0 0 0 
216 4.9 -4.9 -0.1 4.9 -4.9 -0.1 0 0 0 
217 -4.9 -4.9 -0.1 -4.9 -4.9 -0.1 0 0 0 
218 4.9 -4.9 -0.1 4.9 -4.9 -0.1 0 0 0 
219 4.9 -4.9 0.1 4.9 -4.9 0.1 0 0 0 
220 4.9 -4.9 -0.1 4.9 -4.9 -0.1 0 0 0 
221 -4.9 -4.9 -0.1 -4.9 -4.9 -0.1 0 0 0 
222 -4.9 -4.9 0.1 -4.9 -4.9 0.1 0 0 0 
223 4.9 -4.9 0.1 4.9 -4.9 0.1 0 0 0 
224 -4.9 -4.9 0.1 -4.9 -4.9 0.1 0 0 0 
225 -4.9 4.89837 0.1 -4.9 4.89837 0.1 0 -0.163333 0 
226 -4.9 -4.9 0.1 -4.9 -4.9 0.1 0 0 0 
227 4.9 -4.9 0.1 4.9 -4.9 0.1 0 0 0 
228 -4.9 -4.9 0.1 -4.9 -4.9 0.1 0 0 0 
229 -4.9 2.96719 -0.1 -4.9 2.96719 -0.1 0 64.6314 0 
230 -4.9 -4.9 -0.1 -4.9 -4.9 -0.1 0 0 0 
231 4.9 -4.9 -0.1 4.9 -4.9 -0.1 0 0 0 
232 -4.9 -4.9 0.1 -4.9 -4.9 0.1 0 0 0 
233 -4.9 -4.9 0.1 -4.9 -4.9 0.1 0 0 0 
234 -4.9 -4.9 -0.1 -4.9 -4.9 -0.1 0 0 0 
235 0.774225 -0.149801 0.0491102 0.774225 -0.149801 0.0491102 0 -0.457333 0 
236 4.9 -4.9 0.1 4.9 -4.9 0.1 0 0 0 
237 -4.9 -4.9 0.1 -4.9 -4.9 0.1 0 0 0 
238 4.9 4.9 -0.1 4.9 4.9 -0.1 0 0 0 
239 -4.9 -4.9 0.1 -4.9 -4.9 0.1 0 0 0 
240 -4.9 -4.9 -0.1 -4.9 -4.9 -0.1 0 0 0 
241 4.9 -4.9 0.1 4.9 -4.9 0.1 0 0 0 
242 -1.71969 -1.74674 -0.1 -1.71969 -1.74674 -0.1 -25.0629 -27.2307 0 
243 -4.9 -4.9 -0.1 -4.9 -4.9 -0.1 0 0 0 
244 -3.30747 -4.20025 -0.1 -3.30747 -4.20025 -0.1 -59.1103 -71.1128 0 
245 -4.9 -4.9 0.1 -4.9 -4.9 0.1 0 0 0 
246 -4.9 -4.9 -0.1 -4.9 -4.9 -0.1 0 0 0 
247 4.9 -4.9 -0.1 4.9 -4.9 -0.1 0 0 0 
248 -4.9 -4.9 0.1 -4.9 -4.9 0.1 0 0 0 
249 -4.9 -4.9 -0.1 -4.9 -4.9 -0.1 0 0 0 
250 -4.9 -4.9 0.1 -4.9 -4.9 0.1 0 0 0 
251 -4.9 -4.9 -0.1 -4.9 -4.9 -0.1 0 0 0 
252 4.9 4.9 -0.1 4.9 4.9 -0.1 0 0 0 
253 -4.9 4.9 0.1 -4.9 4.9 0.1 0 2940 0 
254 4.9 -4.9 -0.1 4.9 -4.9 -0.1 0 0 0 
255 -4.9 -4.9 -0.1 -4.9 -4.9 -0.1 0 0 0 
256 4.9 -4.9 -0.1 4.9 -4.9 -0.1 0 0 0 
257 -4.9 -4.9 0.1 -4.9 -4.9 0.1 0 0 0 
258 4.9 -4.9 0.1 4.9 -4.9 0.1 0 0 0 
259 -4.9 -4.9 0.1 -4.9 -4.9 0.1 0 0 0 
260 -4.9 -4.9 -0.1 -4.9 -4.9 -0.1 0 0 0 
261 -4.9 -4.9 0.1 -4.9 -4.9 0.1 0 0 0 
262 -4.9 -4.9 -0.1 -4.9 -4.9 -0.1 0 0 0 
263 -4.9 -4.9 -0.1 -4.9 -4.9 -0.1 0 0 0 
264 -4.9 -4.9 -0.1 -4.9 -4.9 -0.1 0 0 0 
265 -4.9 -4.9 0.1 -4.9 -4.9 0.1 0 0 0 
266 4.9 -4.9 0.1 4.9 -4.9 0.1 0 0 0 
267 4.9 -4.9 0.1 4.9 -4.9 0.1 0 0 0 
268 -4.9 -4.9 0.1 -4.9 -4.9 0.1 0 0 0 
269 -4.9 -4.9 -0.1 -4.9 -4.9 -0.1 0 0 0 
270 4.9 -4.9 -0.1 4.9 -4.9 -0.1 0 0 0 
271 -4.9 4.9 0.1 -4.9 4.9 0.1 0 0 0 
272 4.9 -4.9 -0.1 4.9 -4.9 -0.1 0 0 0 
273 4.9 -4.9 -0.1 4.9 -4.9 -0.1 0 0 0 
274 4.9 -4.9 -0.1 4.9 -4.9 -0.1 0 0 0 
275 4.9 -4.9 -0.1 4.9 -4.9 -0.1 0 0 0 
276 4.9 -4.9 0.1 4.9 -4.9 0.1 0 0 0 
277 4.9 -4.9 0.1 4.9 -4.9 0.1 0 0 0 
278 4.9 -4.9 0.1 4.9 -4.9 0.1 0 0 0 
279 -4.9 -4.9 -0.1 -4.9 -4.9 -0.1 0 0 0 
280 -4.9 -4.9 -0.1 -4.9 -4.9 -0.1 0 0 0 
281 -4.9 -4.9 -0.1 -4.9 -4.9 -0.1 0 0 0 
282 4.9 -4.9 -0.1 4.9 -4.9 -0.1 0 0 0 
283 -4.9 -4.9 0.1 -4.9 -4.9 0.1 0 0 0 
284 4.9 -4.9 0.1 4.9 -4.9 0.1 0 0 0 
285 4.9 -4.9 -0.1 4.9 -4.9 -0.1 0 0 0 
286 -4.9 -4.9 0.1 -4.9 -4.9 0.1 0 0 0 
287 -4.9 -4.9 0.1 -4.9 -4.9 0.1 0 0 0 
288 -4.9 4.9 -0.1 -4.9 4.9 -0.1 0 0 0 
289 4.9 -4.9 -0.1 4.9 -4.9 -0.1 0 0 0 
290 -3.65316 -4.9 0.1 -3.65316 -4.9 0.1 -64.3709 0 0 
291 -4.9 -4.9 -0.1 -4.9 -4.9 -0.1 0 0 0 
292 4.9 -4.9 -0.1 4.9 -4.9 -0.1 0 0 0 
293 4.9 -4.9 -0.1 4.9 -4.9 -0.1 0 0 0 
294 -4.9 -4.9 -0.1 -4.9 -4.9 -0.1 0 0 0 
295 4.9 4.9 -0.1 4.9 4.9 -0.1 0 0 0 
296 -4.9 4.9 -0.1 -4.9 4.9 -0.1 0 0 0 
297 -4.9 -4.9 0.1 -4.9 -4.9 0.1 0 0 0 
298 4.9 -4.9 -0.1 4.9 -4.9 -0.1 0 0 0 
299 -4.9 -4.9 -0.1 -4.9 -4.9 -0.1 0 0 0 
300 0.694358 0.166116 0.1 0.694358 0.166116 0.1 26.9648 -5.99172 0 
301 -4.9 -4.9 0.1 -4.9 -4.9 0.1 0 0 0 
302 4.9 -4.9 -0.1 4.9 -4.9 -0.1 0 0 0 
303 -4.9 -4.9 0.1 -4.9 -4.9 0.1 0 0 0 
304 4.9 -4.9 -0.1 4.9 -4.9 -0.1 0 0 0 
305 4.9 -4.9 -0.1 4.9 -4.9 -0.1 0 0 0 
306 4.9 -4.9 0.1 4.9 -4.9 0.1 0 0 0 
307 -4.9 -4.9 0.1 -4.9 -4.9 0.1 0 0 0 
308 4.9 -4.9 0.1 4.9 -4.9 0.1 0 0 0 
309 -4.9 -4.9 0.1 -4.9 -4.9 0.1 0 0 0 
310 -4.9 -4.9 -0.1 -4.9 -4.9 -0.1 0 0 0 
311 4.9 -4.9 0.1 4.9 -4.9 0.1 0 0 0 
312 -4.9 -4.9 0.1 -4.9 -4.9 0.1 0 0 0 
313 4.9 -4.9 0.1 4.9 -4.9 0.1 0 0 0 
314 4.9 -4.9 -0.1 4.9 -4.9 -0.1 0 0 0 
315 4.9 -4.9 0.1 4.9 -4.9 0.1 0 0 0 
316 -4.9 -4.9 -0.1 -4.9 -4.9 -0.1 0 0 0 
317 0.512959 0.216373 -0.0478064 0.512959 0.216373 -0.0478064 0 -0.457333 0 
318 -4.9 -4.9 0.1 -4.9 -4.9 0.1 0 0 0 
319 -4.9 3.62374 0.1 -4.9 3.62374 0.1 0 58.1671 0 
320 4.9 -4.9 0.1 4.9 -4.9 0.1 0 0 0 
321 4.9 -4.9 0.1 4.9 -4.9 0.1 0 0 0 
322 -4.9 -4.9 0.1 -4.9 -4.9 0.1 0 0 0 
323 -4.9 -4.9 0.1 -4.9 -4.9 0.1 0 0 0 
324 -4.9 4.8951 -0.1 -4.9 4.8951 -0.1 0 -0.294 0 
325 4.9 4.89281 0.1 4.9 4.89281 0.1 65.5409 -0.359333 0 
326 -4.9 -4.9 -0.1 -4.9 -4.9 -0.1 0 0 0 
327 -4.9 -4.9 0.1 -4.9 -4.9 0.1 0 0 0 
328 4.9 -4.9 -0.1 4.9 -4.9 -0.1 0 0 0 
329 -4.9 -4.9 -0.1 -4.9 -4.9 -0.1 0 0 0 
330 -4.9 4.9 -0.1 -4.9 4.9 -0.1 0 0 0 
331 4.9 4.89935 0.1 4.9 4.89935 0.1 0 -0.098 0 
332 -4.9 4.9 0.1 -4.9 4.9 0.1 0 2940 0 
333 4.9 -4.9 0.1 4.9 -4.9 0.1 0 0 0 
334 -4.9 -4.9 -0.1 -4.9 -4.9 -0.1 0 0 0 
335 4.9 4.9 -0.1 4.9 4.9 -0.1 0 0 0 
336 4.9 -4.9 -0.1 4.9 -4.9 -0.1 0 0 0 
337 -4.9 4.89989 -0.1 -4.9 4.89989 -0.1 0 -0.0326667 0 
338 4.9 -4.9 -0.1 4.9 -4.9 -0.1 0 0 0 
339 4.9 -4.9 0.1 4.9 -4.9 0.1 0 0 0 
340 4.9 -4.9 0.1 4.9 -4.9 0.1 0 0 0 
341 4.9 -1.8103 0.1 4.9 -1.8103 0.1 0 -55.2251 0 
342 -4.9 -4.9 0.1 -4.9 -4.9 0.1 0 0 0 
343 -4.9 -4.9 -0.1 -4.9 -4.9 -0.1 0 0 0 
344 -4.9 -4.9 0.1 -4.9 -4.9 0.1 0 0 0 
345 4.9 -4.9 -0.1 4.9 -4.9 -0.1 0 0 0 
346 4.9 -4.9 0.1 4.9 -4.9 0.1 0 0 0 
347 -2.7141 4.89608 0.1 -2.7141 4.89608 0.1 -40.7981 -0.261333 0 
348 -4.9 -4.9 -0.1 -4.9 -4.9 -0.1 0 0 0 
349 -4.9 -4.9 -0.1 -4.9 -4.9 -0.1 0 0 0 
350 -4.9 -4.9 0.1 -4.9 -4.9 0.1 0 -88.1553 0 
351 4.9 -4.9 -0.1 4.9 -4.9 -0.1 0 0 0 
352 -4.9 -4.9 -0.1 -4.9 -4.9 -0.1 0 0 0 
353 -3.79286 -4.87813 -0.1 -3.79286 -4.87813 -0.1 -63.9106 -98.7732 0 
354 4.9 -4.9 0.1 4.9 -4.9 0.1 0 0 0 
355 4.9 -4.9 0.1 4.9 -4.9 0.1 0 0 0 
356 4.9 -4.9 0.1 4.9 -4.9 0.1 0 0 0 
357 -4.9 -4.9 0.1 -4.9 -4.9 0.1 0 0 0 
358 4.9 -4.9 0.1 4.9 -4.9 0.1 0 0 0 
359 -4.9 -4.9 0.1 -4.9 -4.9 0.1 0 0 0 
360 -4.9 -4.9 -0.1 -4.9 -4.9 -0.1 0 0 0 
361 -4.9 -4.9 0.1 -4.9 -4.9 0.1 0 0 0 
362 -4.9 -4.9 -0.1 -4.9 -4.9 -0.1 0 0 0 
363 4.9 -4.9 0.1 4.9 -4.9 0.1 0 0 0 
364 -4.9 -4.9 -0.1 -4.9 -4.9 -0.1 0 0 0 
365 4.9 -4.9 0.1 4.9 -4.9 0.1 0 0 0 
366 4.9 -4.9 0.1 4.9 -4.9 0.1 0 0 0 
367 -4.9 -4.9 0.1 -4.9 -4.9 0.1 0 0 0 
368 -4.9 -4.9 -0.1 -4.9 -4.9 -0.1 0 0 0 
369 -4.9 -4.9 0.1 -4.9 -4.9 0.1 0 0 0 
370 -4.9 -4.9 -0.1 -4.9 -4.9 -0.1 0 0 0 
371 -4.9 -4.9 -0.1 -4.9 -4.9 -0.1 0 0 0 
372 -4.9 -4.9 0.1 -4.9 -4.9 0.1 0 0 0 
373 4.9 -4.9 0.1 4.9 -4.9 0.1 0 0 0 
374 -1.68075 4.89695 0.1 -1.68075 4.89695 0.1 -188.296 -0.228667 0 
375 -4.9 -4.9 -0.1 -4.9 -4.9 -0.1 0 0 0 
376 4.9 -4.9 -0.1 4.9 -4.9 -0.1 0 0 0 
377 -3.16153 -3.47696 -0.1 -3.16153 -3.47696 -0.1 -75.9129 -95.7251 0 
378 4.9 -4.9 -0.1 4.9 -4.9 -0.1 0 0 0 
379 4.9 -4.9 0.1 4.9 -4.9 0.1 0 0 0 
380 -4.9 -4.9 0.1 -4.9 -4.9 0.1 0 0 0 
381 -4.9 -4.9 0.1 -4.9 -4.9 0.1 0 0 0 
382 4.9 -4.9 0.1 4.9 -4.9 0.1 0 0 0 
383 2.08701 -4.9 -0.1 2.08701 -4.9 -0.1 -93.7664 0 0 
384 4.9 -4.9 0.1 4.9 -4.9 0.1 0 0 0 
385 -4.9 -4.9 0.1 -4.9 -4.9 0.1 0 0 0 
386 4.9 -4.9 0.1 4.9 -4.9 0.1 0 0 0 
387 4.9 -4.9 0.1 4.9 -4.9 0.1 0 0 0 
388 4.9 -4.9 -0.1 4.9 -4.9 -0.1 0 0 0 
389 1.4683 -2.46023 -0.1 1.4683 -2.46023 -0.1 42.6682 -70.7497 0 
390 1.12493 -0.460857 -0.1 1.12493 -0.460857 -0.1 5.64575 0.0605599 0 
391 4.9 -4.9 0.1 4.9 -4.9 0.1 0 0 0 
392 -4.9 -4.9 0.1 -4.9 -4.9 0.1 0 0 0 
393 -4.9 -4.9 -0.1 -4.9 -4.9 -0.1 0 0 0 
394 4.9 -4.9 -0.1 4.9 -4.9 -0.1 0 0 0 
395 -4.9 -2.27918 0.1 -4.9 -2.27918 0.1 0 -215.522 0 
396 4.9 -4.9 -0.1 4.9 -4.9 -0.1 0 0 0 
397 4.9 -3.89572 -0.1 4.9 -3.89572 -0.1 70.6908 -66.2175 0 
398 -4.9 2.12672 -0.1 -4.9 2.12672 -0.1 0 41.2406 0 
399 -4.9 -4.9 0.1 -4.9 -4.9 0.1 0 0 0 
400 -4.9 -4.9 0.1 -4.9 -4.9 0.1 0 0 0 
401 4.9 -4.9 0.1 4.9 -4.9 0.1 0 0 0 
402 -4.9 -4.9 -0.1 -4.9 -4.9 -0.1 0 0 0 
403 -4.9 -4.9 -0.1 -4.9 -4.9 -0.1 0 0 0 
404 4.9 -4.9 -0.1 4.9 -4.9 -0.1 0 0 0 
405 -4.9 -4.9 0.1 -4.9 -4.9 0.1 0 0 0 
406 -4.9 -4.9 0.1 -4.9 -4.9 0.1 0 0 0 
407 -4.9 -4.9 -0.1 -4.9 -4.9 -0.1 0 0 0 
408 -4.9 -4.9 0.1 -4.9 -4.9 0.1 0 0 0 
409 4.9 -4.9 -0.1 4.9 -4.9 -0.1 0 0 0 
410 4.9 -4.9 0.1 4.9 -4.9 0.1 0 0 0 
411 4.9 -4.9 0.1 4.9 -4.9 0.1 0 0 0 
412 -4.9 -4.9 -0.1 -4.9 -4.9 -0.1 0 0 0 
413 -4.9 -4.9 0.1 -4.9 -4.9 0.1 0 0 0 
414 -3.57886 4.89281 -0.1 -3.57886 4.89281 -0.1 33.0285 -0.359333 0 
415 -4.9 -4.9 -0.1 -4.9 -4.9 -0.1 0 0 0 
416 4.9 -4.9 0.1 4.9 -4.9 0.1 0 0 0 
417 -4.9 -4.9 0.1 -4.9 -4.9 0.1 0 0 0 
418 4.9 -4.9 -0.1 4.9 -4.9 -0.1 0 0 0 
419 -4.9 -4.9 0.1 -4.9 -4.9 0.1 0 0 0 
420 -4.9 -4.9 0.1 -4.9 -4.9 0.1 0 0 0 
421 -4.9 -4.9 -0.1 -4.9 -4.9 -0.1 0 0 0 
422 4.9 -4.9 -0.1 4.9 -4.9 -0.1 0 0 0 
423 -4.9 -4.9 0.1 -4.9 -4.9 0.1 0 0 0 
424 4.9 4.9 -0.1 4.9 4.9 -0.1 0 0 0 
425 4.9 -4.9 0.1 4.9 -4.9 0.1 0 0 0 
426 4.9 -4.9 -0.1 4.9 -4.9 -0.1 0 0 0 
427 -4.9 -4.9 0.1 -4.9 -4.9 0.1 0 0 0 
428 4.9 -4.9 0.1 4.9 -4.9 0.1 0 0 0 
429 -4.9 -4.9 -0.1 -4.9 -4.9 -0.1 0 0 0 
430 4.9 -4.9 0.1 4.9 -4.9 0.1 0 0 0 
431 4.9 -4.9 0.1 4.9 -4.9 0.1 0 0 0 
432 4.9 -4.9 -0.1 4.9 -4.9 -0.1 0 0 0 
433 -4.9 -4.9 0.1 -4.9 -4.9 0.1 0 0 0 
434 4.9 -4.9 -0.1 4.9 -4.9 -0.1 0 0 0 
435 4.9 -4.9 -0.1 4.9 -4.9 -0.1 0 0 0 
436 4.9 -4.9 0.1 4.9 -4.9 0.1 0 0 0 
437 4.9 -4.9 -0.1 4.9 -4.9 -0.1 0 0 0 
438 -4.9 -4.9 0.1 -4.9 -4.9 0.1 0 0 0 
439 -4.9 -4.9 0.1 -4.9 -4.9 0.1 0 0 0 
440 -4.9 -4.9 -0.1 -4.9 -4.9 -0.1 0 0 0 
441 4.9 -4.9 0.1 4.9 -4.9 0.1 0 0 0 
442 4.9 -4.9 0.1 4.9 -4.9 0.1 0 0 0 
443 4.9 -4.9 -0.1 4.9 -4.9 -0.1 0 0 0 
444 -4.9 -4.9 0.1 -4.9 -4.9 0.1 0 0 0 
445 4.9 -4.9 0.1 4.9 -4.9 0.1 0 0 0 
446 -4.9 -4.9 -0.1 -4.9 -4.9 -0.1 0 0 0 
447 -4.9 -4.9 -0.1 -4.9 -4.9 -0.1 0 0 0 
448 -4.9 -4.9 -0.1 -4.9 -4.9 -0.1 0 0 0 
449 -4.9 -4.9 -0.1 -4.9 -4.9 -0.1 0 0 0 
450 -4.9 -4.9 -0.1 -4.9 -4.9 -0.1 0 0 0 
451 -4.9 -4.9 0.1 -4.9 -4.9 0.1 0 0 0 
452 -4.9 -4.9 -0.1 -4.9 -4.9 -0.1 0 0 0 
453 4.9 -4.9 0.1 4.9 -4.9 0.1 0 0 0 
454 -4.9 -4.9 -0.1 -4.9 -4.9 -0.1 0 0 0 
455 4.9 -4.9 -0.1 4.9 -4.9 -0.1 0 0 0 
456 4.9 -4.9 -0.1 4.9 -4.9 -0.1 0 0 0 
457 -4.9 -4.9 -0.1 -4.9 -4.9 -0.1 0 0 0 
458 4.9 4.9 -0.1 4.9 4.9 -0.1 0 0 0 
459 -4.9 -4.9 0.1 -4.9 -4.9 0.1 0 0 0 
460 4.9 -4.9 -0.1 4.9 -4.9 -0.1 0 0 0 
461 -4.9 -4.9 0.1 -4.9 -4.9 0.1 0 0 0 
462 -4.9 -4.9 -0.1 -4.9 -4.9 -0.1 0 0 0 
463 4.9 -4.9 0.1 4.9 -4.9 0.1 0 0 0 
464 4.9 -3.30689 -0.1 4.9 -3.30689 -0.1 0 -61.8294 0 
465 -4.9 -4.9 0.1 -4.9 -4.9 0.1 0 0 0 
466 4.9 -4.9 0.1 4.9 -4.9 0.1 0 0 0 
467 0.97796 0.451821 0.0499901 0.97796 0.451821 0.0499901 0 -0.457333 0 
468 -4.9 4.9 -0.1 -4.9 4.9 -0.1 0 0 0 
469 -4.9 -4.9 -0.1 -4.9 -4.9 -0.1 0 0 0 
470 4.9 -4.9 -0.1 4.9 -4.9 -0.1 0 0 0 
471 4.9 -4.9 0.1 4.9 -4.9 0.1 0 0 0 
472 -4.9 -4.9 0.1 -4.9 -4.9 0.1 0 0 0 
473 -4.9 -4.9 -0.1 -4.9 -4.9 -0.1 0 0 0 
474 -4.9 4.9 -0.1 -4.9 4.9 -0.1 0 33.0454 0 
475 -4.9 -4.9 -0.1 -4.9 -4.9 -0.1 0 0 0 
476 4.42956 -1.67396 0.1 4.42956 -1.67396 0.1 79.3972 -15.588 0 
477 4.9 -4.9 0.1 4.9 -4.9 0.1 0 0 0 
478 -4.9 -4.9 -0.1 -4.9 -4.9 -0.1 0 0 0 
479 -4.9 -4.9 -0.1 -4.9 -4.9 -0.1 0 -2940 0 
480 -4.9 -4.9 -0.1 -4.9 -4.9 -0.1 0 0 0 
481 -4.9 -4.9 -0.1 -4.9 -4.9 -0.1 0 0 0 
482 -4.9 -4.9 0.1 -4.9 -4.9 0.1 0 0 0 
483 4.9 -4.9 -0.1 4.9 -4.9 -0.1 0 0 0 
484 4.9 -4.9 0.1 4.9 -4.9 0.1 0 0 0 
485 4.9 -4.9 0.1 4.9 -4.9 0.1 0 0 0 
486 4.9 4.89695 0.1 4.9 4.89695 0.1 0 -0.228667 0 
487 -4.9 -4.9 -0.1 -4.9 -4.9 -0.1 0 0 0 
488 4.9 -4.9 0.1 4.9 -4.9 0.1 0 0 0 
489 4.9 -4.9 0.1 4.9 -4.9 0.1 0 0 0 
490 4.9 -4.9 -0.1 4.9 -4.9 -0.1 0 0 0 
491 -4.9 -4.9 -0.1 -4.9 -4.9 -0.1 0 0 0 
492 -4.9 -4.9 0.1 -4.9 -4.9 0.1 0 0 0 
493 -4.9 -4.9 -0.1 -4.9 -4.9 -0.1 0 0 0 
494 -4.9 -4.9 -0.1 -4.9 -4.9 -0.1 0 0 0 
495 4.9 -4.9 -0.1 4.9 -4.9 -0.1 0 0 0 
496 4.9 -4.9 0.1 4.9 -4.9 0.1 0 0 0 
497 -4.9 -4.9 0.1 -4.9 -4.9 0.1 0 0 0 
498 -4.9 -4.9 0.1 -4.9 -4.9 0.1 0 0 0 
499 -4.9 -4.9 0.1 -4.9 -4.9 0.1 0 0 0 
500 -4.9 -4.9 0.1 -4.9 -4.9 0.1 0 0 0 
501 4.9 -4.9 0.1 4.9 -4.9 0.1 0 0 0 
502 4.9 -4.9 0.1 4.9 -4.9 0.1 0 0 0 
503 -4.9 -4.9 0.1 -4.9 -4.9 0.1 0 0 0 
504 -4.9 -4.9 0.1 -4.9 -4.9 0.1 0 0 0 
505 4.9 -4.9 -0.1 4.9 -4.9 -0.1 0 0 0 
506 -4.9 -4.9 -0.1 -4.9 -4.9 -0.1 0 0 0 
507 -4.9 -4.9 -0.1 -4.9 -4.9 -0.1 0 0 0 
508 4.9 -4.9 -0.1 4.9 -4.9 -0.1 0 0 0 
509 4.9 -4.9 0.1 4.9 -4.9 0.1 0 0 0 
510 4.9 -4.9 0.1 4.9 -4.9 0.1 0 0 0 
511 4.9 -4.9 -0.1 4.9 -4.9 -0.1 0 0 0 
512 4.9 -4.9 0.1 4.9 -4.9 0.1 0 0 0 
513 -4.9 -4.9 -0.1 -4.9 -4.9 -0.1 0 0 0 
514 4.9 -4.9 -0.1 4.9 -4.9 -0.1 0 0 0 
515 -0.0432904 -0.00638997 -0.0800685 -0.0432904 -0.00638997 -0.0800685 -8.18945 -17.2496 -0.88134 
516 4.9 -4.9 0.1 4.9 -4.9 0.1 0 0 0 
517 4.9 -4.9 0.1 4.9 -4.9 0.1 0 0 0 
518 4.9 -4.9 -0.1 4.9 -4.9 -0.1 0 0 0 
519 -4.9 -4.9 -0.1 -4.9 -4.9 -0.1 0 0 0 
520 -4.9 -4.9 0.1 -4.9 -4.9 0.1 0 0 0 
521 4.9 4.9 -0.1 4.9 4.9 -0.1 0 0 0 
522 4.9 -4.9 0.1 4.9 -4.9 0.1 0 0 0 
523 4.9 -4.9 -0.1 4.9 -4.9 -0.1 0 0 0 
524 -4.9 -4.9 -0.1 -4.9 -4.9 -0.1 0 0 0 
525 1.34456 -1.77525 0.1 1.34456 -1.77525 0.1 12.0796 -51.1191 0 
526 4.9 -4.9 -0.1 4.9 -4.9 -0.1 0 0 0 
527 -4.9 -4.9 -0.1 -4.9 -4.9 -0.1 0 0 0 
528 4.9 -4.9 0.1 4.9 -4.9 0.1 0 0 0 
529 4.9 -4.9 0.1 4.9 -4.9 0.1 0 0 0 
530 0.54963 0.939011 0.1 0.54963 0.939011 0.1 21.9957 2.89124 0 
531 4.9 -4.9 0.1 4.9 -4.9 0.1 0 0 0 
532 -4.9 -4.9 0.1 -4.9 -4.9 0.1 0 0 0 
533 -4.9 -4.9 0.1 -4.9 -4.9 0.1 0 0 0 
534 4.9 -4.9 0.1 4.9 -4.9 0.1 0 0 0 
535 -4.9 -4.9 0.1 -4.9 -4.9 0.1 0 0 0 
536 4.9 -4.9 -0.1 4.9 -4.9 -0.1 0 0 0 
537 4.9 -4.9 -0.1 4.9 -4.9 -0.1 0 0 0 
538 4.9 -4.9 0.1 4.9 -4.9 0.1 0 0 0 
539 -4.9 -4.9 0.1 -4.9 -4.9 0.1 0 0 0 
540 4.9 -4.9 0.1 4.9 -4.9 0.1 0 0 0 
541 4.9 -4.9 -0.1 4.9 -4.9 -0.1 0 0 0 
542 4.9 -4.47213 0.1 4.9 -4.47213 0.1 0 -96.5179 0 
543 -4.9 -4.9 0.1 -4.9 -4.9 0.1 0 0 0 
544 -4.9 -4.9 0.1 -4.9 -4.9 0.1 0 0 0 
545 -4.9 -4.9 -0.1 -4.9 -4.9 -0.1 0 0 0 
546 4.9 -4.9 -0.1 4.9 -4.9 -0.1 0 0 0 
547 -4.9 -4.9 0.1 -4.9 -4.9 0.1 0 0 0 
548 4.9 -4.9 0.1 4.9 -4.9 0.1 0 0 0 
549 4.9 -4.9 0.1 4.9 -4.9 0.1 0 0 0 
550 -4.9 4.9 -0.1 -4.9 4.9 -0.1 0 0 0 
551 4.9 -4.9 0.1 4.9 -4.9 0.1 0 0 0 
552 -4.9 -4.9 0.1 -4.9 -4.9 0.1 0 0 0 
553 4.9 -4.9 0.1 4.9 -4.9 0.1 0 0 0 
554 -4.9 4.9 0.1 -4.9 4.9 0.1 0 2940 0 
555 4.9 -4.9 -0.1 4.9 -4.9 -0.1 0 0 0 
556 4.9 -4.9 -0.1 4.9 -4.9 -0.1 0 0 0 
557 -1.69003 -4.9 0.1 -1.69003 -4.9 0.1 -50.8771 0 0 
558 -4.9 -4.9 -0.1 -4.9 -4.9 -0.1 0 0 0 
559 -4.9 -4.9 0.1 -4.9 -4.9 0.1 0 0 0 
560 4.9 -4.9 0.1 4.9 -4.9 0.1 0 0 0 
561 1.01481 4.89608 -0.1 1.01481 4.89608 -0.1 6.10948 -0.261333 0 
562 -4.9 -4.9 0.1 -4.9 -4.9 0.1 0 0 0 
563 4.9 -4.9 0.1 4.9 -4.9 0.1 0 0 0 
564 4.9 -4.9 0.1 4.9 -4.9 0.1 0 0 0 
565 4.9 -4.9 0.1 4.9 -4.9 0.1 0 0 0 
566 -4.9 -4.9 0.1 -4.9 -4.9 0.1 0 0 0 
567 -4.9 -4.9 -0.1 -4.9 -4.9 -0.1 0 0 0 
568 4.9 1.77635 -0.1 4.9 1.77635 -0.1 0 -104.241 0 
569 4.9 -4.9 0.1 4.9 -4.9 0.1 0 0 0 
570 4.9 -4.9 0.1 4.9 -4.9 0.1 0 0 0 
571 4.9 -4.9 0.1 4.9 -4.9 0.1 0 0 0 
572 -4.9 -4.9 0.1 -4.9 -4.9 0.1 0 0 0 
573 -4.9 -4.9 0.1 -4.9 -4.9 0.1 0 0 0 
574 -4.9 -4.9 0.1 -4.9 -4.9 0.1 0 0 0 
575 -4.9 -4.9 -0.1 -4.9 -4.9 -0.1 0 0 0 
576 -4.9 4.89837 -0.1 -4.9 4.89837 -0.1 0 -0.163333 0 
577 -4.9 -4.9 0.1 -4.9 -4.9 0.1 0 0 0 
578 4.9 -4.9 0.1 4.9 -4.9 0.1 0 0 0 
579 4.9 -4.9 -0.1 4.9 -4.9 -0.1 0 0 0 
580 4.9 -4.9 -0.1 4.9 -4.9 -0.1 0 0 0 
581 4.9 -4.9 0.1 4.9 -4.9 0.1 0 0 0 
582 4.9 -4.9 -0.1 4.9 -4.9 -0.1 0 0 0 
583 4.9 -4.9 0.1 4.9 -4.9 0.1 0 0 0 
584 -4.9 -4.9 -0.1 -4.9 -4.9 -0.1 0 0 0 
585 -4.9 -4.9 -0.1 -4.9 -4.9 -0.1 0 0 0 
586 -4.9 -4.9 -0.1 -4.9 -4.9 -0.1 0 0 0 
587 4.9 -4.9 -0.1 4.9 -4.9 -0.1 0 0 0 
588 -4.9 -4.9 0.1 -4.9 -4.9 0.1 0 0 0 
589 4.9 -4.9 -0.1 4.9 -4.9 -0.1 0 0 0 
590 -4.9 -4.9 -0.1 -4.9 -4.9 -0.1 0 0 0 
591 -4.9 -4.9 0.1 -4.9 -4.9 0.1 0 0 0 
592 -4.9 -4.9 -0.1 -4.9 -4.9 -0.1 0 0 0 
593 -4.9 -4.9 -0.1 -4.9 -4.9 -0.1 0 -2940 0 
594 -4.9 -4.9 0.1 -4.9 -4.9 0.1 0 0 0 
595 -4.9 -4.9 -0.1 -4.9 -4.9 -0.1 0 0 0 
596 -4.9 -4.9 0.1 -4.9 -4.9 0.1 0 0 0 
597 -4.9 -4.9 -0.1 -4.9 -4.9 -0.1 0 0 0 
598 4.9 -4.9 0.1 4.9 -4.9 0.1 0 0 0 
599 -4.9 -4.9 -0.1 -4.9 -4.9 -0.1 0 0 0 
600 4.9 -4.9 0.1 4.9 -4.9 0.1 0 0 0 
601 -4.9 -4.9 -0.1 -4.9 -4.9 -0.1 0 0 0 
602 4.9 -4.9 0.1 4.9 -4.9 0.1 0 0 0 
603 4.9 -4.9 -0.1 4.9 -4.9 -0.1 0 0 0 
604 -4.9 -4.9 -0.1 -4.9 -4.9 -0.1 0 0 0 
605 4.9 -4.9 -0.1 4.9 -4.9 -0.1 0 0 0 
606 -4.9 -4.9 -0.1 -4.9 -4.9 -0.1 0 0 0 
607 -4.9 -4.9 -0.1 -4.9 -4.9 -0.1 0 0 0 
608 -4.9 4.9 -0.1 -4.9 4.9 -0.1 0 0 0 
609 4.9 -4.9 0.1 4.9 -4.9 0.1 0 0 0 
610 4.9 -4.9 0.1 4.9 -4.9 0.1 0 0 0 
611 4.9 -4.9 -0.1 4.9 -4.9 -0.1 0 0 0 
612 4.9 -4.9 -0.1 4.9 -4.9 -0.1 0 0 0 
613 4.9 4.8951 -0.1 4.9 4.8951 -0.1 0 -0.294 0 
614 -4.9 -4.9 -0.1 -4.9 -4.9 -0.1 0 0 0 
615 4.9 -4.9 -0.1 4.9 -4.9 -0.1 0 0 0 
616 -4.9 -4.9 -0.1 -4.9 -4.9 -0.1 0 0 0 
617 -4.9 -4.9 0.1 -4.9 -4.9 0.1 0 0 0 
618 4.9 -4.9 0.1 4.9 -4.9 0.1 0 0 0 
619 -4.9 -4.9 0.1 -4.9 -4.9 0.1 0 0 0 
620 -4.9 -4.9 -0.1 -4.9 -4.9 -0.1 0 0 0 
621 4.9 -4.9 -0.1 4.9 -4.9 -0.1 0 0 0 
622 0.267268 0.806382 0.0425609 0.267268 0.806382 0.0425609 0 -0.457333 0 
623 -4.9 -4.9 -0.1 -4.9 -4.9 -0.1 0 0 0 
624 4.9 -4.9 0.1 4.9 -4.9 0.1 0 0 0 
625 -4.9 -4.9 0.1 -4.9 -4.9 0.1 0 0 0 
626 0.0278901 2.22605 0.0542043 0.0278901 2.22605 0.0542043 -7.55141 28.7691 1.90045 
627 -4.9 -4.9 -0.1 -4.9 -4.9 -0.1 0 0 0 
628 -4.9 -4.9 0.1 -4.9 -4.9 0.1 0 0 0 
629 4.9 -4.9 -0.1 4.9 -4.9 -0.1 0 0 0 
630 4.9 -4.9 0.1 4.9 -4.9 0.1 0 0 0 
631 4.9 -4.9 -0.1 4.9 -4.9 -0.1 0 0 0 
632 -4.9 -4.9 -0.1 -4.9 -4.9 -0.1 0 0 0 
633 -4.9 -4.9 0.1 -4.9 -4.9 0.1 0 0 0 
634 4.9 -4.9 -0.1 4.9 -4.9 -0.1 0 0 0 
635 -4.9 -2.27918 0.1 -4.9 -2.27918 0.1 0 -215.522 0 
636 0.618703 1.21153 -0.1 0.618703 1.21153 -0.1 0.861584 6.56771 0 
637 -4.9 -4.9 0.1 -4.9 -4.9 0.1 0 0 0 
638 -4.9 -4.9 0.1 -4.9 -4.9 0.1 0 0 0 
639 4.9 -4.9 0.1 4.9 -4.9 0.1 0 0 0 
640 4.9 -4.9 -0.1 4.9 -4.9 -0.1 0 0 0 
641 4.9 -4.9 0.1 4.9 -4.9 0.1 0 0 0 
642 4.9 -4.9 -0.1 4.9 -4.9 -0.1 0 0 0 
643 4.9 -4.9 -0.1 4.9 -4.9 -0.1 0 0 0 
644 4.9 -4.9 -0.1 4.9 -4.9 -0.1 0 0 0 
645 4.9 -4.9 -0.1 4.9 -4.9 -0.1 0 0 0 
646 -4.9 -4.9 0.1 -4.9 -4.9 0.1 0 0 0 
647 -4.9 4.8951 -0.1 -4.9 4.8951 -0.1 0 -0.294 0 
648 -4.9 -4.9 -0.1 -4.9 -4.9 -0.1 0 0 0 
649 4.9 -4.9 0.1 4.9 -4.9 0.1 0 0 0 
650 -4.9 -4.9 -0.1 -4.9 -4.9 -0.1 0 0 0 
651 -4.9 -4.9 0.1 -4.9 -4.9 0.1 0 0 0 
652 -4.9 -4.9 0.1 -4.9 -4.9 0.1 0 0 0 
653 -4.9 -4.9 -0.1 -4.9 -4.9 -0.1 0 0 0 
654 -4.9 4.8951 -0.1 -4.9 4.8951 -0.1 0 -0.294 0 
655 -4.9 -4.9 -0.1 -4.9 -4.9 -0.1 0 0 0 
656 4.9 -4.9 -0.1 4.9 -4.9 -0.1 0 0 0 
657 4.9 -4.9 0.1 4.9 -4.9 0.1 0 0 0 
658 4.9 -4.9 0.1 4.9 -4.9 0.1 0 0 0 
659 -4.45438 -3.39224 0.1 -4.45438 -3.39224 0.1 -109.302 -51.626 0 
660 -4.9 4.9 0.1 -4.9 4.9 0.1 0 0 0 
661 4.9 -4.9 0.1 4.9 -4.9 0.1 0 0 0 
662 4.9 -4.9 -0.1 4.9 -4.9 -0.1 0 0 0 
663 -4.9 -4.9 0.1 -4.9 -4.9 0.1 0 0 0 
664 4.9 -4.9 0.1 4.9 -4.9 0.1 0 0 0 
665 4.9 -4.9 -0.1 4.9 -4.9 -0.1 0 0 0 
666 4.9 -4.9 0.1 4.9 -4.9 0.1 0 0 0 
667 -4.9 -4.9 -0.1 -4.9 -4.9 -0.1 0 0 0 
668 4.9 -4.9 -0.1 4.9 -4.9 -0.1 0 0 0 
669 -4.9 -4.9 -0.1 -4.9 -4.9 -0.1 0 0 0 
670 -4.9 -4.9 -0.1 -4.9 -4.9 -0.1 0 0 0 
671 -4.9 -4.9 -0.1 -4.9 -4.9 -0.1 0 0 0 
672 4.9 4.9 -0.1 4.9 4.9 -0.1 0 0 0 
673 -4.9 -4.9 -0.1 -4.9 -4.9 -0.1 0 0 0 
674 -4.9 4.9 0.1 -4.9 4.9 0.1 0 2940 0 
675 4.9 -4.9 -0.1 4.9 -4.9 -0.1 0 0 0 
676 -4.9 -4.9 -0.1 -4.9 -4.9 -0.1 0 0 0 
677 -4.9 -4.9 -0.1 -4.9 -4.9 -0.1 0 0 0 
678 -4.9 -4.9 -0.1 -4.9 -4.9 -0.1 0 0 0 
679 4.9 -4.9 -0.1 4.9 -4.9 -0.1 0 0 0 
680 4.9 -4.9 0.1 4.9 -4.9 0.1 0 0 0 
681 4.9 4.9 0.1 4.9 4.9 0.1 0 0 0 
682 -4.9 -4.9 0.1 -4.9 -4.9 0.1 0 0 0 
683 -4.9 -4.9 0.1 -4.9 -4.9 0.1 0 0 0 
684 -4.9 -4.9 -0.1 -4.9 -4.9 -0.1 0 0 0 
685 -4.9 -4.9 0.1 -4.9 -4.9 0.1 0 0 0 
686 -4.9 -4.9 -0.1 -4.9 -4.9 -0.1 0 0 0 
687 4.9 -4.9 0.1 4.9 -4.9 0.1 0 0 0 
688 -4.9 -4.9 -0.1 -4.9 -4.9 -0.1 0 0 0 
689 4.9 -4.9 0.1 4.9 -4.9 0.1 0 0 0 
690 -4.9 -4.9 0.1 -4.9 -4.9 0.1 0 0 0 
691 4.9 -4.9 0.1 4.9 -4.9 0.1 0 0 0 
692 -4.9 4.9 0.1 -4.9 4.9 0.1 0 0 0 
693 -4.9 -4.9 0.1 -4.9 -4.9 0.1 0 0 0 
694 4.9 -4.9 0.1 4.9 -4.9 0.1 0 0 0 
695 4.9 4.9 -0.1 4.9 4.9 -0.1 0 0 0 
696 4.9 -4.9 -0.1 4.9 -4.9 -0.1 0 0 0 
697 4.9 -4.9 0.1 4.9 -4.9 0.1 0 0 0 
698 -4.9 -4.9 0.1 -4.9 -4.9 0.1 0 0 0 
699 -4.9 -4.9 -0.1 -4.9 -4.9 -0.1 0 0 0 
700 4.9 -4.9 -0.1 4.9 -4.9 -0.1 0 0 0 
701 -4.9 -4.9 -0.1 -4.9 -4.9 -0.1 0 0 0 
702 -4.9 -4.9 0.1 -4.9 -4.9 0.1 0 0 0 
703 4.9 -4.9 0.1 4.9 -4.9 0.1 0 0 0 
704 4.9 -4.9 0.1 4.9 -4.9 0.1 0 0 0 
705 4.9 -4.9 0.1 4.9 -4.9 0.1 0 0 0 
706 4.9 -4.9 0.1 4.9 -4.9 0.1 0 0 0 
707 -4.9 -4.9 -0.1 -4.9 -4.9 -0.1 0 0 0 
708 -4.9 -4.9 0.1 -4.9 -4.9 0.1 0 0 0 
709 4.9 -4.9 0.1 4.9 -4.9 0.1 0 0 0 
710 4.9 -4.9 0.1 4.9 -4.9 0.1 0 0 0 
711 4.9 -4.9 -0.1 4.9 -4.9 -0.1 0 0 0 
712 4.9 4.9 0.1 4.9 4.9 0.1 0 0 0 
713 4.9 -4.9 0.1 4.9 -4.9 0.1 0 0 0 
714 -4.9 -4.9 0.1 -4.9 -4.9 0.1 0 0 0 
715 4.9 -4.9 -0.1 4.9 -4.9 -0.1 0 0 0 
716 -4.9 -4.9 -0.1 -4.9 -4.9 -0.1 0 0 0 
717 -4.9 -4.9 -0.1 -4.9 -4.9 -0.1 0 0 0 
718 4.9 -4.9 0.1 4.9 -4.9 0.1 0 0 0 
719 -4.9 -4.9 0.1 -4.9 -4.9 0.1 0 0 0 
720 4.9 -4.9 0.1 4.9 -4.9 0.1 0 0 0 
721 4.9 -4.9 -0.1 4.9 -4.9 -0.1 0 0 0 
722 4.9 -4.9 0.1 4.9 -4.9 0.1 0 0 0 
723 4.9 -4.9 0.1 4.9 -4.9 0.1 0 0 0 
724 4.9 4.9 -0.1 4.9 4.9 -0.1 0 0 0 
725 -4.9 -4.9 0.1 -4.9 -4.9 0.1 0 0 0 
726 -4.9 -4.9 -0.1 -4.9 -4.9 -0.1 0 0 0 
727 2.35617 -3.71293 -0.1 2.35617 -3.71293 -0.1 8.66818 -4.62108 0 
728 -4.9 -4.9 0.1 -4.9 -4.9 0.1 0 0 0 
729 -4.9 -4.9 -0.1 -4.9 -4.9 -0.1 0 0 0 
730 -4.9 -4.9 0.1 -4.9 -4.9 0.1 0 0 0 
731 -4.9 4.9 0.1 -4.9 4.9 0.1 0 0 0 
732 -4.9 -4.9 -0.1 -4.9 -4.9 -0.1 0 0 0 
733 -4.9 -4.9 0.1 -4.9 -4.9 0.1 0 0 0 
734 4.9 4.9 0.1 4.9 4.9 0.1 0 0 0 
735 4.9 -4.9 -0.1 4.9 -4.9 -0.1 0 0 0 
736 -4.9 -4.9 0.1 -4.9 -4.9 0.1 0 0 0 
737 4.9 -4.9 0.1 4.9 -4.9 0.1 0 0 0 
738 4.9 -4.9 -0.1 4.9 -4.9 -0.1 0 0 0 
739 4.9 -4.9 -0.1 4.9 -4.9 -0.1 0 0 0 
740 -4.9 -4.9 0.1 -4.9 -4.9 0.1 0 0 0 
741 -4.9 -4.9 0.1 -4.9 -4.9 0.1 0 0 0 
742 4.9 -4.9 0.1 4.9 -4.9 0.1 0 0 0 
743 -4.9 -4.9 0.1 -4.9 -4.9 0.1 0 0 0 
744 -4.9 -4.9 0.1 -4.9 -4.9 0.1 0 0 0 
745 4.9 -4.9 0.1 4.9 -4.9 0.1 0 0 0 
746 -0.760462 4.89151 -0.1 -0.760462 4.89151 -0.1 -30.316 -0.392 0 
747 4.9 -4.9 0.1 4.9 -4.9 0.1 0 0 0 
748 4.9 -4.9 0.1 4.9 -4.9 0.1 0 0 0 
749 4.9 4.9 -0.1 4.9 4.9 -0.1 0 0 0 
750 -4.47546 4.89935 0.1 -4.47546 4.89935 0.1 -104.232 -0.098 0 
751 4.9 -4.9 0.1 4.9 -4.9 0.1 0 0 0 
752 -1.0641 1.05031 0.1 -1.0641 1.05031 0.1 -10.752 4.44137 0 
753 -4.9 -4.9 -0.1 -4.9 -4.9 -0.1 0 0 0 
754 -4.9 -4.9 0.1 -4.9 -4.9 0.1 0 0 0 
755 -4.9 -4.9 0.1 -4.9 -4.9 0.1 0 0 0 
756 4.9 -4.9 -0.1 4.9 -4.9 -0.1 0 0 0 
757 4.9 -4.9 0.1 4.9 -4.9 0.1 0 0 0 
758 4.9 -4.9 -0.1 4.9 -4.9 -0.1 0 0 0 
759 4.9 -4.9 -0.1 4.9 -4.9 -0.1 0 0 0 
760 4.9 -4.9 -0.1 4.9 -4.9 -0.1 0 0 0 
761 4.9 -4.9 -0.1 4.9 -4.9 -0.1 0 0 0 
762 -4.9 4.9 0.1 -4.9 4.9 0.1 0 0 0 
763 4.9 -4.9 -0.1 4.9 -4.9 -0.1 0 0 0 
764 -4.9 -4.9 -0.1 -4.9 -4.9 -0.1 0 0 0 
765 -4.9 4.8951 -0.1 -4.9 4.8951 -0.1 0 -0.294 0 
766 4.9 4.9 -0.1 4.9 4.9 -0.1 0 0 0 
767 -4.9 4.9 -0.1 -4.9 4.9 -0.1 0 0 0 
768 -4.9 -4.9 0.1 -4.9 -4.9 0.1 0 0 0 
769 -4.9 -4.9 0.1 -4.9 -4.9 0.1 0 0 0 
770 -4.9 -4.9 0.1 -4.9 -4.9 0.1 0 0 0 
771 -4.9 -4.9 0.1 -4.9 -4.9 0.1 0 0 0 
772 4.9 -4.9 0.1 4.9 -4.9 0.1 0 0 0 
773 -4.9 -4.9 -0.1 -4.9 -4.9 -0.1 0 0 0 
774 4.9 -4.9 -0.1 4.9 -4.9 -0.1 0 0 0 
775 4.9 4.9 -0.1 4.9 4.9 -0.1 0 2017.63 0 
776 4.9 -4.9 0.1 4.9 -4.9 0.1 0 0 0 
777 -4.9 -4.9 -0.1 -4.9 -4.9 -0.1 0 0 0 
778 -4.9 -4.9 0.1 -4.9 -4.9 0.1 0 0 0 
779 -4.9 4.9 0.1 -4.9 4.9 0.1 0 0 0 
780 4.9 -4.9 0.1 4.9 -4.9 0.1 0 0 0 
781 4.9 -4.9 0.1 4.9 -4.9 0.1 0 0 0 
782 -4.9 -4.9 0.1 -4.9 -4.9 0.1 0 0 0 
783 4.9 -4.9 -0.1 4.9 -4.9 -0.1 0 0 0 
784 -4.9 -4.9 -0.1 -4.9 -4.9 -0.1 0 0 0 
785 4.9 -4.9 -0.1 4.9 -4.9 -0.1 0 0 0 
786 -4.9 -4.9 -0.1 -4.9 -4.9 -0.1 0 0 0 
787 4.9 -4.9 -0.1 4.9 -4.9 -0.1 0 0 0 
788 4.9 -4.9 -0.1 4.9 -4.9 -0.1 0 0 0 
789 4.9 -4.9 0.1 4.9 -4.9 0.1 0 0 0 
790 -4.9 -4.9 -0.1 -4.9 -4.9 -0.1 0 0 0 
791 -4.9 4.9 -0.1 -4.9 4.9 -0.1 0 0 0 
792 4.9 -4.9 0.1 4.9 -4.9 0.1 0 0 0 
793 0.270203 -4.9 -0.1 0.270203 -4.9 -0.1 221.58 0 0 
794 4.9 -4.9 -0.1 4.9 -4.9 -0.1 0 0 0 
795 -4.9 -4.9 0.1 -4.9 -4.9 0.1 0 0 0 
796 4.9 4.9 0.1 4.9 4.9 0.1 0 0 0 
797 -4.9 -4.9 -0.1 -4.9 -4.9 -0.1 0 0 0 
798 -4.9 -4.9 0.1 -4.9 -4.9 0.1 0 0 0 
799 -4.9 -4.9 0.1 -4.9 -4.9 0.1 0 0 0 
800 4.9 -4.9 0.1 4.9 -4.9 0.1 0 0 0 
801 4.9 -4.9 0.1 4.9 -4.9 0.1 0 0 0 
802 -4.9 -4.9 0.1 -4.9 -4.9 0.1 0 0 0 
803 -4.9 -4.9 -0.1 -4.9 -4.9 -0.1 0 0 0 
804 4.9 -4.9 -0.1 4.9 -4.9 -0.1 0 0 0 
805 4.9 -4.9 -0.1 4.9 -4.9 -0.1 0 0 0 
806 4.9 -4.9 0.1 4.9 -4.9 0.1 0 0 0 
807 -4.9 -4.9 -0.1 -4.9 -4.9 -0.1 0 0 0 
808 4.9 -4.9 -0.1 4.9 -4.9 -0.1 0 0 0 
809 -4.9 -4.9 0.1 -4.9 -4.9 0.1 0 0 0 
810 4.9 -4.9 0.1 4.9 -4.9 0.1 0 0 0 
811 -4.9 -4.9 -0.1 -4.9 -4.9 -0.1 0 0 0 
812 4.9 -4.9 -0.1 4.9 -4.9 -0.1 0 0 0 
813 4.9 -4.9 0.1 4.9 -4.9 0.1 0 0 0 
814 -4.9 -4.9 -0.1 -4.9 -4.9 -0.1 0 0 0 
815 4.9 -4.9 -0.1 4.9 -4.9 -0.1 0 0 0 
816 -4.9 -4.9 -0.1 -4.9 -4.9 -0.1 0 0 0 
817 4.9 -4.9 -0.1 4.9 -4.9 -0.1 0 0 0 
818 -4.9 -4.9 -0.1 -4.9 -4.9 -0.1 0 0 0 
819 4.9 -4.9 0.1 4.9 -4.9 0.1 0 0 0 
820 4.9 -4.9 0.1 4.9 -4.9 0.1 0 0 0 
821 4.9 -4.9 0.1 4.9 -4.9 0.1 0 0 0 
822 -4.9 -4.9 -0.1 -4.9 -4.9 -0.1 0 0 0 
823 -4.9 -4.9 -0.1 -4.9 -4.9 -0.1 0 0 0 
824 -4.9 -4.9 -0.1 -4.9 -4.9 -0.1 0 0 0 
825 -4.9 -4.9 -0.1 -4.9 -4.9 -0.1 0 0 0 
826 4.9 -4.9 0.1 4.9 -4.9 0.1 0 0 0 
827 -4.9 -4.9 -0.1 -4.9 -4.9 -0.1 0 0 0 
828 -4.9 -4.9 -0.1 -4.9 -4.9 -0.1 0 0 0 
829 4.9 -4.9 0.1 4.9 -4.9 0.1 0 0 0 
830 4.9 -4.9 -0.1 4.9 -4.9 -0.1 0 0 0 
831 -0.665841 -4.9 0.1 -0.665841 -4.9 0.1 -42.1639 0 0 
832 4.9 -4.9 0.1 4.9 -4.9 0.1 0 0 0 
833 -4.9 -4.9 -0.1 -4.9 -4.9 -0.1 0 0 0 
834 -4.9 -4.9 -0.1 -4.9 -4.9 -0.1 0 0 0 
835 4.9 -4.9 0.1 4.9 -4.9 0.1 0 0 0 
836 -4.9 -4.9 0.1 -4.9 -4.9 0.1 0 0 0 
837 4.9 -4.9 0.1 4.9 -4.9 0.1 0 0 0 
838 -4.9 -4.9 -0.1 -4.9 -4.9 -0.1 0 0 0 
839 4.9 -4.9 0.1 4.9 -4.9 0.1 0 0 0 
840 -4.9 -4.9 -0.1 -4.9 -4.9 -0.1 0 0 0 
841 4.9 -4.9 -0.1 4.9 -4.9 -0.1 0 0 0 
842 -4.9 -4.9 0.1 -4.9 -4.9 0.1 0 0 0 
843 -4.9 -4.9 0.1 -4.9 -4.9 0.1 0 0 0 
844 4.9 -4.9 0.1 4.9 -4.9 0.1 0 0 0 
845 4.9 -4.9 0.1 4.9 -4.9 0.1 0 0 0 
846 4.9 -4.9 0.1 4.9 -4.9 0.1 0 0 0 
847 -4.9 -4.9 0.1 -4.9 -4.9 0.1 0 0 0 
848 -4.9 -4.9 0.1 -4.9 -4.9 0.1 0 0 0 
849 4.9 -4.9 0.1 4.9 -4.9 0.1 0 0 0 
850 3.73132 -1.72263 -0.1 3.73132 -1.72263 -0.1 96.3614 -45.0289 0 
851 -4.9 -4.9 0.1 -4.9 -4.9 0.1 0 0 0 
852 4.9 -4.9 0.1 4.9 -4.9 0.1 0 0 0 
853 -4.9 -4.9 -0.1 -4.9 -4.9 -0.1 0 0 0 
854 4.9 -4.9 0.1 4.9 -4.9 0.1 0 0 0 
855 4.9 -4.9 0.1 4.9 -4.9 0.1 0 0 0 
856 -4.9 -4.9 0.1 -4.9 -4.9 0.1 0 0 0 
857 4.9 -4.9 0.1 4.9 -4.9 0.1 0 0 0 
858 4.9 -4.9 -0.1 4.9 -4.9 -0.1 0 0 0 
859 -4.9 -4.9 0.1 -4.9 -4.9 0.1 0 0 0 
860 4.9 3.08772 -0.1 4.9 3.08772 -0.1 0 -54.5154 0 
861 4.9 -4.9 0.1 4.9 -4.9 0.1 0 0 0 
862 -4.9 -4.9 0.1 -4.9 -4.9 0.1 0 0 0 
863 -4.9 -4.9 -0.1 -4.9 -4.9 -0.1 0 0 0 
864 4.9 -4.9 -0.1 4.9 -4.9 -0.1 0 0 0 
865 4.9 4.9 -0.1 4.9 4.9 -0.1 0 0 0 
866 -4.9 -4.9 -0.1 -4.9 -4.9 -0.1 0 0 0 
867 -4.9 4.8951 0.1 -4.9 4.8951 0.1 0 -0.294 0 
868 -4.9 -4.9 -0.1 -4.9 -4.9 -0.1 -1517.35 0 0 
869 -4.9 -4.9 0.1 -4.9 -4.9 0.1 0 0 0 
870 4.9 -4.9 -0.1 4.9 -4.9 -0.1 0 0 0 
871 -4.9 -4.9 0.1 -4.9 -4.9 0.1 0 0 0 
872 4.9 -4.9 -0.1 4.9 -4.9 -0.1 0 0 0 
873 4.9 -4.9 -0.1 4.9 -4.9 -0.1 0 0 0 
874 -4.9 -4.9 -0.1 -4.9 -4.9 -0.1 0 0 0 
875 4.9 -4.9 0.1 4.9 -4.9 0.1 0 0 0 
876 -4.9 4.9 0.1 -4.9 4.9 0.1 0 0 0 
877 -4.9 -4.9 -0.1 -4.9 -4.9 -0.1 0 0 0 
878 4.9 -4.9 -0.1 4.9 -4.9 -0.1 0 0 0 
879 4.9 -4.9 -0.1 4.9 -4.9 -0.1 0 0 0 
880 4.9 -4.9 -0.1 4.9 -4.9 -0.1 0 0 0 
881 -4.9 -4.9 -0.1 -4.9 -4.9 -0.1 0 0 0 
882 -4.9 -4.9 0.1 -4.9 -4.9 0.1 0 0 0 
883 -4.9 -4.9 0.1 -4.9 -4.9 0.1 0 0 0 
884 -4.9 -4.9 0.1 -4.9 -4.9 0.1 0 0 0 
885 -4.9 -4.9 -0.1 -4.9 -4.9 -0.1 0 0 0 
886 -4.9 -4.9 0.1 -4.9 -4.9 0.1 0 0 0 
887 4.9 -4.9 -0.1 4.9 -4.9 -0.1 0 0 0 
888 4.9 -4.9 -0.1 4.9 -4.9 -0.1 0 0 0 
889 -4.9 -4.9 0.1 -4.9 -4.9 0.1 0 0 0 
890 4.9 4.9 -0.1 4.9 4.9 -0.1 0 0 0 
891 4.9 -4.9 -0.1 4.9 -4.9 -0.1 0 0 0 
892 -4.9 -4.9 -0.1 -4.9 -4.9 -0.1 0 0 0 
893 -4.9 -4.9 0.1 -4.9 -4.9 0.1 0 0 0 
894 4.9 -4.9 0.1 4.9 -4.9 0.1 0 0 0 
895 -4.9 -4.9 0.1 -4.9 -4.9 0.1 0 0 0 
896 4.9 -4.9 0.1 4.9 -4.9 0.1 0 0 0 
897 -4.9 -4.9 -0.1 -4.9 -4.9 -0.1 0 0 0 
898 -4.9 -4.9 0.1 -4.9 -4.9 0.1 0 0 0 
899 -4.9 4.8951 -0.1 -4.9 4.8951 -0.1 0 -0.294 0 
900 -0.397455 4.89695 0.1 -0.397455 4.89695 0.1 -14.7543 -0.228667 0 
901 4.9 -4.9 0.1 4.9 -4.9 0.1 0 0 0 
902 -4.9 4.9 0.1 -4.9 4.9 0.1 0 0 0 
903 4.9 -4.9 0.1 4.9 -4.9 0.1 0 0 0 
904 4.9 -4.9 -0.1 4.9 -4.9 -0.1 0 0 0 
905 4.9 -4.9 -0.1 4.9 -4.9 -0.1 0 0 0 
906 -1.44992 1.80807 0.1 -1.44992 1.80807 0.1 -19.9283 58.3683 0 
907 -4.9 4.8951 -0.1 -4.9 4.8951 -0.1 0 -0.294 0 
908 -4.9 -4.9 -0.1 -4.9 -4.9 -0.1 0 0 0 
909 4.9 -4.9 -0.1 4.9 -4.9 -0.1 0 -874.632 0 
910 4.9 -4.9 -0.1 4.9 -4.9 -0.1 0 0 0 
911 4.9 -4.9 0.1 4.9 -4.9 0.1 0 0 0 
912 0.0671018 -1.83108 -0.1 0.0671018 -1.83108 -0.1 -16.1124 -24.9424 0 
913 -4.9 4.9 -0.1 -4.9 4.9 -0.1 0 0 0 
914 -4.9 -4.9 0.1 -4.9 -4.9 0.1 0 0 0 
915 4.9 -4.9 -0.1 4.9 -4.9 -0.1 0 0 0 
916 4.9 -4.9 -0.1 4.9 -4.9 -0.1 0 0 0 
917 4.9 -4.9 0.1 4.9 -4.9 0.1 0 0 0 
918 4.9 4.9 0.1 4.9 4.9 0.1 0 0 0 
919 -4.9 -4.9 -0.1 -4.9 -4.9 -0.1 0 0 0 
920 -4.9 -4.9 0.1 -4.9 -4.9 0.1 0 0 0 
921 -4.9 -4.9 0.1 -4.9 -4.9 0.1 0 0 0 
922 -4.9 -4.9 0.1 -4.9 -4.9 0.1 0 0 0 
923 -4.9 -0.464761 0.1 -4.9 -0.464761 0.1 0 -161.09 0 
924 4.9 -4.9 0.1 4.9 -4.9 0.1 0 0 0 
925 4.9 -4.9 0.1 4.9 -4.9 0.1 0 0 0 
926 4.9 4.89935 -0.1 4.9 4.89935 -0.1 0 -0.098 0 
927 4.9 -4.9 0.1 4.9 -4.9 0.1 0 0 0 
928 4.9 -4.9 0.1 4.9 -4.9 0.1 0 0 0 
929 -4.9 -4.9 -0.1 -4.9 -4.9 -0.1 0 0 0 
930 -4.9 -4.9 0.1 -4.9 -4.9 0.1 0 0 0 
931 4.9 -4.9 0.1 4.9 -4.9 0.1 0 0 0 
932 4.9 -4.9 0.1 4.9 -4.9 0.1 0 0 0 
933 4.9 -4.9 0.1 4.9 -4.9 0.1 0 0 0 
934 4.9 -4.9 -0.1 4.9 -4.9 -0.1 0 0 0 
935 -4.9 -4.9 0.1 -4.9 -4.9 0.1 0 0 0 
936 -4.9 -4.9 -0.1 -4.9 -4.9 -0.1 0 0 0 
937 -4.9 -4.9 0.1 -4.9 -4.9 0.1 0 0 0 
938 -4.9 -4.9 -0.1 -4.9 -4.9 -0.1 0 0 0 
939 -4.9 -4.9 0.1 -4.9 -4.9 0.1 0 0 0 
940 -4.9 -4.9 0.1 -4.9 -4.9 0.1 0 0 0 
941 -4.9 -4.9 0.1 -4.9 -4.9 0.1 0 0 0 
942 4.9 -4.9 0.1 4.9 -4.9 0.1 0 -2886.53 0 
943 -4.9 -4.9 -0.1 -4.9 -4.9 -0.1 0 0 0 
944 4.9 -4.9 0.1 4.9 -4.9 0.1 0 0 0 
945 4.9 -4.9 -0.1 4.9 -4.9 -0.1 0 0 0 
946 -4.9 -4.9 -0.1 -4.9 -4.9 -0.1 0 0 0 
947 -4.9 -4.9 0.1 -4.9 -4.9 0.1 0 0 0 
948 -4.9 -4.9 -0.1 -4.9 -4.9 -0.1 0 0 0 
949 4.9 -4.9 0.1 4.9 -4.9 0.1 0 0 0 
950 -4.9 -4.9 -0.1 -4.9 -4.9 -0.1 0 0 0 
951 -4.9 4.9 -0.1 -4.9 4.9 -0.1 0 0 0 
952 -4.9 -4.9 -0.1 -4.9 -4.9 -0.1 0 0 0 
953 -4.9 -4.9 0.1 -4.9 -4.9 0.1 0 0 0 
954 -4.9 -4.9 0.1 -4.9 -4.9 0.1 0 0 0 
955 4.9 -4.9 -0.1 4.9 -4.9 -0.1 0 0 0 
956 4.9 -4.9 -0.1 4.9 -4.9 -0.1 0 0 0 
957 4.9 -4.9 -0.1 4.9 -4.9 -0.1 0 0 0 
958 4.9 -4.9 0.1 4.9 -4.9 0.1 0 0 0 
959 -4.9 4.9 0.1 -4.9 4.9 0.1 0 0 0 
960 4.9 -4.9 0.1 4.9 -4.9 0.1 0 0 0 
961 4.9 -4.9 0.1 4.9 -4.9 0.1 0 0 0 
962 4.9 4.9 0.1 4.9 4.9 0.1 0 0 0 
963 4.9 -4.9 -0.1 4.9 -4.9 -0.1 0 0 0 
964 4.9 -4.9 -0.1 4.9 -4.9 -0.1 0 0 0 
965 4.9 -4.9 -0.1 4.9 -4.9 -0.1 0 0 0 
966 -4.9 -4.9 0.1 -4.9 -4.9 0.1 0 0 0 
967 -4.9 -4.9 -0.1 -4.9 -4.9 -0.1 0 0 0 
968 4.9 -4.9 0.1 4.9 -4.9 0.1 0 0 0 
969 4.9 -4.9 -0.1 4.9 -4.9 -0.1 0 0 0 
970 -4.9 4.9 -0.1 -4.9 4.9 -0.1 0 0 0 
971 -4.9 -4.9 -0.1 -4.9 -4.9 -0.1 0 0 0 
972 4.9 -4.9 0.1 4.9 -4.9 0.1 0 0 0 
973 4.9 -4.9 0.1 4.9 -4.9 0.1 0 0 0 
974 -4.9 1.77064 -0.1 -4.9 1.77064 -0.1 0 222.94 0 
975 4.9 -4.9 -0.1 4.9 -4.9 -0.1 0 0 0 
976 4.9 -4.9 0.1 4.9 -4.9 0.1 0 0 0 
977 4.9 -4.9 0.1 4.9 -4.9 0.1 0 0 0 
978 -4.9 -4.9 0.1 -4.9 -4.9 0.1 0 0 0 
979 -4.9 -4.9 -0.1 -4.9 -4.9 -0.1 0 0 0 
980 -3.64051 -4.0771 -0.1 -3.64051 -4.0771 -0.1 -69.5001 -73.5265 0 
981 4.9 -4.9 0.1 4.9 -4.9 0.1 0 0 0 
982 4.9 -4.9 0.1 4.9 -4.9 0.1 0 0 0 
983 -4.9 -4.9 -0.1 -4.9 -4.9 -0.1 0 0 0 
984 -4.9 -4.9 -0.1 -4.9 -4.9 -0.1 0 0 0 
985 -4.9 -4.9 0.1 -4.9 -4.9 0.1 0 0 0 
986 4.9 -4.9 -0.1 4.9 -4.9 -0.1 0 0 0 
987 4.9 -4.9 -0.1 4.9 -4.9 -0.1 0 0 0 
988 -4.9 -4.9 0.1 -4.9 -4.9 0.1 0 0 0 
989 -4.9 4.9 -0.1 -4.9 4.9 -0.1 0 0 0 
990 4.9 -4.9 0.1 4.9 -4.9 0.1 0 0 0 
991 3.01157 3.01042 -0.1 3.01157 3.01042 -0.1 47.4451 43.9637 0 
992 -3.50713 4.89837 0.1 -3.50713 4.89837 0.1 -72.1632 -0.163333 0 
993 4.9 -4.9 0.1 4.9 -4.9 0.1 0 0 0 
994 4.9 -4.9 -0.1 4.9 -4.9 -0.1 0 0 0 
995 -4.9 -4.9 -0.1 -4.9 -4.9 -0.1 0 0 0 
996 4.9 -4.9 -0.1 4.9 -4.9 -0.1 0 0 0 
997 4.9 -4.9 -0.1 4.9 -4.9 -0.1 0 0 0 
998 0.855035 0.522608 0.0300228 0.855035 0.522608 0.0300228 0 -0.457333 0 
999 4.9 -4.9 -0.1 4.9 -4.9 -0.1 0 0 0 
