1000
-5 -5 -0.2 5 5 0.2 
0 0.296402 -0.522479 -0.1 0.296402 -0.522479 -0.1 179.711 -83.225 -17.0244 
1 4.9 0.240432 0.1 4.9 0.240432 0.1 1253.77 92.5019 35.2484 
2 0.255341 -4.9 0.1 0.255341 -4.9 0.1 61.3652 -1530.89 21.1266 
3 4.9 2.48474 0.1 4.9 2.48474 0.1 1197.3 801.738 36.7334 
4 -1.30608 -3.3013 0.1 -1.30608 -3.3013 0.1 -387.707 -1159.33 26.7543 
5 4.9 3.9796 -0.1 4.9 3.9796 -0.1 1301.08 1300.8 -23.2234 
6 1.998 4.9 -0.1 1.998 4.9 -0.1 664.935 1348.94 -29.9132 
7 4.9 4.81566 -0.1 4.9 4.81566 -0.1 1263.56 1501.68 -22.1841 
8 -1.64826 1.51493 0.1 -1.64826 1.51493 0.1 -235.157 682.696 33.9294 
9 1.58568 0.273593 -0.1 1.58568 0.273593 -0.1 417.534 -150.216 -17.2916 
10 4.9 -4.9 0.1 4.9 -4.9 0.1 1748.27 -1555.05 18.6013 
11 4.9 2.5245 0.1 4.9 2.5245 0.1 1333.55 918.227 15.9121 
12 2.25797 4.9 -0.1 2.25797 4.9 -0.1 734.468 1637.26 -24.5281 
13 -0.581426 1.69715 0.1 -0.581426 1.69715 0.1 -131.229 270.459 28.1411 
14 -1.90441 4.9 -0.1 -1.90441 4.9 -0.1 -753.36 1272.18 -21.9756 
15 0.635793 0.915367 -0.1 0.635793 0.915367 -0.1 112.101 473.239 -27.7946 
16 -1.5823 -2.83468 -0.1 -1.5823 -2.83468 -0.1 -620.603 -857.631 -33.9305 
17 3.47848 4.9 -0.1 3.47848 4.9 -0.1 1068.22 1173.25 -33.986 
18 1.18725 -0.181419 -0.1 1.18725 -0.181419 -0.1 287.735 228.806 -17.2463 
19 -3.43497 4.83821 -0.1 -3.43497 4.83821 -0.1 -745.424 1460.01 -20.3654 
20 -0.332147 -4.19889 0.1 -0.332147 -4.19889 0.1 -11.6009 -1013.02 28.4185 
21 2.80062 -0.153843 0.1 2.80062 -0.153843 0.1 736.587 -43.0261 16.9319 
22 -4.14768 -2.24795 -0.1 -4.14768 -2.24795 -0.1 -1280.94 -541.419 -30.3208 
23 0.670011 4.9 -0.1 0.670011 4.9 -0.1 229.306 1286.31 -21.0144 
24 -0.210558 1.89667 0.1 -0.210558 1.89667 0.1 -148.715 446.618 24.6907 
25 2.25519 -2.48499 -0.1 2.25519 -2.48499 -0.1 786.135 -643.723 -21.2728 
26 4.9 -4.9 -0.1 4.9 -4.9 -0.1 1493.2 -1267.1 -28.2044 
27 4.9 -4.9 -0.1 4.9 -4.9 -0.1 1735.44 -1645.37 -39.2161 
28 -1.20729 -3.22986 -0.1 -1.20729 -3.22986 -0.1 -152.676 -1041 -25.3264 
29 -2.42752 -1.79098 -0.1 -2.42752 -1.79098 -0.1 -520.64 -425.269 -19.7976 
30 -4.9 -1.45858 -0.1 -4.9 -1.45858 -0.1 -1423.41 -637.344 -31.3296 
31 0.487054 -0.263068 -0.1 0.487054 -0.263068 -0.1 -112.393 201.372 -18.0422 
32 -4.9 1.644 0.1 -4.9 1.644 0.1 -1519.68 609.601 18.9098 
33 -3.89825 3.01045 -0.1 -3.89825 3.01045 -0.1 -1014.48 747.683 -26.7304 
34 -4.16583 4.9 -0.1 -4.16583 4.9 -0.1 -973.517 1333.85 -36.7431 
35 0.412117 -0.0785178 -0.1 0.412117 -0.0785178 -0.1 61.9496 70.1351 -15.7125 
36 -3.14543 -0.283971 -0.1 -3.14543 -0.283971 -0.1 -658.611 21.1895 -16.7188 
37 -2.52107 -0.609333 0.1 -2.52107 -0.609333 0.1 -621.086 -85.1067 17.6843 
38 0.408302 0.610409 -0.1 0.408302 0.610409 -0.1 316.307 93.131 -20.9754 
39 4.9 -4.13633 -0.1 4.9 -4.13633 -0.1 1272.58 -1426.77 -32.6414 
40 4.9 2.75831 0.1 4.9 2.75831 0.1 1554.22 1098.25 16.8662 
41 -0.176614 -0.614376 -0.1 -0.176614 -0.614376 -0.1 -117.458 -244.533 -30.432 
42 2.89851 4.9 -0.1 2.89851 4.9 -0.1 1060.56 1224.04 -16.5942 
43 3.14313 4.9 -0.1 3.14313 4.9 -0.1 646.47 1249.93 -16.6148 
44 0.346433 -4.9 -0.1 0.346433 -4.9 -0.1 -144.132 -1569.53 -34.9308 
45 -4.9 2.26595 0.1 -4.9 2.26595 0.1 -1748.6 876.644 23.7456 
46 0.546545 4.9 0.1 0.546545 4.9 0.1 119.117 1255.18 19.6642 
47 2.2484 -1.98975 0.1 2.2484 -1.98975 0.1 628.505 -807.525 18.8896 
48 2.21121 0.260017 -0.0879508 2.21121 0.260017 -0.0879508 369.271 -9.38159 -33.8071 
49 2.46856 -4.32786 -0.1 2.46856 -4.32786 -0.1 754.811 -1008.84 -27.8798 
50 4.02461 1.69743 -0.1 4.02461 1.69743 -0.1 1279.59 315.61 -38.0771 
51 4.9 4.9 0.1 4.9 4.9 0.1 1197.12 1707.51 24.0587 
52 -4.12905 -3.53604 -0.1 -4.12905 -3.53604 -0.1 -1320.91 -1177.76 -31.822 
53 -0.45312 0.377793 -0.1 -0.45312 0.377793 -0.1 -54.2686 -44.8467 -16.7736 
54 -4.9 1.07701 -0.1 -4.9 1.07701 -0.1 -1178.77 226.751 -20.3128 
55 3.47104 3.95902 -0.1 3.47104 3.95902 -0.1 987.781 1213.93 -27.1042 
56 -0.447342 4.9 0.1 -0.447342 4.9 0.1 -179.369 1237.76 16.6166 
57 -3.01497 1.13313 0.1 -3.01497 1.13313 0.1 -911.598 117.428 21.5227 
58 1.17953 -2.90457 0.1 1.17953 -2.90457 0.1 491.429 -719.497 19.7503 
59 2.52153 2.26754 -0.1 2.52153 2.26754 -0.1 972.669 710.786 -17.2373 
60 3.69467 4.9 -0.068613 3.69467 4.9 -0.068613 1338.65 1464.91 -23.9748 
61 -3.29303 -2.93111 0.1 -3.29303 -2.93111 0.1 -975.479 -806.296 23.1505 
62 -2.29563 -1.62229 -0.1 -2.29563 -1.62229 -0.1 -655.242 -380.831 -27.2906 
63 3.12624 -4.9 -0.1 3.12624 -4.9 -0.1 1168.64 -1179.16 -31.2296 
64 -2.27597 -2.64009 -0.1 -2.27597 -2.64009 -0.1 -908.578 -615.375 -16.586 
65 -0.0203319 -0.670881 -0.1 -0.0203319 -0.670881 -0.1 -129.388 -302.355 -23.0768 
66 -1.01232 1.69079 0.1 -1.01232 1.69079 0.1 -217.057 270.424 23.3553 
67 0.621627 0.66858 -0.1 0.621627 0.66858 -0.1 57.761 307.926 -25.7769 
68 -4.9 -2.13895 -0.1 -4.9 -2.13895 -0.1 -1624.59 -483.729 -29.3946 
69 0.644773 1.47734 0.1 0.644773 1.47734 0.1 259.14 558.319 20.3451 
70 4.9 4.9 0.1 4.9 4.9 0.1 1728.87 1178.18 27.9265 
71 -0.695522 0.5617 0.1 -0.695522 0.5617 0.1 -342.028 298.633 22.5216 
72 -1.09567 -3.01203 0.1 -1.09567 -3.01203 0.1 -125.741 -655.853 22.1158 
73 -2.19654 4.9 0.1 -2.19654 4.9 0.1 -420.565 1648.38 33.4171 
74 -0.694279 -0.0870718 -0.0876728 -0.694279 -0.0870718 -0.0876728 -25.5015 16.7524 -14.1706 
75 1.43888 -4.9 0.1 1.43888 -4.9 0.1 210.104 -1201.02 37.9075 
76 -4.47193 -1.86373 0.1 -4.47193 -1.86373 0.1 -1285.19 -486.57 32.911 
77 2.02017 -2.44272 -0.1 2.02017 -2.44272 -0.1 602.165 -740.254 -20.3077 
78 3.72681 -1.55662 0.0375141 3.72681 -1.55662 0.0375141 1053.85 -689.287 14.9694 
79 4.49387 2.05683 0.1 4.49387 2.05683 0.1 1316.03 464.839 29.3196 
80 0.552628 4.9 0.1 0.552628 4.9 0.1 77.9812 1170.03 25.2353 
81 4.9 2.97005 0.1 4.9 2.97005 0.1 1185.91 685.107 27.7508 
82 4.9 4.9 0.1 4.9 4.9 0.1 1274.51 1277.68 23.2275 
83 -4.9 -0.470201 -0.1 -4.9 -0.470201 -0.1 -1411.21 42.939 -25.2495 
84 4.9 4.9 -0.1 4.9 4.9 -0.1 1466.13 1297.51 -26.5955 
85 2.2422 0.0891587 0.1 2.2422 0.0891587 0.1 493.878 277.332 16.0123 
86 -0.158187 -0.802809 0.1 -0.158187 -0.802809 0.1 119.164 -95.5992 15.5433 
87 0.423561 0.0113666 -0.1 0.423561 0.0113666 -0.1 249 -284.973 -19.8141 
88 0.946155 -2.16894 -0.1 0.946155 -2.16894 -0.1 377.328 -477.464 -16.2727 
89 -2.74383 -1.80622 -0.1 -2.74383 -1.80622 -0.1 -870.542 -822.801 -23.1338 
90 4.9 -3.50736 0.1 4.9 -3.50736 0.1 1736.02 -1181.83 16.0739 
91 -4.9 3.32474 0.1 -4.9 3.32474 0.1 -1383.59 995.585 28.2952 
92 4.136 1.06427 -0.1 4.136 1.06427 -0.1 1436.1 183.176 -32.3612 
93 -4.9 -0.868126 0.1 -4.9 -0.868126 0.1 -1405.62 -184.917 19.0428 
94 3.97647 -0.525697 0.1 3.97647 -0.525697 0.1 1474.01 -250.652 22.6971 
95 4.35872 -1.37052 -0.1 4.35872 -1.37052 -0.1 1516.54 -208.023 -34.6087 
96 3.38898 -4.39854 0.1 3.38898 -4.39854 0.1 865.308 -1274.59 19.0439 
97 0.376676 -1.42216 -0.1 0.376676 -1.42216 -0.1 -29.6515 -171.465 -19.0398 
98 4.9 -0.434268 -0.1 4.9 -0.434268 -0.1 1311.68 -61.6825 -21.3787 
99 -4.9 4.9 0.1 -4.9 4.9 0.1 -1370.62 1692.14 32.4272 
100 1.2712 1.032 -0.1 1.2712 1.032 -0.1 187.441 75.1724 -20.4514 
101 -1.43094 4.9 0.1 -1.43094 4.9 0.1 -501.873 1439.52 21.9372 
102 2.46406 -1.76887 -0.1 2.46406 -1.76887 -0.1 823.808 -252.659 -18.2799 
103 -2.33617 0.9849 0.1 -2.33617 0.9849 0.1 -607.74 123.969 15.1793 
104 1.5098 -0.937695 0.1 1.5098 -0.937695 0.1 154.529 -38.204 18.2375 
105 -4.9 0.54686 -0.1 -4.9 0.54686 -0.1 -1409.89 395.266 -30.9468 
106 0.550629 -0.0757233 -0.1 0.550629 -0.0757233 -0.1 98.1146 -176.642 -25.3901 
107 4.06056 2.69112 -0.1 4.06056 2.69112 -0.1 1099.19 756.964 -15.9245 
108 0.643462 0.560246 0.1 0.643462 0.560246 0.1 243.551 110.072 15.4575 
109 -4.9 3.01568 -0.1 -4.9 3.01568 -0.1 -1213.02 838.403 -21.9856 
110 -0.114574 0.986546 -0.1 -0.114574 0.986546 -0.1 -305.659 263.193 -16.9002 
111 1.04486 1.16584 0.1 1.04486 1.16584 0.1 305.257 569.9 17.8657 
112 1.28511 0.936635 0.1 1.28511 0.936635 0.1 336.091 557.509 35.2024 
113 -2.8198 -0.525939 -0.1 -2.8198 -0.525939 -0.1 -966.904 -110.963 -17.6532 
114 4.9 -4.9 0.1 4.9 -4.9 0.1 1729.76 -1750.19 19.4871 
115 4.9 3.71406 -0.1 4.9 3.71406 -0.1 1586.59 1073.79 -26.0735 
116 -2.80292 -4.9 0.1 -2.80292 -4.9 0.1 -1073.13 -1281.61 20.5915 
117 -1.47311 -2.94423 0.1 -1.47311 -2.94423 0.1 -536.218 -591.503 20.429 
118 3.27076 -4.74624 0.1 3.27076 -4.74624 0.1 1258.51 -1548.23 23.3928 
119 4.9 -0.561757 -0.1 4.9 -0.561757 -0.1 1738.88 -285.011 -18.4021 
120 4.30336 -1.35476 0.1 4.30336 -1.35476 0.1 1573.38 -350.378 23.6361 
121 4.9 1.1553 0.1 4.9 1.1553 0.1 1561.58 525.235 23.6932 
122 -1.16294 4.48199 -0.1 -1.16294 4.48199 -0.1 -138.556 1081.33 -20.8889 
123 4.9 -1.30259 -0.1 4.9 -1.30259 -0.1 1306.67 -422.608 -20.8113 
124 3.53885 -1.72791 -0.1 3.53885 -1.72791 -0.1 1009.71 -400.48 -30.5695 
125 4.9 4.51754 0.1 4.9 4.51754 0.1 1369.42 1335.79 15.9747 
126 0.372878 -1.44535 -0.1 0.372878 -1.44535 -0.1 250.767 -205.019 -24.7734 
127 0.59705 0.704684 -0.1 0.59705 0.704684 -0.1 444.565 -31.0839 -17.1693 
128 -3.84657 0.150265 0.1 -3.84657 0.150265 0.1 -1076.63 -115.196 17.4209 
129 -2.62485 1.26709 0.1 -2.62485 1.26709 0.1 -509.867 152.312 21.4267 
130 4.9 -4.9 -0.1 4.9 -4.9 -0.1 1425.53 -1414.62 -24.1691 
131 4.9 -1.55369 -0.1 4.9 -1.55369 -0.1 1437.01 -579.418 -28.4766 
132 2.56365 4.54341 -0.1 2.56365 4.54341 -0.1 580.513 1582.85 -25.3359 
133 -4.9 4.74318 0.1 -4.9 4.74318 0.1 -1728.05 1471.6 35.5437 
134 3.99212 -0.847538 -0.1 3.99212 -0.847538 -0.1 1265.78 -248.734 -19.7471 
135 -4.9 4.01126 0.1 -4.9 4.01126 0.1 -1281.26 1185.43 15.786 
136 -3.88726 4.9 -0.1 -3.88726 4.9 -0.1 -1174.31 1489.24 -20.9095 
137 0.603511 2.36536 0.1 0.603511 2.36536 0.1 260.021 668.674 32.2715 
138 -4.9 -0.2525 0.1 -4.9 -0.2525 0.1 -1667.27 -292.742 27.9736 
139 -3.73515 4.35985 0.1 -3.73515 4.35985 0.1 -1330.6 1246.05 35.6797 
140 -4.9 3.85091 -0.1 -4.9 3.85091 -0.1 -1179.97 1035.57 -25.1147 
141 1.62841 3.022 -0.1 1.62841 3.022 -0.1 359.017 1068.19 -20.5698 
142 4.9 -0.0276366 -0.1 4.9 -0.0276366 -0.1 1744.22 102.043 -27.9097 
143 0.403413 -1.74596 0.1 0.403413 -1.74596 0.1 -16.7512 -707.782 15.5233 
144 -2.30911 -4.9 0.1 -2.30911 -4.9 0.1 -828.469 -1386.95 18.1364 
145 2.06079 -0.716456 0.1 2.06079 -0.716456 0.1 571.706 11.587 16.1993 
146 -3.16216 4.9 0.1 -3.16216 4.9 0.1 -913.43 1337.51 20.8671 
147 -1.63158 -4.9 0.1 -1.63158 -4.9 0.1 -692.927 -1348.53 37.5661 
148 0.969759 1.62502 -0.1 0.969759 1.62502 -0.1 67.5917 743.428 -20.2961 
149 -1.37211 3.10168 0.1 -1.37211 3.10168 0.1 -582.252 803.638 17.0292 
150 -4.9 -4.9 0.1 -4.9 -4.9 0.1 -1171.71 -1447.24 16.0685 
151 -0.0299226 4.9 -0.1 -0.0299226 4.9 -0.1 -68.8007 1181.46 -27.0588 
152 -0.78174 -2.11463 0.1 -0.78174 -2.11463 0.1 -23.3073 -773.59 36.1455 
153 1.7686 -4.63483 -0.00696987 1.7686 -4.63483 -0.00696987 563.333 -1544.06 8.5966 
154 -4.9 1.64696 -0.1 -4.9 1.64696 -0.1 -1654.08 409.176 -25.9264 
155 -2.78333 4.2286 0.1 -2.78333 4.2286 0.1 -789.161 1142.48 21.9302 
156 -4.9 -2.46572 0.1 -4.9 -2.46572 0.1 -1408.49 -760.374 22.5258 
157 1.82946 -0.76827 -0.1 1.82946 -0.76827 -0.1 483.177 -181.09 -31.0925 
158 2.09157 0.59342 -0.1 2.09157 0.59342 -0.1 538.694 428.786 -23.709 
159 -3.06278 1.51319 -0.1 -3.06278 1.51319 -0.1 -976.137 637.418 -32.6064 
160 -4.19857 -4.70688 -0.1 -4.19857 -4.70688 -0.1 -1182.63 -1402.37 -21.2902 
161 -3.26049 3.61319 -0.1 -3.26049 3.61319 -0.1 -1135.11 872.75 -21.206 
162 -4.9 0.0831767 0.1 -4.9 0.0831767 0.1 -1200.37 -258.077 16.9256 
163 -4.9 4.47956 -0.0272471 -4.9 4.47956 -0.0272471 -1610.9 1047.78 -17.4881 
164 4.54981 -4.9 0.1 4.54981 -4.9 0.1 1649.95 -1303.55 16.9741 
165 -0.543239 -4.9 -0.1 -0.543239 -4.9 -0.1 -370.01 -1438.17 -17.0168 
166 2.47775 -3.39489 0.1 2.47775 -3.39489 0.1 563.268 -1131.42 18.0079 
167 1.0536 3.98546 -0.1 1.0536 3.98546 -0.1 439.711 982.926 -16.3241 
168 -1.1576 -3.15506 0.1 -1.1576 -3.15506 0.1 -396.937 -1117.18 21.4561 
169 -4.66412 -3.86299 -0.1 -4.66412 -3.86299 -0.1 -1113.9 -949.65 -24.9522 
170 -3.84668 3.0762 0.1 -3.84668 3.0762 0.1 -1406.16 893.829 18.5833 
171 0.42762 2.35724 -0.1 0.42762 2.35724 -0.1 234.675 707.057 -25.6299 
172 -0.545429 -0.415066 0.1 -0.545429 -0.415066 0.1 -159.651 -91.3816 15.5732 
173 -3.85924 -2.37765 -0.1 -3.85924 -2.37765 -0.1 -1246.19 -683.603 -18.8191 
174 0.0359974 -3.45705 -0.1 0.0359974 -3.45705 -0.1 -277.913 -737.994 -17.5716 
175 -0.828941 -1.19056 -0.1 -0.828941 -1.19056 -0.1 -153.909 -538.206 -23.3227 
176 3.25278 -4.9 -0.1 3.25278 -4.9 -0.1 892.046 -1292.06 -24.072 
177 3.06299 -4.22747 -0.1 3.06299 -4.22747 -0.1 836.65 -1063.41 -19.8946 
178 -1.39681 -4.9 -0.1 -1.39681 -4.9 -0.1 -574.568 -1488.78 -21.1404 
179 2.37111 -0.820279 0.1 2.37111 -0.820279 0.1 413.397 -175.225 15.3025 
180 0.81667 2.5984 0.1 0.81667 2.5984 0.1 28.4195 662.32 25.1407 
181 -4.9 4.9 0.1 -4.9 4.9 0.1 -1389.96 1344.49 35.1052 
182 -4.2067 2.29102 0.1 -4.2067 2.29102 0.1 -1123.92 820.356 15.3896 
183 -2.90025 -4.9 0.1 -2.90025 -4.9 0.1 -1154.44 -1377.08 40.152 
184 -3.53234 -3.1409 -0.1 -3.53234 -3.1409 -0.1 -805.204 -906.61 -23.7948 
185 3.23541 -2.23411 0.1 3.23541 -2.23411 0.1 730.755 -891.661 33.2176 
186 0.114113 -1.86907 0.1 0.114113 -1.86907 0.1 -225.441 -267.758 22.6787 
187 4.61022 -4.10655 0.1 4.61022 -4.10655 0.1 1437.7 -991.735 19.1974 
188 4.65452 -4.9 -0.1 4.65452 -4.9 -0.1 1235.72 -1249.46 -20.4339 
189 -1.0261 4.9 0.1 -1.0261 4.9 0.1 -275.723 1646.26 23.7493 
190 2.22197 0.155842 -0.1 2.22197 0.155842 -0.1 431.861 59.7496 -18.1114 
191 4.52168 -3.21049 -0.1 4.52168 -3.21049 -0.1 1611.83 -1248.56 -25.1942 
192 -1.37258 -0.102592 0.1 -1.37258 -0.102592 0.1 -149.365 46.6024 20.6359 
193 -4.50681 -4.9 -0.1 -4.50681 -4.9 -0.1 -1136.84 -1232.16 -17.5809 
194 -4.9 -0.705169 -0.1 -4.9 -0.705169 -0.1 -1187.84 73.272 -20.9577 
195 4.04414 -3.82514 -0.1 4.04414 -3.82514 -0.1 1175.77 -1222.67 -20.3627 
196 0.258016 -4.9 0.1 0.258016 -4.9 0.1 164.95 -1184.29 17.3956 
197 0.102473 -4.9 -0.1 0.102473 -4.9 -0.1 -100.379 -1304.54 -32.6906 
198 0.747738 4.9 -0.1 0.747738 4.9 -0.1 469.301 1235.73 -30.9455 
199 -4.9 2.37153 0.1 -4.9 2.37153 0.1 -1503.85 840.959 19.3481 
200 -1.0023 -4.9 -0.1 -1.0023 -4.9 -0.1 -167.113 -1441.25 -16.8493 
201 -2.37843 -0.0565954 -0.1 -2.37843 -0.0565954 -0.1 -539.907 -168.548 -17.5331 
202 -0.904401 1.51868 -0.1 -0.904401 1.51868 -0.1 -140.191 455.607 -24.0875 
203 -0.729504 -4.9 -0.1 -0.729504 -4.9 -0.1 51.9975 -1183.58 -29.1672 
204 -2.08585 3.5477 -0.1 -2.08585 3.5477 -0.1 -422.849 1307.26 -16.1526 
205 -4.9 0.425276 -0.1 -4.9 0.425276 -0.1 -1480.38 60.5256 -30.5473 
206 -4.9 -4.18128 0.1 -4.9 -4.18128 0.1 -1267.75 -980.425 27.1452 
207 2.33246 -4.9 -0.1 2.33246 -4.9 -0.1 527.915 -1192.53 -27.37 
208 -4.9 -1.34815 0.1 -4.9 -1.34815 0.1 -1171.5 -509.56 17.8556 
209 4.54477 -2.71319 0.1 4.54477 -2.71319 0.1 1592.74 -809.325 22.6646 
210 -0.207425 1.07165 0.1 -0.207425 1.07165 0.1 -211.387 177.507 25.9294 
211 -4.09419 -4.9 0.1 -4.09419 -4.9 0.1 -1409.97 -1404.56 26.9717 
212 4.9 1.97873 0.1 4.9 1.97873 0.1 1408.82 708.555 16.1293 
213 -3.30186 -1.06439 -0.1 -3.30186 -1.06439 -0.1 -1120.23 -186.118 -15.3189 
214 -4.9 -1.66318 -0.1 -4.9 -1.66318 -0.1 -1215.35 -311.921 -15.0608 
215 -4.9 -3.5196 0.1 -4.9 -3.5196 0.1 -1232.07 -1049.96 17.1831 
216 2.74445 -4.09728 -0.1 2.74445 -4.09728 -0.1 936.608 -1428.72 -16.2592 
217 -3.14801 -2.04846 -0.1 -3.14801 -2.04846 -0.1 -656.454 -769.143 -15.245 
218 -4.9 -2.83877 -0.1 -4.9 -2.83877 -0.1 -1663.92 -743.535 -32.2468 
219 3.17069 -4.9 0.1 3.17069 -4.9 0.1 1005.45 -1584.36 21.0973 
220 -1.37569 -4.34318 -0.1 -1.37569 -4.34318 -0.1 -679.192 -1242.53 -16.5637 
221 4.9 1.88456 -0.1 4.9 1.88456 -0.1 1331.69 524.609 -17.1492 
222 -2.09688 4.9 0.1 -2.09688 4.9 0.1 -803.775 1280.09 17.9495 
223 3.34419 4.9 0.0968211 3.34419 4.9 0.0968211 835.371 1617.03 31.3332 
224 -0.694771 -4.75013 0.1 -0.694771 -4.75013 0.1 -54.9022 -1129.61 35.5601 
225 -4.9 -3.5475 -0.1 -4.9 -3.5475 -0.1 -1416.78 -1029.39 -30.2299 
226 -4.9 -4.9 0.1 -4.9 -4.9 0.1 -1185.86 -1357.13 26.3926 
227 -1.99251 -4.83786 0.1 -1.99251 -4.83786 0.1 -424.803 -1219.07 25.0835 
228 -4.43918 -1.4332 0.1 -4.43918 -1.4332 0.1 -1442.06 -220.378 21.8317 
229 -1.47935 0.157999 -0.1 -1.47935 0.157999 -0.1 -258.644 179.659 -37.1657 
230 -4.06289 -4.9 -0.1 -4.06289 -4.9 -0.1 -1429.57 -1686.72 -28.7071 
231 4.9 -4.9 0.1 4.9 -4.9 0.1 1656.51 -1190.97 15.4377 
232 -1.9794 2.01854 0.1 -1.9794 2.01854 0.1 -740.633 793.156 19.5682 
233 -2.29078 2.89642 0.1 -2.29078 2.89642 0.1 -589.542 823.824 21.1611 
234 -1.75335 0.350267 -0.1 -1.75335 0.350267 -0.1 -744.941 0.071154 -16.6807 
235 0.774225 -0.138477 0.0491102 0.774225 -0.138477 0.0491102 0 -0.0326667 0 
236 -1.81161 1.13775 0.1 -1.81161 1.13775 0.1 -306.75 625.118 16.4167 
237 0.97965 0.613793 0.1 0.97965 0.613793 0.1 406.373 100.022 24.8237 
238 0.880145 1.16106 -0.1 0.880145 1.16106 -0.1 364.332 57.4995 -15.7566 
239 -1.43756 3.01859 0.1 -1.43756 3.01859 0.1 -405.276 811.671 28.8743 
240 -0.863082 -0.0999394 -0.1 -0.863082 -0.0999394 -0.1 -20.3943 -291.978 -15.9445 
241 4.9 1.05254 0.1 4.9 1.05254 0.1 1301.5 97.6457 36.8089 
242 -0.633632 -0.57523 -0.1 -0.633632 -0.57523 -0.1 -25.0629 -26.8061 -25.3878 
243 -4.9 -4.51688 -0.1 -4.9 -4.51688 -0.1 -1285.96 -1521.66 -36.0214 
244 -0.746025 -1.12719 -0.1 -0.746025 -1.12719 -0.1 -59.1103 -70.6881 -17.4526 
245 -1.34661 -4.9 0.1 -1.34661 -4.9 0.1 -372.217 -1249.01 32.1067 
246 -1.21968 -2.24588 -0.1 -1.21968 -2.24588 -0.1 -561.152 -704.855 -24.6215 
247 4.9 -4.9 -0.1 4.9 -4.9 -0.1 1516.07 -1391.42 -24.5799 
248 -1.65308 -0.023817 -0.1 -1.65308 -0.023817 -0.1 -765.632 -200.171 -15.0517 
249 -4.9 2.10449 -0.1 -4.9 2.10449 -0.1 -1194.92 339.808 -19.1675 
250 -4.9 3.09984 0.1 -4.9 3.09984 0.1 -1271.94 1200.3 26.0301 
251 -4.36567 1.35717 -0.1 -4.36567 1.35717 -0.1 -1324.77 322.421 -26.8113 
252 3.74991 -1.78967 -0.1 3.74991 -1.78967 -0.1 1294.6 -346.378 -24.98 
253 -2.65169 -0.5083 0.1 -2.65169 -0.5083 0.1 -597.574 -146.614 18.6973 
254 2.45868 4.17014 -0.1 2.45868 4.17014 -0.1 694.041 1465.66 -19.1609 
255 -3.60734 4.9 -0.1 -3.60734 4.9 -0.1 -1307.55 1565.9 -28.9757 
256 1.59924 1.88334 -0.1 1.59924 1.88334 -0.1 662.897 491.068 -38.4347 
257 -1.27395 2.79496 0.1 -1.27395 2.79496 0.1 -346.209 657.395 28.8777 
258 2.61142 -1.06534 0.1 2.61142 -1.06534 0.1 674.013 -298.796 17.2938 
259 1.92211 2.68911 0.1 1.92211 2.68911 0.1 474.473 683.704 19.4082 
260 4.76139 -0.784148 -0.1 4.76139 -0.784148 -0.1 1318.71 -111.64 -28.6013 
261 -1.70765 -3.83757 0.1 -1.70765 -3.83757 0.1 -469.444 -1349.62 25.2811 
262 -2.84444 0.221093 -0.1 -2.84444 0.221093 -0.1 -925.224 47.5381 -22.7955 
263 4.9 0.980784 -0.1 4.9 0.980784 -0.1 1702.47 479.023 -16.6819 
264 -4.9 -3.04279 -0.1 -4.9 -3.04279 -0.1 -1272.26 -619.531 -19.5703 
265 -1.96665 -2.72846 0.1 -1.96665 -2.72846 0.1 -440.02 -651.386 18.9181 
266 3.12947 -4.18675 0.1 3.12947 -4.18675 0.1 785.361 -1456.9 16.6739 
267 1.63805 1.39285 0.1 1.63805 1.39285 0.1 758.358 568.39 22.8844 
268 -2.65626 3.10339 -0.0182371 -2.65626 3.10339 -0.0182371 -834.512 1031.93 -3.33291 
269 3.38278 4.53829 -0.1 3.38278 4.53829 -0.1 798.116 1521.42 -24.904 
270 2.54607 -0.44762 -0.1 2.54607 -0.44762 -0.1 577.658 119.358 -29.1186 
271 -0.970119 4.9 0.1 -0.970119 4.9 0.1 -490.573 1520.03 32.5958 
272 4.9 0.546089 -0.1 4.9 0.546089 -0.1 1267.5 390.216 -41.2441 
273 4.40865 -2.3352 -0.1 4.40865 -2.3352 -0.1 1153.6 -500.896 -25.611 
274 -2.45573 1.06787 -0.1 -2.45573 1.06787 -0.1 -571.931 383.188 -17.5471 
275 1.43577 4.79104 -0.1 1.43577 4.79104 -0.1 594.216 1217.83 -32.217 
276 4.9 -3.9077 0.1 4.9 -3.9077 0.1 1569.6 -1091.72 24.3626 
277 3.45767 -1.70536 0.1 3.45767 -1.70536 0.1 1135.43 -352.597 33.8474 
278 4.9 -1.9866 0.1 4.9 -1.9866 0.1 1250.56 -520.688 28.9134 
279 -4.9 -3.33484 -0.1 -4.9 -3.33484 -0.1 -1267.51 -741.555 -19.5297 
280 -1.43918 -2.64672 -0.1 -1.43918 -2.64672 -0.1 -694.281 -860.797 -32.2604 
281 -4.9 -3.46263 -0.0726037 -4.9 -3.46263 -0.0726037 -1434.83 -741.639 -33.7275 
282 4.09684 -3.61859 -0.1 4.09684 -3.61859 -0.1 1242.78 -796.25 -15.2627 
283 3.44516 -0.445774 0.1 3.44516 -0.445774 0.1 1081.07 -102.192 23.7043 
284 4.9 -2.1063 0.1 4.9 -2.1063 0.1 1651.95 -371.696 33.269 
285 4.9 0.702871 -0.1 4.9 0.702871 -0.1 1180.54 -58.6571 -21.5774 
286 -4.9 1.56839 0.0743747 -4.9 1.56839 0.0743747 -1452.17 609.871 36.0636 
287 -4.9 -1.87085 0.1 -4.9 -1.87085 0.1 -1627.8 -450.002 33.6251 
288 -1.3254 1.26259 -0.1 -1.3254 1.26259 -0.1 -220.242 271.943 -19.3255 
289 -2.08593 -4.9 -0.1 -2.08593 -4.9 -0.1 -515.405 -1208.92 -28.2646 
290 -0.863753 -2.93148 0.1 -0.863753 -2.93148 0.1 -175.656 -912.896 18.8171 
291 -2.41696 -4.49372 -0.1 -2.41696 -4.49372 -0.1 -645.137 -1433.22 -31.4507 
292 1.00065 0.759959 -0.1 1.00065 0.759959 -0.1 465.226 200.603 -35.5771 
293 1.58601 3.16362 -0.1 1.58601 3.16362 -0.1 694.681 1173.99 -18.9721 
294 3.1038 1.32774 -0.1 3.1038 1.32774 -0.1 645.329 343.281 -35.229 
295 -0.00493926 4.9 -0.1 -0.00493926 4.9 -0.1 -243.079 1355.57 -28.5312 
296 1.27735 0.680087 -0.1 1.27735 0.680087 -0.1 474.08 225.307 -17.2847 
297 -4.9 -4.9 -0.1 -4.9 -4.9 -0.1 -1614.53 -1253.48 -18.5609 
298 0.525319 2.80617 -0.1 0.525319 2.80617 -0.1 37.8392 651.368 -26.9096 
299 0.183401 -0.608213 -0.1 0.183401 -0.608213 -0.1 14.4493 -191.275 -25.4444 
300 -0.474116 0.417264 0.0671685 -0.474116 0.417264 0.0671685 26.9648 -5.56705 9.03894 
301 -0.888554 -0.433836 0.1 -0.888554 -0.433836 0.1 -279.565 -285.927 28.1702 
302 -0.380824 -4.9 -0.1 -0.380824 -4.9 -0.1 171.486 -1558.03 -20.0673 
303 -4.1253 4.9 0.1 -4.1253 4.9 0.1 -1203.74 1175.52 15.1429 
304 1.62278 -3.5783 -0.1 1.62278 -3.5783 -0.1 636.903 -1225.54 -28.4521 
305 4.22666 4.9 -0.1 4.22666 4.9 -0.1 1323.65 1440.51 -28.825 
306 4.9 0.757042 -0.040821 4.9 0.757042 -0.040821 1266.4 64.4331 -5.62688 
307 -1.32423 0.0874585 0.1 -1.32423 0.0874585 0.1 -623.042 267.466 19.6703 
308 -0.513598 4.9 0.1 -0.513598 4.9 0.1 71.1771 1626.54 18.5956 
309 -3.722 -3.15675 0.1 -3.722 -3.15675 0.1 -1255.81 -704.474 18.3425 
310 -1.41692 4.9 -0.1 -1.41692 4.9 -0.1 -358.154 1197.51 -15.5829 
311 -2.67124 -4.571 0.1 -2.67124 -4.571 0.1 -652.209 -1416.7 31.147 
312 -4.85047 -2.37562 0.1 -4.85047 -2.37562 0.1 -1696.35 -713.741 23.2713 
313 4.9 -1.04056 0.1 4.9 -1.04056 0.1 1190.5 -339.434 16.1457 
314 4.9 4.9 -0.1 4.9 4.9 -0.1 1196.28 1706.31 -34.0065 
315 1.11119 -2.46305 0.1 1.11119 -2.46305 0.1 451.773 -725.401 31.7922 
316 -4.9 -1.7004 -0.1 -4.9 -1.7004 -0.1 -1456.57 -271.864 -38.3789 
317 0.512959 0.227697 -0.0478064 0.512959 0.227697 -0.0478064 0 -0.0326667 0 
318 -4.9 1.81265 0.1 -4.9 1.81265 0.1 -1180.67 600.151 28.5156 
319 -4.9 1.09468 0.1 -4.9 1.09468 0.1 -1750.46 58.5917 33.1136 
320 3.22224 1.29736 0.1 3.22224 1.29736 0.1 1031.72 115.544 17.1587 
321 4.65903 -4.3581 0.1 4.65903 -4.3581 0.1 1538.56 -1582.49 28.0187 
322 -4.73223 4.9 0.1 -4.73223 4.9 0.1 -1151.53 1218.84 35.3543 
323 -4.9 -1.02559 0.1 -4.9 -1.02559 0.1 -1573.08 -484.342 21.8336 
324 -2.2792 2.61133 -0.1 -2.2792 2.61133 -0.1 -735.08 543.31 -24.3578 
325 -4.9 4.83174 0.1 -4.9 4.83174 0.1 -1621.1 1412.02 22.4256 
326 -0.0345637 1.29286 -0.1 -0.0345637 1.29286 -0.1 -157.301 598.899 -23.7579 
327 2.91038 2.45284 -0.1 2.91038 2.45284 -0.1 1018.19 936.909 -22.4786 
328 1.72116 4.9 -0.1 1.72116 4.9 -0.1 544.58 1661.55 -25.0859 
329 3.73835 -3.40945 -0.1 3.73835 -3.40945 -0.1 1064.53 -1221.28 -33.839 
330 1.06246 3.49962 -0.1 1.06246 3.49962 -0.1 46.9729 926.615 -15.1066 
331 4.9 2.17182 0.1 4.9 2.17182 0.1 1466.21 751.852 22.1371 
332 -3.15208 -2.06809 0.1 -3.15208 -2.06809 0.1 -715.737 -507.149 16.0848 
333 4.9 -4.9 0.1 4.9 -4.9 0.1 1347.04 -1500.3 32.631 
334 4.9 -4.9 -0.1 4.9 -4.9 -0.1 1659.48 -1171.09 -19.4307 
335 1.19707 0.185679 -0.1 1.19707 0.185679 -0.1 198.255 20.4838 -29.3444 
336 4.9 -0.913333 -0.1 4.9 -0.913333 -0.1 1346.45 -308.555 -23.5353 
337 0.187384 0.796075 -0.1 0.187384 0.796075 -0.1 202.796 190.777 -16.3935 
338 3.56719 2.48735 -0.1 3.56719 2.48735 -0.1 896.795 888.794 -15.4983 
339 -4.9 4.9 0.1 -4.9 4.9 0.1 -1411.05 1652.25 23.0372 
340 3.39448 -2.65004 0.1 3.39448 -2.65004 0.1 1010.09 -511.529 26.7607 
341 -0.179542 0.574294 0.1 -0.179542 0.574294 0.1 139.262 -54.8005 24.4983 
342 -2.31203 -1.75043 0.1 -2.31203 -1.75043 0.1 -404.007 -232.3 18.1119 
343 -1.90465 -0.674198 -0.1 -1.90465 -0.674198 -0.1 -539.053 50.0717 -25.8209 
344 -1.57161 4.9 0.1 -1.57161 4.9 0.1 -539.083 1652.13 18.105 
345 3.56905 -4.9 -0.1 3.56905 -4.9 -0.1 1267.18 -1449.18 -26.982 
346 -0.111505 -0.25298 0.1 -0.111505 -0.25298 0.1 178.344 -117.256 28.8632 
347 -0.946182 1.56761 0.1 -0.946182 1.56761 0.1 -40.7981 281.8 18.828 
348 -3.89631 -4.9 -0.1 -3.89631 -4.9 -0.1 -926.222 -1280.36 -15.7849 
349 -0.405543 -4.9 -0.1 -0.405543 -4.9 -0.1 72.322 -1689.3 -16.8099 
350 -3.90585 -0.742209 0.1 -3.90585 -0.742209 0.1 -956.283 -96.3862 38.2174 
351 1.90047 -4.51389 -0.1 1.90047 -4.51389 -0.1 352.071 -1599.13 -26.32 
352 -3.16615 -1.96928 -0.1 -3.16615 -1.96928 -0.1 -775.253 -787.754 -31.8302 
353 -1.0234 -0.606456 -0.1 -1.0234 -0.606456 -0.1 -63.9106 -98.3485 -25.1995 
354 4.9 0.738182 0.1 4.9 0.738182 0.1 1386.41 406.621 16.3118 
355 -1.23993 4.9 0.1 -1.23993 4.9 0.1 -390.255 1338.71 20.4482 
356 0.176782 -1.65213 0.1 0.176782 -1.65213 0.1 -209.602 -414.283 40.3585 
357 -1.76582 0.472508 0.1 -1.76582 0.472508 0.1 -368.538 39.9168 24.1755 
358 3.056 -4.70338 0.1 3.056 -4.70338 0.1 978.093 -1401.83 19.7266 
359 0.944465 -2.97507 0.1 0.944465 -2.97507 0.1 100.783 -737.133 16.0809 
360 1.42474 -4.00676 -0.1 1.42474 -4.00676 -0.1 486.551 -1317.72 -30.9942 
361 -3.0306 -4.9 0.1 -3.0306 -4.9 0.1 -1031.82 -1394.64 31.6997 
362 2.11906 -4.9 -0.1 2.11906 -4.9 -0.1 368.019 -1211.28 -35.356 
363 0.952246 -0.190086 0.1 0.952246 -0.190086 0.1 375.209 -2.87955 17.2332 
364 -4.9 -1.57448 -0.1 -4.9 -1.57448 -0.1 -1589.24 -308.713 -15.7809 
365 -0.437278 4.9 0.1 -0.437278 4.9 0.1 -153.331 1187.82 30.3712 
366 -1.18376 -1.16854 0.1 -1.18376 -1.16854 0.1 -418.446 -433.14 19.1839 
367 2.9947 1.69362 0.1 2.9947 1.69362 0.1 755.055 261.69 29.4516 
368 -4.9 3.65993 -0.1 -4.9 3.65993 -0.1 -1444.04 1380.43 -19.4909 
369 -1.71183 2.22755 0.1 -1.71183 2.22755 0.1 -683.981 425.131 27.8149 
370 0.828943 -1.30775 -0.1 0.828943 -1.30775 -0.1 -20.9057 -394.818 -15.6947 
371 -4.9 4.9 -0.1 -4.9 4.9 -0.1 -1180.97 1286.78 -38.5971 
372 -4.40535 4.9 0.1 -4.40535 4.9 0.1 -1156.8 1187.03 28.1659 
373 4.9 3.52751 0.1 4.9 3.52751 0.1 1349.76 1010.29 20.7678 
374 0.712819 1.18922 0.1 0.712819 1.18922 0.1 244.149 144.345 17.6426 
375 -4.9 4.3403 -0.1 -4.9 4.3403 -0.1 -1297.8 1367.26 -40.4878 
376 3.50295 -0.592009 -0.1 3.50295 -0.592009 -0.1 917.389 -357.351 -20.5904 
377 0.128028 0.662631 -0.1 0.128028 0.662631 -0.1 -75.9129 -95.3004 -17.4639 
378 -4.59737 -4.9 -0.1 -4.59737 -4.9 -0.1 -1280.29 -1284.15 -33.8553 
379 4.9 -1.39849 0.1 4.9 -1.39849 0.1 1488.86 -223.343 19.6904 
380 -1.81855 2.30607 0.1 -1.81855 2.30607 0.1 -253.615 785.236 27.5519 
381 -4.9 3.68233 0.1 -4.9 3.68233 0.1 -1378.97 1375.47 16.494 
382 4.9 1.02583 0.1 4.9 1.02583 0.1 1432.17 353.258 19.435 
383 1.11807 4.9 -0.1 1.11807 4.9 -0.1 373.615 1260.47 -28.5407 
384 -2.56346 4.9 0.1 -2.56346 4.9 0.1 -481.04 1366.28 24.9793 
385 -3.39837 0.680993 0.1 -3.39837 0.680993 0.1 -727.428 -82.9912 26.7299 
386 0.185037 -3.35792 0.1 0.185037 -3.35792 0.1 235.949 -783.984 15.0483 
387 4.9 4.67231 0.1 4.9 4.67231 0.1 1630.02 1212.99 25.1264 
388 4.20945 -1.66228 -0.1 4.20945 -1.66228 -0.1 1153.4 -206.604 -31.738 
389 -0.380658 0.597094 -0.1 -0.380658 0.597094 -0.1 42.6682 -70.3251 -15.9278 
390 0.880279 -0.471975 -0.0389888 0.880279 -0.471975 -0.0389888 5.64575 0.485227 -1.59299 
391 3.13417 1.99205 0.1 3.13417 1.99205 0.1 945.609 831.17 19.6928 
392 -0.468231 -4.9 0.1 -0.468231 -4.9 0.1 108.376 -1431.29 22.4755 
393 1.6766 -4.65585 -0.1 1.6766 -4.65585 -0.1 354.909 -1680.33 -30.2867 
394 2.16732 -4.9 -0.1 2.16732 -4.9 -0.1 904.597 -1529.05 -19.0102 
395 -1.31497 1.23473 0.1 -1.31497 1.23473 0.1 -425.345 583.561 17.6628 
396 3.77991 -1.19701 -0.1 3.77991 -1.19701 -0.1 1085.76 -169.951 -19.9076 
397 0.474155 -1.03479 -0.1 0.474155 -1.03479 -0.1 104.755 -65.7928 -15.3944 
398 -0.523877 0.331134 -0.0772342 -0.523877 0.331134 -0.0772342 -132.265 41.6653 -24.3562 
399 -4.37158 1.54185 0.1 -4.37158 1.54185 0.1 -1320.36 195.344 29.6721 
400 -4.9 -4.9 0.1 -4.9 -4.9 0.1 -1734.46 -1223.91 18.7451 
401 4.9 -4.0048 0.1 4.9 -4.0048 0.1 1520.16 -1220.93 25.9821 
402 0.406263 -4.9 -0.1 0.406263 -4.9 -0.1 176.23 -1282.66 -29.2276 
403 1.03673 4.64992 -0.1 1.03673 4.64992 -0.1 392.379 1172.77 -18.8208 
404 3.87972 -2.86332 -0.1 3.87972 -2.86332 -0.1 1229.34 -1016.38 -37.3226 
405 1.18009 -4.9 0.1 1.18009 -4.9 0.1 381.277 -1259.38 26.1483 
406 4.36705 -4.9 0.1 4.36705 -4.9 0.1 1361.48 -1282.56 26.1673 
407 -4.9 -2.40462 -0.1 -4.9 -2.40462 -0.1 -1627.2 -902.164 -30.5089 
408 -2.7437 -1.49079 0.1 -2.7437 -1.49079 0.1 -1093.65 -560.299 32.7302 
409 4.9 4.05486 -0.1 4.9 4.05486 -0.1 1595.66 1262.96 -25.8995 
410 3.20426 2.11115 0.1 3.20426 2.11115 0.1 816.617 703.319 22.4701 
411 2.5347 4.09845 0.1 2.5347 4.09845 0.1 567.412 1184.94 21.6498 
412 -3.71334 -0.256064 -0.1 -3.71334 -0.256064 -0.1 -1231.01 -10.681 -17.6011 
413 -3.63946 4.9 0.1 -3.63946 4.9 0.1 -1354.61 1256.59 25.4039 
414 -4.9 4.0478 -0.1 -4.9 4.0478 -0.1 -1332.98 1339.48 -21.681 
415 -2.51527 -4.60509 -0.1 -2.51527 -4.60509 -0.1 -812.371 -1512.3 -25.8676 
416 2.38055 -4.9 0.1 2.38055 -4.9 0.1 721.052 -1346.53 20.704 
417 -4.9 -2.24776 0.1 -4.9 -2.24776 0.1 -1453.61 -563.235 25.9587 
418 1.10795 -4.82282 -0.1 1.10795 -4.82282 -0.1 330.423 -1257.24 -40.0739 
419 -2.24257 0.430651 0.1 -2.24257 0.430651 0.1 -523.679 53.2584 28.8485 
420 -4.21767 2.78161 0.1 -4.21767 2.78161 0.1 -1531.07 754.8 16.2393 
421 1.54127 -4.86958 -0.1 1.54127 -4.86958 -0.1 168.701 -1670.71 -18.4395 
422 4.9 1.05571 -0.1 4.9 1.05571 -0.1 1555.18 542.14 -16.5105 
423 -4.9 -4.9 0.1 -4.9 -4.9 0.1 -1431.73 -1277.65 21.6061 
424 0.384673 2.12853 -0.1 0.384673 2.12853 -0.1 143.2 409.259 -21.0702 
425 4.9 -4.9 0.1 4.9 -4.9 0.1 1280.05 -1551.21 26.1661 
426 4.55287 1.70163 -0.1 4.55287 1.70163 -0.1 1166.34 479.386 -23.9465 
427 -4.9 4.53336 0.1 -4.9 4.53336 0.1 -1461.44 1187.09 30.5089 
428 4.9 -4.9 0.1 4.9 -4.9 0.1 1315.12 -1391.73 23.2239 
429 -3.53556 -2.16243 -0.1 -3.53556 -2.16243 -0.1 -814.695 -650.259 -19.9769 
430 4.82098 4.9 0.1 4.82098 4.9 0.1 1650.95 1521.5 22.9405 
431 1.27555 -2.09514 0.1 1.27555 -2.09514 0.1 655.378 -809.103 17.9762 
432 -3.96911 -4.9 -0.1 -3.96911 -4.9 -0.1 -1255.78 -1181.37 -25.753 
433 -4.9 -4.9 0.1 -4.9 -4.9 0.1 -1247.56 -1391.25 23.5445 
434 -0.222141 -3.04331 -0.1 -0.222141 -3.04331 -0.1 -278.693 -930.287 -22.5039 
435 4.9 4.9 -0.1 4.9 4.9 -0.1 1688.21 1288.85 -26.7425 
436 -0.165642 -3.6543 0.1 -0.165642 -3.6543 0.1 58.3335 -1026.57 25.1835 
437 3.6399 -2.90983 -0.1 3.6399 -2.90983 -0.1 1109.93 -1152.87 -31.7752 
438 -1.0416 2.48771 0.1 -1.0416 2.48771 0.1 -426.322 635.272 21.2612 
439 -2.3679 -2.96246 0.1 -2.3679 -2.96246 0.1 -598.995 -798.325 22.6568 
440 -2.18521 -0.0747628 -0.1 -2.18521 -0.0747628 -0.1 -791.498 -266.465 -18.1932 
441 4.9 -2.82045 0.1 4.9 -2.82045 0.1 1529.5 -1108.25 37.7419 
442 4.9 0.507798 0.1 4.9 0.507798 0.1 1379.75 10.8324 20.4487 
443 3.59285 0.872164 -0.1 3.59285 0.872164 -0.1 880.542 478.496 -15.2548 
444 -4.9 -3.07747 0.1 -4.9 -3.07747 0.1 -1486.64 -1037.94 21.8073 
445 0.590082 3.17083 0.1 0.590082 3.17083 0.1 -92.8835 909.145 19.2658 
446 -3.99513 -4.70802 -0.1 -3.99513 -4.70802 -0.1 -1398.19 -1350.9 -22.7286 
447 -2.5305 4.9 -0.1 -2.5305 4.9 -0.1 -902.9 1508.21 -35.8706 
448 4.9 -3.42915 -0.1 4.9 -3.42915 -0.1 1181 -826.982 -35.4735 
449 -2.07841 1.93797 -0.1 -2.07841 1.93797 -0.1 -411.864 766.891 -30.9665 
450 -3.24988 -4.58589 -0.1 -3.24988 -4.58589 -0.1 -1006.02 -1184.35 -22.3446 
451 -4.9 -0.647801 0.1 -4.9 -0.647801 0.1 -1363.62 -29.2309 22.6994 
452 -4.9 -0.645459 -0.1 -4.9 -0.645459 -0.1 -1568.09 -242.02 -19.3472 
453 0.207119 -4.9 0.1 0.207119 -4.9 0.1 196.43 -1420.51 16.3749 
454 -2.24355 1.7289 -0.1 -2.24355 1.7289 -0.1 -719.331 380.162 -16.0835 
455 0.848786 4.9 -0.1 0.848786 4.9 -0.1 192.684 1370.9 -23.8193 
456 1.88313 -1.60401 -0.1 1.88313 -1.60401 -0.1 617.549 -529.331 -27.9667 
457 -4.07325 -0.119406 -0.1 -4.07325 -0.119406 -0.1 -1412.07 -280.205 -36.087 
458 1.3445 1.50428 -0.1 1.3445 1.50428 -0.1 447.951 344.489 -20.1052 
459 -4.9 -4.9 -0.1 -4.9 -4.9 -0.1 -1504.16 -1408.07 -23.5058 
460 0.905722 1.80063 -0.1 0.905722 1.80063 -0.1 264.934 821.282 -26.7333 
461 -2.14629 3.54614 0.1 -2.14629 3.54614 0.1 -458.887 988.48 15.2262 
462 -0.540195 3.49048 -0.1 -0.540195 3.49048 -0.1 -210.979 865.146 -32.5579 
463 4.9 4.9 0.1 4.9 4.9 0.1 1658.47 1729.41 28.9737 
464 0.657964 -0.636105 0.1 0.657964 -0.636105 0.1 229.181 -354.023 15.1871 
465 -4.9 -4.9 -0.1 -4.9 -4.9 -0.1 -1649.7 -1240.6 -34.225 
466 1.19449 -3.33641 0.1 1.19449 -3.33641 0.1 631.093 -958.304 27.2783 
467 0.97796 0.463145 0.0499901 0.97796 0.463145 0.0499901 0 -0.0326667 0 
468 -1.24839 1.54918 -0.1 -1.24839 1.54918 -0.1 -320.212 168.329 -35.998 
469 -3.55042 -2.91752 -0.1 -3.55042 -2.91752 -0.1 -1108.59 -598.567 -21.1042 
470 4.9 -2.2806 -0.1 4.9 -2.2806 -0.1 1652.13 -674.941 -15.7459 
471 4.40931 4.9 0.1 4.40931 4.9 0.1 1051.54 1706.35 23.3524 
472 -4.9 0.593425 0.1 -4.9 0.593425 0.1 -1598.52 340.341 18.8535 
473 -3.24181 1.84567 -0.1 -3.24181 1.84567 -0.1 -777.016 321.145 -17.2168 
474 -0.441424 0.0112433 -0.1 -0.441424 0.0112433 -0.1 -181.483 119.677 -22.5948 
475 -1.76216 -1.80755 -0.1 -1.76216 -1.80755 -0.1 -738.847 -795.983 -27.8032 
476 0.989018 -1.00698 0.1 0.989018 -1.00698 0.1 79.3972 -15.1634 19.2075 
477 1.73571 -4.9 0.1 1.73571 -4.9 0.1 714.362 -1181.45 32.3389 
478 -4.9 -1.19752 -0.1 -4.9 -1.19752 -0.1 -1544.49 -195.188 -24.5352 
479 0.867659 0.344962 -0.0169778 0.867659 0.344962 -0.0169778 183.152 200.906 -17.4432 
480 -3.36268 4.9 -0.1 -3.36268 4.9 -0.1 -721.42 1346.81 -27.8825 
481 4.9 -4.9 0.1 4.9 -4.9 0.1 1399.29 -1414.41 24.5619 
482 0.455166 2.91961 0.1 0.455166 2.91961 0.1 108.286 859.517 15.5013 
483 4.9 2.28173 -0.1 4.9 2.28173 -0.1 1173.99 814.867 -24.4939 
484 0.56693 4.9 0.1 0.56693 4.9 0.1 279.987 1530.74 29.3476 
485 1.55444 -1.70629 0.1 1.55444 -1.70629 0.1 677.742 -403.133 19.1483 
486 -0.805388 4.53862 0.0703673 -0.805388 4.53862 0.0703673 -466.026 1280.35 21.0216 
487 -2.5514 -2.15023 -0.1 -2.5514 -2.15023 -0.1 -662.148 -761.536 -16.5833 
488 1.63851 4.9 0.1 1.63851 4.9 0.1 705.041 1487.2 25.8187 
489 1.50621 1.4059 0.1 1.50621 1.4059 0.1 197.135 127.116 18.4348 
490 -0.340401 3.62372 -0.1 -0.340401 3.62372 -0.1 132.962 1116.42 -21.0498 
491 4.9 2.16972 -0.1 4.9 2.16972 -0.1 1663.61 902.333 -17.9081 
492 -2.07995 -1.75236 0.1 -2.07995 -1.75236 0.1 -383.36 -641.42 16.5758 
493 -3.56334 -0.137007 -0.1 -3.56334 -0.137007 -0.1 -1251.69 20.6787 -17.2625 
494 1.4435 -4.9 -0.1 1.4435 -4.9 -0.1 575.708 -1556.42 -15.0334 
495 0.017584 4.26401 -0.1 0.017584 4.26401 -0.1 265.038 1133.56 -41.5223 
496 4.9 4.9 0.1 4.9 4.9 0.1 1180.3 1747.39 26.1084 
497 -2.2582 -1.20498 0.1 -2.2582 -1.20498 0.1 -470.271 -491.264 15.4642 
498 -2.15538 0.44591 0.1 -2.15538 0.44591 0.1 -570.045 -59.5431 16.7635 
499 -1.52387 4.9 0.1 -1.52387 4.9 0.1 -184.677 1276.82 19.2444 
500 -4.39174 3.76093 0.1 -4.39174 3.76093 0.1 -1269.58 1341.62 29.195 
501 2.07158 3.71961 0.1 2.07158 3.71961 0.1 450.057 1147.72 16.0844 
502 1.61104 -0.794784 0.1 1.61104 -0.794784 0.1 380.173 -173.561 20.6533 
503 4.9 1.7564 0.1 4.9 1.7564 0.1 1480.63 403.828 23.5424 
504 -4.9 -4.9 0.1 -4.9 -4.9 0.1 -1182.22 -1227.41 24.6238 
505 3.07966 1.29885 -0.1 3.07966 1.29885 -0.1 685.206 321.105 -15.8366 
506 -4.82621 4.11009 -0.1 -4.82621 4.11009 -0.1 -1422.27 1108 -32.8866 
507 -1.4832 -4.9 -0.1 -1.4832 -4.9 -0.1 -157.761 -1408.97 -24.2707 
508 3.22908 3.26239 -0.1 3.22908 3.26239 -0.1 1167.49 1080.68 -16.8056 
509 -0.490676 4.9 0.1 -0.490676 4.9 0.1 -310.943 1659.72 26.443 
510 2.11956 0.439149 0.1 2.11956 0.439149 0.1 769.199 178.031 21.0771 
511 3.09831 1.34659 -0.1 3.09831 1.34659 -0.1 807.571 665.481 -34.1587 
512 2.76018 -4.09948 0.1 2.76018 -4.09948 0.1 569.08 -1239.75 17.5465 
513 -0.586627 0.768966 -0.1 -0.586627 0.768966 -0.1 -370.057 72.9407 -15.1887 
514 4.09798 -1.59596 -0.1 4.09798 -1.59596 -0.1 1060.24 -280.443 -24.2558 
515 0.311586 0.732601 -0.041877 0.311586 0.732601 -0.041877 -8.18945 -16.825 -0.88134 
516 4.9 1.90228 0.1 4.9 1.90228 0.1 1558.39 798.284 31.3437 
517 4.9 3.06259 0.1 4.9 3.06259 0.1 1652.18 901.418 19.0212 
518 4.9 -0.306356 -0.1 4.9 -0.306356 -0.1 1382.89 190.163 -25.8379 
519 -4.63021 3.59595 -0.1 -4.63021 3.59595 -0.1 -1498.07 969.415 -19.0335 
520 -4.9 0.561796 0.1 -4.9 0.561796 0.1 -1291.65 -31.7452 19.5993 
521 3.39552 -0.0431882 -0.1 3.39552 -0.0431882 -0.1 896.607 194.831 -30.986 
522 2.52049 -3.29684 0.1 2.52049 -3.29684 0.1 956.096 -891.581 23.5184 
523 0.619701 -0.289236 -0.1 0.619701 -0.289236 -0.1 256.95 -272.8 -19.8579 
524 3.17028 2.71423 -0.1 3.17028 2.71423 -0.1 1042.05 958.404 -19.4355 
525 0.821107 0.431411 0.0249281 0.821107 0.431411 0.0249281 12.0796 -50.6944 12.315 
526 0.0427465 -2.64934 -0.1 0.0427465 -2.64934 -0.1 63.1345 -569.218 -22.7561 
527 -4.9 -0.736783 -0.1 -4.9 -0.736783 -0.1 -1497.79 -177.891 -30.365 
528 -4.9 4.9 0.1 -4.9 4.9 0.1 -1675.07 1487.01 37.7286 
529 4.9 -4.9 0.1 4.9 -4.9 0.1 1662.02 -1193.93 21.6519 
530 -0.403517 0.80523 0.0429647 -0.403517 0.80523 0.0429647 21.9957 3.3159 3.57705 
531 1.32355 3.29047 0.1 1.32355 3.29047 0.1 566.445 1171.24 24.2348 
532 -1.9359 -1.53567 0.1 -1.9359 -1.53567 0.1 -636.653 -588.114 15.5682 
533 -4.39325 0.712319 0.1 -4.39325 0.712319 0.1 -1349.17 478.756 33.1959 
534 2.88852 0.0670424 0.1 2.88852 0.0670424 0.1 750.313 -161.782 21.7202 
535 -0.841576 -4.86257 0.1 -0.841576 -4.86257 0.1 -460.979 -1290.37 28.4556 
536 3.27855 4.57276 -0.1 3.27855 4.57276 -0.1 1236.44 1532.54 -22.2398 
537 3.9957 2.21746 -0.1 3.9957 2.21746 -0.1 1050.18 901.83 -34.3985 
538 4.9 -4.9 0.1 4.9 -4.9 0.1 1423.65 -1411.6 25.6596 
539 -4.9 -4.9 -0.1 -4.9 -4.9 -0.1 -1433.08 -1271.96 -19.6462 
540 4.39728 1.07394 0.1 4.39728 1.07394 0.1 1250.05 110.21 18.7978 
541 4.9 -1.9121 -0.1 4.9 -1.9121 -0.1 1627.34 -491.616 -25.7472 
542 -0.260003 -0.250294 0.1 -0.260003 -0.250294 0.1 187.783 -110.459 15.3185 
543 0.234937 -3.99868 0.1 0.234937 -3.99868 0.1 39.1033 -1009.9 30.0687 
544 1.12937 -4.9 0.1 1.12937 -4.9 0.1 141.58 -1359.26 21.3284 
545 -4.9 -1.46753 -0.1 -4.9 -1.46753 -0.1 -1189.52 -407.131 -24.1941 
546 -2.24458 -2.30382 -0.1 -2.24458 -2.30382 -0.1 -436.106 -909.465 -23.8568 
547 -0.219752 -3.72736 0.1 -0.219752 -3.72736 0.1 -47.7143 -860.938 20.664 
548 3.42215 3.22155 0.1 3.42215 3.22155 0.1 1141.87 750.91 29.8878 
549 2.28397 0.727325 0.1 2.28397 0.727325 0.1 545.001 128.868 16.1069 
550 -0.974766 0.475546 -0.1 -0.974766 0.475546 -0.1 -366.654 405.742 -15.6781 
551 3.05569 4.9 0.1 3.05569 4.9 0.1 829.442 1455.41 20.7279 
552 -2.30824 3.06509 0.1 -2.30824 3.06509 0.1 -826.879 982.364 33.3659 
553 -1.52861 -4.9 0.1 -1.52861 -4.9 0.1 -280.39 -1635.05 16.4464 
554 -4.9 -0.12073 0.1 -4.9 -0.12073 0.1 -1336.74 -247.588 38.7845 
555 -1.39667 -1.94895 -0.1 -1.39667 -1.94895 -0.1 -134.944 -652.389 -15.5046 
556 4.9 -4.9 -0.1 4.9 -4.9 -0.1 1249.62 -1484.24 -23.7999 
557 0.514646 -1.104 0.067457 0.514646 -1.104 0.067457 -50.8771 -137.645 14.8648 
558 -3.63563 0.465653 -0.1 -3.63563 0.465653 -0.1 -805.219 378.953 -18.9513 
559 2.31341 2.37337 0.1 2.31341 2.37337 0.1 483.12 811.342 15.2366 
560 0.289698 -4.9 0.1 0.289698 -4.9 0.1 311.032 -1631.9 32.3029 
561 0.750065 0.65951 -0.1 0.750065 0.65951 -0.1 6.10948 421.948 -22.0092 
562 -3.42185 3.26982 0.1 -3.42185 3.26982 0.1 -1157.72 1040.14 17.4082 
563 -0.199045 3.12348 0.1 -0.199045 3.12348 0.1 -247.081 989.095 20.2632 
564 -0.777404 4.9 0.1 -0.777404 4.9 0.1 -293.718 1489.92 17.4037 
565 4.9 4.9 0.1 4.9 4.9 0.1 1497.29 1656.57 27.3806 
566 1.64235 0.0641512 0.1 1.64235 0.0641512 0.1 394.005 -257.166 16.9177 
567 -0.227382 1.53216 -0.1 -0.227382 1.53216 -0.1 31.5423 691.565 -27.8216 
568 0.402606 3.30812 -0.1 0.402606 3.30812 -0.1 274.953 1043.8 -17.2681 
569 0.961753 -0.251837 0.1 0.961753 -0.251837 0.1 565.155 127.165 17.6882 
570 2.35381 2.6721 0.1 2.35381 2.6721 0.1 615.355 598.447 26.3589 
571 4.9 0.209629 0.1 4.9 0.209629 0.1 1385.25 225.21 27.3955 
572 -1.10615 0.635903 0.1 -1.10615 0.635903 0.1 -95.0055 220.95 28.7958 
573 4.9 4.9 0.1 4.9 4.9 0.1 1251.54 1248.3 28.1201 
574 -0.592149 4.9 0.1 -0.592149 4.9 0.1 -366.339 1276.37 24.0565 
575 -4.9 4.9 -0.1 -4.9 4.9 -0.1 -1207.02 1389.16 -17.742 
576 -1.85283 -0.632692 -0.1 -1.85283 -0.632692 -0.1 -583.476 -371.731 -33.3737 
577 -2.37341 0.0128924 0.1 -2.37341 0.0128924 0.1 -824.045 -134.181 35.0825 
578 4.9 -4.9 0.1 4.9 -4.9 0.1 1178.1 -1172.23 31.1373 
579 4.56982 -2.38471 -0.1 4.56982 -2.38471 -0.1 1079.8 -630.761 -15.2852 
580 4.9 3.85896 -0.1 4.9 3.85896 -0.1 1419.32 1200.67 -26.7338 
581 3.82561 -4.84897 0.1 3.82561 -4.84897 0.1 989.774 -1480.99 16.921 
582 -3.45059 1.09084 -0.1 -3.45059 1.09084 -0.1 -1135.79 391.05 -31.3568 
583 2.99793 -4.9 0.1 2.99793 -4.9 0.1 802.144 -1437.79 31.0902 
584 -0.752252 -4.9 -0.1 -0.752252 -4.9 -0.1 -244.436 -1522.52 -23.7241 
585 -1.39685 -0.221388 -0.1 -1.39685 -0.221388 -0.1 -575.237 -188.324 -31.055 
586 -3.54694 -3.54941 -0.1 -3.54694 -3.54941 -0.1 -844.387 -912.705 -22.195 
587 3.50972 1.64049 -0.1 3.50972 1.64049 -0.1 788.744 474.036 -34.4586 
588 1.08401 -4.9 0.1 1.08401 -4.9 0.1 249.456 -1256.05 16.7227 
589 4.9 -2.51251 -0.1 4.9 -2.51251 -0.1 1475.38 -609.937 -15.9849 
590 -4.9 -4.9 -0.0154788 -4.9 -4.9 -0.0154788 -1424.09 -1633.79 5.06043 
591 3.66315 4.9 -0.1 3.66315 4.9 -0.1 926.876 1243.94 -19.1545 
592 -4.9 -0.429488 -0.1 -4.9 -0.429488 -0.1 -1298.76 -49.8632 -17.9529 
593 1.12655 0.0960499 -0.1 1.12655 0.0960499 -0.1 546.923 -58.9603 -35.6127 
594 0.525132 -1.66287 0.1 0.525132 -1.66287 0.1 184.259 -622.741 15.0062 
595 -0.854994 4.9 -0.1 -0.854994 4.9 -0.1 -197.219 1537.13 -19.5787 
596 -0.366603 3.91096 0.1 -0.366603 3.91096 0.1 -307.38 925.591 15.1951 
597 -0.0254416 2.00409 -0.1 -0.0254416 2.00409 -0.1 110.519 503.275 -18.8661 
598 4.9 4.9 0.1 4.9 4.9 0.1 1304.44 1426.45 26.8372 
599 0.051329 3.12366 -0.1 0.051329 3.12366 -0.1 242.215 919.144 -20.2742 
600 4.9 -4.9 0.1 4.9 -4.9 0.1 1483.36 -1177.3 16.0971 
601 -3.03455 -0.210295 -0.1 -3.03455 -0.210295 -0.1 -783.025 33.8948 -26.7005 
602 4.9 -1.99973 0.1 4.9 -1.99973 0.1 1175.73 -607.133 30.2799 
603 3.24055 -2.71401 -0.1 3.24055 -2.71401 -0.1 743.408 -704.418 -33.7874 
604 -4.9 2.58931 -0.1 -4.9 2.58931 -0.1 -1740.4 993.567 -18.0418 
605 3.46105 -3.09682 -0.1 3.46105 -3.09682 -0.1 754.566 -1113.68 -24.0198 
606 -1.25218 -1.21413 -0.1 -1.25218 -1.21413 -0.1 -300.285 -271.338 -35.1463 
607 -1.66966 -2.69999 -0.1 -1.66966 -2.69999 -0.1 -254.871 -549.489 -16.3762 
608 -1.28563 1.15667 -0.1 -1.28563 1.15667 -0.1 -206.277 148.029 -15.2413 
609 0.547132 -0.514225 0.1 0.547132 -0.514225 0.1 396.685 -367.191 15.5613 
610 4.9 1.88239 0.1 4.9 1.88239 0.1 1239.55 317.409 26.4455 
611 -3.00804 -0.361598 -0.1 -3.00804 -0.361598 -0.1 -900.468 -168.687 -18.5132 
612 -4.9 4.06009 -0.1 -4.9 4.06009 -0.1 -1285.59 1038.82 -28.1763 
613 4.9 -2.16215 -0.1 4.9 -2.16215 -0.1 1332.94 -515.888 -25.2384 
614 -4.9 -1.34836 -0.1 -4.9 -1.34836 -0.1 -1543.72 -422.041 -32.299 
615 -3.41984 4.9 -0.1 -3.41984 4.9 -0.1 -872.512 1364.07 -15.4935 
616 -1.73969 -1.62338 -0.1 -1.73969 -1.62338 -0.1 -792.202 -691.488 -29.8797 
617 -4.9 -2.14942 0.1 -4.9 -2.14942 0.1 -1397.7 -915.572 28.9433 
618 3.65476 4.9 -0.1 3.65476 4.9 -0.1 1168 1338.77 -19.2852 
619 -4.9 -4.9 -0.1 -4.9 -4.9 -0.1 -1624 -1352.95 -17.5143 
620 -4.9 4.9 -0.1 -4.9 4.9 -0.1 -1234.46 1288.42 -28.2119 
621 4.70616 1.85393 -0.1 4.70616 1.85393 -0.1 1174.27 645.809 -21.0582 
622 0.267268 0.817707 0.0425609 0.267268 0.817707 0.0425609 0 -0.0326667 0 
623 -2.71869 4.38083 -0.1 -2.71869 4.38083 -0.1 -681.469 1335.19 -17.3275 
624 0.579391 1.3801 0.1 0.579391 1.3801 0.1 199.298 321.84 25.8468 
625 -4.23164 0.00421209 0.1 -4.23164 0.00421209 0.1 -1203.76 -239.489 36.6505 
626 0.355118 0.970898 -0.0281484 0.355118 0.970898 -0.0281484 -7.55141 29.1938 1.90045 
627 2.21811 -3.0468 -0.1 2.21811 -3.0468 -0.1 519.285 -750.223 -17.3685 
628 -4.18653 -4.13169 0.1 -4.18653 -4.13169 0.1 -1326.81 -1041.52 19.7392 
629 4.9 1.75425 -0.1 4.9 1.75425 -0.1 1443.16 443.844 -26.1271 
630 3.75151 4.9 0.1 3.75151 4.9 0.1 1320.46 1707.72 31.804 
631 0.115437 -1.87635 -0.1 0.115437 -1.87635 -0.1 309.738 -578.284 -22.3824 
632 -4.47371 -2.47174 -0.1 -4.47371 -2.47174 -0.1 -1114.1 -914.486 -22.5815 
633 -4.54022 -2.53267 0.1 -4.54022 -2.53267 0.1 -1116.27 -985.578 26.8329 
634 1.52192 4.17579 -0.1 1.52192 4.17579 -0.1 368.981 964.932 -26.64 
635 -1.24132 2.07802 0.1 -1.24132 2.07802 0.1 -462.257 544.064 17.6784 
636 0.581368 0.918439 -0.0505621 0.581368 0.918439 -0.0505621 0.861584 6.99238 -3.75904 
637 -0.686341 -0.89257 0.1 -0.686341 -0.89257 0.1 -16.3232 -271.125 30.1065 
638 -4.9 -1.46297 0.1 -4.9 -1.46297 0.1 -1426.55 -534.17 27.5637 
639 4.9 3.00389 0.1 4.9 3.00389 0.1 1663.63 1083.65 25.7705 
640 4.9 0.795726 -0.1 4.9 0.795726 -0.1 1240.61 131.224 -17.333 
641 4.9 2.31508 0.1 4.9 2.31508 0.1 1747.49 709.77 31.8391 
642 -2.91546 4.9 -0.1 -2.91546 4.9 -0.1 -906.164 1500.29 -26.4948 
643 4.9 0.0329562 -0.1 4.9 0.0329562 -0.1 1340.59 -88.7047 -21.1285 
644 4.16581 -3.84005 -0.1 4.16581 -3.84005 -0.1 1288.06 -1064.3 -20.1181 
645 -0.934308 3.60028 -0.1 -0.934308 3.60028 -0.1 -307.826 810.639 -20.5754 
646 -2.16282 -3.0083 0.1 -2.16282 -3.0083 0.1 -761.01 -633.185 16.9399 
647 -2.02541 1.73106 -0.1 -2.02541 1.73106 -0.1 -540.078 674.042 -19.667 
648 0.374317 -2.75446 -0.1 0.374317 -2.75446 -0.1 -56.6232 -787.469 -28.1141 
649 1.38561 -1.31259 0.1 1.38561 -1.31259 0.1 131.794 -583.227 16.9726 
650 -4.34573 -0.914355 -0.1 -4.34573 -0.914355 -0.1 -1502.76 -107.452 -19.1977 
651 0.302981 1.56859 0.1 0.302981 1.56859 0.1 163.827 714.505 20.9757 
652 -1.11797 0.51793 0.1 -1.11797 0.51793 0.1 -481.877 143.98 16.1532 
653 -2.0706 -4.9 -0.1 -2.0706 -4.9 -0.1 -536.584 -1583.69 -17.4456 
654 -4.4698 1.72908 -0.1 -4.4698 1.72908 -0.1 -1095.43 514.619 -22.2667 
655 -2.59596 0.386792 -0.1 -2.59596 0.386792 -0.1 -765.007 92.4765 -19.5881 
656 -0.881482 -4.9 -0.1 -0.881482 -4.9 -0.1 -45.3357 -1428.53 -15.1167 
657 -0.0507242 1.34234 0.1 -0.0507242 1.34234 0.1 -17.1335 392.113 37.1369 
658 -1.03992 4.18935 0.1 -1.03992 4.18935 0.1 -103.617 1440.5 26.8507 
659 0.282046 -1.16361 0.0507254 0.282046 -1.16361 0.0507254 -109.302 -51.2014 3.64507 
660 -4.9 0.876009 0.1 -4.9 0.876009 0.1 -1245.72 487.009 37.9987 
661 0.750764 0.958127 0.1 0.750764 0.958127 0.1 235.448 248.984 26.8972 
662 2.1097 2.46495 -0.1 2.1097 2.46495 -0.1 619.452 517.574 -30.2154 
663 -1.34521 -1.8351 0.1 -1.34521 -1.8351 0.1 -407.456 -753.066 18.4688 
664 -1.99015 -4.9 0.1 -1.99015 -4.9 0.1 -565.595 -1753.62 16.0253 
665 2.75037 2.88568 -0.1 2.75037 2.88568 -0.1 866.674 880.144 -31.4643 
666 4.9 2.1152 0.1 4.9 2.1152 0.1 1238.86 740.678 21.1656 
667 -2.60407 0.916311 -0.1 -2.60407 0.916311 -0.1 -829.299 182.093 -15.6628 
668 4.9 -2.66911 -0.1 4.9 -2.66911 -0.1 1195.03 -829.293 -24.2392 
669 2.07867 -4.29554 -0.1 2.07867 -4.29554 -0.1 483.888 -1223.13 -19.5812 
670 1.54327 0.823406 -0.1 1.54327 0.823406 -0.1 292.985 283.282 -30.3092 
671 -4.9 3.03775 -0.1 -4.9 3.03775 -0.1 -1363.06 1060.59 -21.8646 
672 1.07334 0.0160441 -0.1 1.07334 0.0160441 -0.1 568.192 245.843 -19.3812 
673 -0.00480631 2.74314 -0.1 -0.00480631 2.74314 -0.1 150.308 542.202 -30.4883 
674 -2.32391 -4.9 0.1 -2.32391 -4.9 0.1 -443.291 -1300.7 33.2856 
675 4.9 4.9 -0.1 4.9 4.9 -0.1 1496.17 1661.42 -19.9503 
676 -4.9 -0.197468 -0.1 -4.9 -0.197468 -0.1 -1750.98 226.125 -30.0106 
677 -4.9 0.768726 -0.1 -4.9 0.768726 -0.1 -1584.25 194.613 -20.1785 
678 -4.9 -2.32879 -0.1 -4.9 -2.32879 -0.1 -1399.75 -724.383 -27.3121 
679 3.59926 4.9 -0.1 3.59926 4.9 -0.1 1339.31 1272.23 -38.2359 
680 -2.91758 -4.9 0.1 -2.91758 -4.9 0.1 -837.997 -1548.33 21.3971 
681 2.46551 -0.478672 0.1 2.46551 -0.478672 0.1 725.502 -393.706 22.9278 
682 -1.61931 -4.9 0.1 -1.61931 -4.9 0.1 -464.118 -1583.6 27.2862 
683 -4.33201 -1.6502 0.1 -4.33201 -1.6502 0.1 -1503.6 -786.104 34.5668 
684 -2.50271 4.62489 -0.1 -2.50271 4.62489 -0.1 -539.025 1122.21 -17.0277 
685 -4.9 4.9 -0.1 -4.9 4.9 -0.1 -1184.07 1608.1 -34.9094 
686 -1.97676 -4.9 -0.1 -1.97676 -4.9 -0.1 -586.836 -1635.07 -19.1914 
687 0.288103 2.57824 0.1 0.288103 2.57824 0.1 141.849 599.91 17.6201 
688 -1.18844 3.31664 -0.1 -1.18844 3.31664 -0.1 -276.049 948.291 -16.4462 
689 4.9 -2.69221 0.1 4.9 -2.69221 0.1 1634.2 -566.756 29.2032 
690 -4.9 -4.9 -0.1 -4.9 -4.9 -0.1 -1173.11 -1447.79 -32.0393 
691 -4.9 4.9 0.1 -4.9 4.9 0.1 -1238.46 1735.7 28.81 
692 -1.24161 2.55117 0.1 -1.24161 2.55117 0.1 -260.611 618.634 27.5564 
693 -4.9 -4.9 0.1 -4.9 -4.9 0.1 -1449.91 -1176.39 17.4445 
694 -0.975333 -4.9 0.1 -0.975333 -4.9 0.1 -122.127 -1741.56 38.5111 
695 0.82109 0.493744 -0.1 0.82109 0.493744 -0.1 376.787 -18.2034 -21.2878 
696 -2.23626 4.9 -0.1 -2.23626 4.9 -0.1 -779.91 1401.82 -15.3092 
697 -0.592015 -4.9 0.1 -0.592015 -4.9 0.1 -470.806 -1331.23 28.4711 
698 0.640543 3.20964 0.1 0.640543 3.20964 0.1 434.173 811.144 15.346 
699 -2.81215 4.9 0.0522102 -2.81215 4.9 0.0522102 -764.006 1183.15 13.26 
700 1.67104 -1.72985 -0.1 1.67104 -1.72985 -0.1 526.161 -659.777 -15.316 
701 -3.64193 -4.9 -0.1 -3.64193 -4.9 -0.1 -1207.52 -1492.07 -16.7227 
702 -0.147419 -4.9 0.1 -0.147419 -4.9 0.1 -202.92 -1310.06 21.9983 
703 4.9 4.23712 0.1 4.9 4.23712 0.1 1669.8 1340.52 15.6987 
704 4.9 4.9 0.1 4.9 4.9 0.1 1611.62 1375.05 33.2822 
705 2.02581 3.40136 0.1 2.02581 3.40136 0.1 683.254 925.484 21.6076 
706 4.9 2.67006 0.1 4.9 2.67006 0.1 1312.35 593.707 23.728 
707 -4.01169 -1.31747 -0.1 -4.01169 -1.31747 -0.1 -1248.06 -146.849 -35.6619 
708 -1.85975 3.52978 0.1 -1.85975 3.52978 0.1 -556.656 1233.04 15.2253 
709 0.0788653 -2.0864 0.1 0.0788653 -2.0864 0.1 -220.561 -375.775 16.4909 
710 4.9 -0.117916 0.1 4.9 -0.117916 0.1 1597.52 98.293 25.7809 
711 2.5101 3.06563 -0.1 2.5101 3.06563 -0.1 772.914 816.623 -17.1642 
712 0.142445 4.9 0.1 0.142445 4.9 0.1 311.625 1748.72 25.4151 
713 0.442704 3.29688 0.1 0.442704 3.29688 0.1 49.5288 843.006 24.2591 
714 -4.9 -0.0928499 0.1 -4.9 -0.0928499 0.1 -1497.5 15.6174 22.9344 
715 4.9 -0.388324 -0.1 4.9 -0.388324 -0.1 1663.55 -34.0199 -35.5156 
716 -2.61925 4.73192 -0.1 -2.61925 4.73192 -0.1 -1050.39 1374.93 -27.1478 
717 -4.9 0.517911 -0.1 -4.9 0.517911 -0.1 -1322.79 63.2507 -17.1109 
718 -0.514191 -0.840636 0.1 -0.514191 -0.840636 0.1 -180.002 -180.08 16.9195 
719 -4.9 -4.88511 -0.1 -4.9 -4.88511 -0.1 -1285.85 -1270.77 -24.9784 
720 -4.58531 -4.9 0.1 -4.58531 -4.9 0.1 -1204.62 -1383.81 29.2921 
721 4.9 1.25626 -0.1 4.9 1.25626 -0.1 1713.05 91.908 -18.437 
722 1.78345 -4.9 0.1 1.78345 -4.9 0.1 790.924 -1518.07 26.7015 
723 0.678693 -2.01691 0.1 0.678693 -2.01691 0.1 -39.8335 -655.63 29.4821 
724 2.41947 -0.0485122 -0.1 2.41947 -0.0485122 -0.1 878.464 265.036 -18.279 
725 -4.9 -4.9 0.1 -4.9 -4.9 0.1 -1182.17 -1646.97 18.4186 
726 -4.38887 -4.9 -0.1 -4.38887 -4.9 -0.1 -1511.66 -1483.96 -18.6508 
727 1.38887 -2.24798 -0.1 1.38887 -2.24798 -0.1 186.172 -386.156 -16.1068 
728 -4.9 3.61688 0.1 -4.9 3.61688 0.1 -1281.69 1303.55 17.8534 
729 -1.48984 -4.9 -0.1 -1.48984 -4.9 -0.1 -671.747 -1350.54 -31.4099 
730 -3.64895 1.51887 0.1 -3.64895 1.51887 0.1 -1156.36 735.759 18.7908 
731 -2.40077 1.21933 0.1 -2.40077 1.21933 0.1 -568.583 305.426 27.1452 
732 -1.5504 -1.63012 -0.1 -1.5504 -1.63012 -0.1 -325.068 -338.382 -25.0654 
733 -1.08288 -0.670561 0.1 -1.08288 -0.670561 0.1 -188.378 -189.17 15.7035 
734 -4.9 -1.97947 0.1 -4.9 -1.97947 0.1 -1246.4 -569.321 25.1798 
735 4.9 4.9 -0.1 4.9 4.9 -0.1 1256.02 1202.96 -25.2755 
736 -4.74354 -2.49572 0.1 -4.74354 -2.49572 0.1 -1212.78 -998.919 24.0633 
737 4.02734 -4.9 0.1 4.02734 -4.9 0.1 1325.43 -1505.74 30.7615 
738 -1.72439 4.9 -0.1 -1.72439 4.9 -0.1 -561.021 1494.12 -23.055 
739 2.10366 -2.60758 -0.1 2.10366 -2.60758 -0.1 559.544 -652.326 -33.9359 
740 -4.89522 4.9 0.1 -4.89522 4.9 0.1 -1531.77 1310.05 28.2835 
741 -4.9 -4.9 -0.1 -4.9 -4.9 -0.1 -1334.08 -1418.21 -24.8795 
742 1.82014 -4.9 0.1 1.82014 -4.9 0.1 371.652 -1652.85 24.0645 
743 -1.41842 -4.9 0.1 -1.41842 -4.9 0.1 -159.431 -1702.44 34.692 
744 -3.45893 2.85968 0.1 -3.45893 2.85968 0.1 -941.62 663.147 23.7165 
745 -0.167177 4.9 0.1 -0.167177 4.9 0.1 -167.976 1264.24 28.2212 
746 0.553234 4.9 -0.1 0.553234 4.9 -0.1 -30.316 1419.4 -22.293 
747 -2.09144 -3.79378 0.1 -2.09144 -3.79378 0.1 -814.568 -909.407 18.7371 
748 3.66949 2.92847 0.1 3.66949 2.92847 0.1 1256.4 1089.04 29.09 
749 1.32649 -0.896934 -0.1 1.32649 -0.896934 -0.1 405.6 -161.411 -33.3949 
750 0.0412403 1.41294 0.1 0.0412403 1.41294 0.1 -104.232 127.127 23.038 
751 -1.08761 -4.02891 0.1 -1.08761 -4.02891 0.1 -249.923 -1074.47 28.4209 
752 -0.598183 0.849355 0.0562889 -0.598183 0.849355 0.0562889 -10.752 4.86603 2.23707 
753 -1.37546 -1.29359 -0.1 -1.37546 -1.29359 -0.1 -149.271 -232.136 -32.3622 
754 -3.94187 3.19702 0.0734305 -3.94187 3.19702 0.0734305 -899.102 752.564 11.9262 
755 -3.89021 -4.61913 0.1 -3.89021 -4.61913 0.1 -1031.79 -1337.4 21.5 
756 3.96128 -0.32807 -0.1 3.96128 -0.32807 -0.1 1398.04 43.8029 -17.5 
757 4.9 -4.48139 0.1 4.9 -4.48139 0.1 1682.72 -1318.91 30.602 
758 2.6239 -4.9 -0.1 2.6239 -4.9 -0.1 699.701 -1476.86 -35.1566 
759 2.15679 4.9 -0.1 2.15679 4.9 -0.1 618.234 1641.19 -27.8351 
760 2.0142 -0.0932989 0.1 2.0142 -0.0932989 0.1 827.853 -203.494 22.003 
761 4.9 1.78769 -0.1 4.9 1.78769 -0.1 1529.62 532.355 -27.1975 
762 -4.82645 -0.0563537 0.1 -4.82645 -0.0563537 0.1 -1544.86 106.065 26.6907 
763 -1.16765 3.11439 -0.1 -1.16765 3.11439 -0.1 -82.3657 1056.92 -37.8469 
764 -4.9 2.82956 -0.1 -4.9 2.82956 -0.1 -1358.38 1085.3 -16.8144 
765 -3.169 2.17855 -0.1 -3.169 2.17855 -0.1 -747.381 636.389 -21.6426 
766 0.959547 1.30941 -0.1 0.959547 1.30941 -0.1 566.02 226.745 -23.2982 
767 -0.777113 0.607704 -0.1 -0.777113 0.607704 -0.1 -345.148 13.1165 -21.9163 
768 -3.74871 -3.78127 0.1 -3.74871 -3.78127 0.1 -1152.35 -1335.39 17.1587 
769 -4.9 -4.9 -0.1 -4.9 -4.9 -0.1 -1210.5 -1522.51 -25.6258 
770 -4.9 -4.9 0.1 -4.9 -4.9 0.1 -1393.52 -1586.12 26.8824 
771 -2.20951 3.29672 0.1 -2.20951 3.29672 0.1 -524.609 979.619 23.8208 
772 4.10675 4.9 0.1 4.10675 4.9 0.1 1512.68 1706.03 26.4088 
773 -4.9 1.0366 -0.1 -4.9 1.0366 -0.1 -1645.28 535.114 -31.8191 
774 4.9 4.26172 -0.1 4.9 4.26172 -0.1 1254.7 980.062 -24.4625 
775 0.811016 0.855222 -0.1 0.811016 0.855222 -0.1 476.141 122.843 -42.4278 
776 4.9 -1.32951 0.1 4.9 -1.32951 0.1 1403.18 -367.119 22.0679 
777 -3.94495 3.23731 0.1 -3.94495 3.23731 0.1 -970.891 880.516 18.646 
778 4.9 -1.13715 0.1 4.9 -1.13715 0.1 1273.46 -113.694 15.8221 
779 -1.28202 0.317051 0.1 -1.28202 0.317051 0.1 -551.463 -60.6127 30.8867 
780 0.738655 -1.73187 0.1 0.738655 -1.73187 0.1 74.0593 -506.092 22.8038 
781 -4.9 4.9 0.1 -4.9 4.9 0.1 -1172.34 1347.07 18.7499 
782 0.371755 4.58365 0.1 0.371755 4.58365 0.1 64.8614 1121.84 28.5959 
783 4.79292 -0.874897 -0.1 4.79292 -0.874897 -0.1 1662.36 -477.026 -20.154 
784 -4.19439 -1.02413 -0.1 -4.19439 -1.02413 -0.1 -992.309 -573.947 -33.7086 
785 4.9 1.22575 -0.1 4.9 1.22575 -0.1 1388.97 178.677 -25.3184 
786 -4.9 4.9 0.1 -4.9 4.9 0.1 -1355.24 1708.93 21.0607 
787 -2.39037 2.92813 -0.1 -2.39037 2.92813 -0.1 -754.176 924.615 -21.3709 
788 4.22413 0.0116976 -0.1 4.22413 0.0116976 -0.1 1197.51 -149.828 -25.7057 
789 2.80185 -2.09685 0.1 2.80185 -2.09685 0.1 772.921 -912.316 25.7708 
790 -4.9 4.9 -0.1 -4.9 4.9 -0.1 -1172.03 1554.36 -29.3539 
791 -2.27852 -0.277628 -0.1 -2.27852 -0.277628 -0.1 -686.3 155.463 -16.1651 
792 4.9 4.9 0.1 4.9 4.9 0.1 1352.11 1413.54 37.4867 
793 1.46438 -3.9573 -0.1 1.46438 -3.9573 -0.1 709.367 -935.619 -21.9733 
794 4.9 -4.9 -0.1 4.9 -4.9 -0.1 1489.03 -1556.88 -26.6597 
795 -4.68455 3.84602 0.1 -4.68455 3.84602 0.1 -1119.67 1258.19 31.7942 
796 4.9 -0.288033 0.1 4.9 -0.288033 0.1 1186.37 -196.928 25.8781 
797 -4.9 4.9 -0.1 -4.9 4.9 -0.1 -1481.28 1378.29 -20.5032 
798 1.11456 1.33741 0.1 1.11456 1.33741 0.1 472.939 217.549 25.8175 
799 -4.9 -4.9 -0.1 -4.9 -4.9 -0.1 -1623.89 -1674.48 -23.3503 
800 -1.48806 -4.9 0.1 -1.48806 -4.9 0.1 -220.19 -1305.83 16.6514 
801 4.9 3.07172 0.1 4.9 3.07172 0.1 1320.05 626.339 17.7104 
802 -1.97403 -4.9 0.1 -1.97403 -4.9 0.1 -490.651 -1433.74 29.0243 
803 2.15341 -4.9 -0.1 2.15341 -4.9 -0.1 440.07 -1345.25 -16.2067 
804 4.50908 4.9 -0.1 4.50908 4.9 -0.1 1267.78 1624.84 -22.0359 
805 0.330133 0.490581 -0.1 0.330133 0.490581 -0.1 385.437 304.305 -37.1279 
806 -4.9 4.9 0.1 -4.9 4.9 0.1 -1671.69 1205.19 30.1563 
807 -4.9 4.69865 -0.1 -4.9 4.69865 -0.1 -1297.9 1625.81 -33.2777 
808 4.83881 1.92697 -0.1 4.83881 1.92697 -0.1 1335.83 599.597 -26.1028 
809 -2.3581 -2.624 0.1 -2.3581 -2.624 0.1 -435.579 -651.808 19.7584 
810 4.9 -1.5917 0.1 4.9 -1.5917 0.1 1632.66 -406.756 16.5206 
811 2.65301 -4.9 -0.1 2.65301 -4.9 -0.1 660.602 -1557.85 -30.0244 
812 2.24724 4.9 -0.1 2.24724 4.9 -0.1 382.487 1543.73 -15.974 
813 -0.548861 -3.16994 0.1 -0.548861 -3.16994 0.1 110.761 -960.213 18.3481 
814 -2.69101 4.08658 -0.1 -2.69101 4.08658 -0.1 -746.927 1162.53 -26.7451 
815 4.9 4.9 -0.1 4.9 4.9 -0.1 1230.14 1638.08 -31.9129 
816 -2.48288 -2.49541 -0.1 -2.48288 -2.49541 -0.1 -913.532 -930.931 -29.499 
817 0.636231 -2.59318 -0.1 0.636231 -2.59318 -0.1 6.16607 -959.4 -17.7118 
818 -4.9 3.06969 -0.1 -4.9 3.06969 -0.1 -1400.66 985.87 -16.1171 
819 4.9 4.9 0.1 4.9 4.9 0.1 1521.04 1541.5 28.852 
820 3.71958 -3.68404 0.1 3.71958 -3.68404 0.1 908.039 -1036.2 30.6119 
821 2.17811 -0.811049 0.1 2.17811 -0.811049 0.1 535.344 -349.753 25.6094 
822 -4.9 3.14386 -0.1 -4.9 3.14386 -0.1 -1552.03 956.37 -21.7122 
823 2.65138 -4.14098 -0.1 2.65138 -4.14098 -0.1 955.143 -1026.01 -31.4643 
824 -4.63105 -3.00074 -0.1 -4.63105 -3.00074 -0.1 -1462.12 -1085.81 -26.0033 
825 -4.9 -0.29054 -0.1 -4.9 -0.29054 -0.1 -1357.34 -22.8092 -26.1839 
826 2.27919 0.943008 0.1 2.27919 0.943008 0.1 821.797 125.835 18.6812 
827 -3.06657 -3.65777 -0.1 -3.06657 -3.65777 -0.1 -819.714 -823.313 -26.8756 
828 4.9 4.9 0.1 4.9 4.9 0.1 1715.33 1396.86 34.1375 
829 3.80543 -0.204481 0.1 3.80543 -0.204481 0.1 1126.38 180.268 31.7056 
830 2.99031 4.81059 -0.1 2.99031 4.81059 -0.1 797.74 1454.12 -21.5863 
831 1.16126 -1.0505 0.1 1.16126 -1.0505 0.1 69.5318 -252.393 21.9328 
832 4.81893 0.30716 0.1 4.81893 0.30716 0.1 1415.84 -23.0152 23.7744 
833 -2.51368 0.144144 -0.1 -2.51368 0.144144 -0.1 -1039.13 33.2688 -28.5109 
834 0.207742 -2.08607 -0.1 0.207742 -2.08607 -0.1 190.292 -704.461 -21.8345 
835 2.8479 4.9 0.1 2.8479 4.9 0.1 841.674 1484.88 31.2936 
836 -4.9 -4.13691 0.1 -4.9 -4.13691 0.1 -1582.18 -1274.56 25.3764 
837 2.67418 -0.299408 0.1 2.67418 -0.299408 0.1 676.642 -246.685 30.7282 
838 0.221641 -4.9 -0.1 0.221641 -4.9 -0.1 -20.5006 -1747 -24.2448 
839 4.9 -4.9 0.1 4.9 -4.9 0.1 1424.11 -1328.5 22.6673 
840 -4.9 4.9 -0.1 -4.9 4.9 -0.1 -1201.32 1179.16 -31.1203 
841 4.22885 4.52191 -0.1 4.22885 4.52191 -0.1 1455.22 1346.97 -28.6949 
842 -4.9 -0.336328 0.1 -4.9 -0.336328 0.1 -1180.02 57.291 17.9724 
843 -0.650483 -1.60019 0.1 -0.650483 -1.60019 0.1 -358.9 -268.291 19.058 
844 4.58397 -4.25129 0.1 4.58397 -4.25129 0.1 1339.03 -1276.67 16.2943 
845 -4.9 4.9 0.1 -4.9 4.9 0.1 -1250.97 1536.44 22.8022 
846 3.90886 3.97782 0.1 3.90886 3.97782 0.1 919.503 1081.75 18.2415 
847 3.23136 -4.9 0.1 3.23136 -4.9 0.1 774.093 -1619.07 36.9219 
848 -4.9 2.01562 0.1 -4.9 2.01562 0.1 -1257.45 845.707 15.4533 
849 2.0685 2.74512 0.1 2.0685 2.74512 0.1 437.297 959.066 23.4901 
850 -0.444341 0.220129 -0.1 -0.444341 0.220129 -0.1 96.3614 -44.6042 -22.1587 
851 -1.92239 -4.9 0.1 -1.92239 -4.9 0.1 -617.189 -1247.45 35.286 
852 4.5945 1.628 0.1 4.5945 1.628 0.1 1162.96 268.863 27.8607 
853 0.860684 -2.36221 -0.1 0.860684 -2.36221 -0.1 484.404 -429.49 -23.3264 
854 3.60864 3.13126 0.1 3.60864 3.13126 0.1 882.129 767.96 31.3733 
855 -4.9 4.9 0.1 -4.9 4.9 0.1 -1701.49 1638.96 19.0288 
856 4.9 0.926363 0.1 4.9 0.926363 0.1 1398.89 560.535 27.6267 
857 2.52415 -4.9 0.1 2.52415 -4.9 0.1 984.215 -1282.71 33.7864 
858 3.16109 2.69582 -0.1 3.16109 2.69582 -0.1 953.328 874.979 -27.6828 
859 4.60629 -4.9 0.1 4.60629 -4.9 0.1 1488.96 -1226.08 24.5112 
860 0.723639 2.03849 -0.1 0.723639 2.03849 -0.1 -64.6913 727.623 -16.5151 
861 -4.9 4.9 0.1 -4.9 4.9 0.1 -1332.27 1506.16 15.3653 
862 -3.46203 2.33084 0.1 -3.46203 2.33084 0.1 -1035.97 460.127 20.7388 
863 -4.9 4.9 -0.1 -4.9 4.9 -0.1 -1180.69 1624.5 -37.4658 
864 4.9 -1.69468 0.1 4.9 -1.69468 0.1 1414.65 -260.044 17.3764 
865 1.67516 1.02594 -0.1 1.67516 1.02594 -0.1 674.155 557.194 -21.306 
866 -2.55388 1.47048 -0.1 -2.55388 1.47048 -0.1 -868.968 289.829 -18.2482 
867 0.489928 4.9 0.1 0.489928 4.9 0.1 128.654 1379.57 15.9688 
868 0.51314 -0.594378 -0.1 0.51314 -0.594378 -0.1 -8.88247 -278.971 -24.922 
869 -4.9 -4.9 0.1 -4.9 -4.9 0.1 -1472.7 -1440.64 35.6198 
870 1.46437 4.9 0.1 1.46437 4.9 0.1 733.194 1484.62 20.1039 
871 -4.9 -4.9 -0.1 -4.9 -4.9 -0.1 -1736.29 -1224.56 -30.9947 
872 0.459574 2.78051 -0.1 0.459574 2.78051 -0.1 390.573 1119.22 -24.5754 
873 1.95184 4.31572 -0.1 1.95184 4.31572 -0.1 345.152 1061.12 -18.9073 
874 0.89436 2.11304 -0.1 0.89436 2.11304 -0.1 546.105 836.342 -35.1789 
875 -1.46512 4.9 0.1 -1.46512 4.9 0.1 -174.669 1499.18 30.5666 
876 -0.603303 2.25241 0.1 -0.603303 2.25241 0.1 -76.4106 546.141 34.3451 
877 -0.0666169 -4.9 -0.1 -0.0666169 -4.9 -0.1 -257.279 -1292.4 -31.1406 
878 4.36867 -4.47004 -0.1 4.36867 -4.47004 -0.1 1090.46 -1398.64 -22.0217 
879 1.82802 -2.74107 -0.1 1.82802 -2.74107 -0.1 320.318 -1028.29 -18.8797 
880 1.9314 -0.886231 -0.1 1.9314 -0.886231 -0.1 455.814 -396.935 -15.3209 
881 3.92691 -4.9 -0.1 3.92691 -4.9 -0.1 1278.61 -1222.45 -16.7244 
882 -4.41564 -4.57883 0.1 -4.41564 -4.57883 0.1 -1409.73 -1383.75 16.3852 
883 -4.9 4.18418 0.1 -4.9 4.18418 0.1 -1209.38 1192.5 20.3652 
884 -4.11542 4.17328 0.1 -4.11542 4.17328 0.1 -956.338 1225.68 26.1172 
885 -0.949877 -1.60239 -0.1 -0.949877 -1.60239 -0.1 -487.333 -218.383 -21.1507 
886 -4.9 -4.38985 0.1 -4.9 -4.38985 0.1 -1252.46 -1103.31 25.7923 
887 3.87659 -0.418391 -0.1 3.87659 -0.418391 -0.1 1059.25 -210.052 -32.2364 
888 2.21041 -4.9 -0.1 2.21041 -4.9 -0.1 631.923 -1731.75 -20.5317 
889 -4.9 2.31041 0.1 -4.9 2.31041 0.1 -1481.44 621.233 16.7665 
890 1.84847 0.389671 -0.1 1.84847 0.389671 -0.1 485.626 153.861 -17.4271 
891 4.9 -1.27368 -0.1 4.9 -1.27368 -0.1 1305.27 -228.424 -29.3102 
892 -4.9 -2.21746 -0.1 -4.9 -2.21746 -0.1 -1277.99 -657.832 -22.9509 
893 2.75004 -0.294013 0.1 2.75004 -0.294013 0.1 592.691 -155.347 25.8754 
894 3.71877 -2.13409 0.1 3.71877 -2.13409 0.1 904.773 -879.965 15.8043 
895 -2.54109 -4.9 0.1 -2.54109 -4.9 0.1 -513.585 -1175.71 27.0656 
896 -1.94812 -1.51979 0.1 -1.94812 -1.51979 0.1 -864.95 -336.757 41.5268 
897 -4.9 4.9 -0.1 -4.9 4.9 -0.1 -1424.39 1295.27 -17.1187 
898 -2.60721 2.23099 0.1 -2.60721 2.23099 0.1 -708.593 669.553 20.2406 
899 -2.69402 1.8293 -0.1 -2.69402 1.8293 -0.1 -721.003 667.255 -25.9416 
900 0.241898 0.142031 0.1 0.241898 0.142031 0.1 -14.7543 308.307 20.7594 
901 4.9 2.01855 0.1 4.9 2.01855 0.1 1449.93 530.858 17.025 
902 -1.56483 0.487324 -0.1 -1.56483 0.487324 -0.1 -240.395 97.7817 -18.1699 
903 0.440727 4.9 0.1 0.440727 4.9 0.1 -55.2903 1383.48 22.916 
904 1.16517 3.3852 -0.1 1.16517 3.3852 -0.1 376.798 784.878 -22.0904 
905 4.9 -4.9 -0.1 4.9 -4.9 -0.1 1454.89 -1440.9 -17.1318 
906 -0.58636 -0.729721 0.1 -0.58636 -0.729721 0.1 -19.9283 58.793 15.7702 
907 -4.07946 2.54452 -0.1 -4.07946 2.54452 -0.1 -1050.81 488.592 -16.085 
908 -0.491841 2.21691 -0.1 -0.491841 2.21691 -0.1 -185.879 365.103 -15.0972 
909 3.48394 -0.122941 -0.1 3.48394 -0.122941 -0.1 1109.5 87.7633 -23.7957 
910 -2.58301 4.9 -0.1 -2.58301 4.9 -0.1 -970.219 1570.39 -31.948 
911 -0.246704 -2.88762 0.1 -0.246704 -2.88762 0.1 -159.344 -928.372 15.2081 
912 0.765307 -0.758736 -0.1 0.765307 -0.758736 -0.1 -16.1124 -24.5177 -16.4838 
913 1.29845 1.15295 -0.1 1.29845 1.15295 -0.1 439.549 104.618 -17.5909 
914 1.97747 3.89488 0.1 1.97747 3.89488 0.1 606.702 978.026 35.1417 
915 4.9 0.747848 -0.1 4.9 0.747848 -0.1 1751.78 129.932 -32.8606 
916 3.26648 -1.84027 -0.1 3.26648 -1.84027 -0.1 1104.66 -418.879 -15.2712 
917 -0.662939 4.6389 0.1 -0.662939 4.6389 0.1 -65.4732 1097.65 27.0629 
918 2.17508 0.743211 0.1 2.17508 0.743211 0.1 449.283 372.73 15.6803 
919 -4.9 0.68453 -0.1 -4.9 0.68453 -0.1 -1654.69 165.439 -28.6749 
920 2.00097 4.9 0.1 2.00097 4.9 0.1 614.429 1752.95 19.7062 
921 1.9638 1.14246 0.0858117 1.9638 1.14246 0.0858117 358.626 487.377 27.9679 
922 3.88981 -1.85589 0.1 3.88981 -1.85589 0.1 1372.5 -808.581 29.6742 
923 1.03397 2.60739 0.1 1.03397 2.60739 0.1 184.165 821.086 33.273 
924 4.9 4.9 0.1 4.9 4.9 0.1 1720.56 1399.23 35.8601 
925 4.22226 2.78047 0.1 4.22226 2.78047 0.1 1218.12 816.141 19.0134 
926 0.855007 0.145584 -0.1 0.855007 0.145584 -0.1 211.732 -167.855 -38.1438 
927 4.9 -0.63376 0.1 4.9 -0.63376 0.1 1490.32 -408.966 26.9266 
928 -4.9 4.9 0.1 -4.9 4.9 0.1 -1578.43 1418.33 26.4729 
929 4.57137 -3.81476 -0.1 4.57137 -3.81476 -0.1 1304.43 -1231.46 -26.7091 
930 -1.59934 -2.68637 0.1 -1.59934 -2.68637 0.1 -504.213 -795.807 16.084 
931 4.571 4.5485 0.1 4.571 4.5485 0.1 1160.41 1340.29 23.08 
932 4.71862 -2.96074 0.1 4.71862 -2.96074 0.1 1598.02 -941.024 16.2207 
933 4.76558 3.06186 0.1 4.76558 3.06186 0.1 1264.28 1026.15 29.7212 
934 4.9 4.1813 -0.1 4.9 4.1813 -0.1 1483.06 1129.56 -25.3045 
935 0.476307 1.3814 0.1 0.476307 1.3814 0.1 361.442 683.964 25.044 
936 -4.40535 4.32722 -0.1 -4.40535 4.32722 -0.1 -1485.57 1552.68 -34.7648 
937 -4.9 1.36803 0.1 -4.9 1.36803 0.1 -1340.62 370.005 31.1587 
938 4.26454 1.3465 -0.1 4.26454 1.3465 -0.1 1047.85 645.23 -20.5808 
939 -0.371982 -2.7611 0.1 -0.371982 -2.7611 0.1 -207.289 -797.603 28.6217 
940 -4.9 -3.11852 0.1 -4.9 -3.11852 0.1 -1679.23 -1035.12 35.7316 
941 -1.60452 3.31955 0.1 -1.60452 3.31955 0.1 -381.478 1022.92 33.0375 
942 0.16323 -0.265098 0.1 0.16323 -0.265098 0.1 259.424 124.884 15.9398 
943 -1.49511 -2.87922 -0.1 -1.49511 -2.87922 -0.1 -211.497 -809.648 -19.5467 
944 3.23417 -0.811384 0.1 3.23417 -0.811384 0.1 840.179 -373.709 29.1756 
945 0.205947 -4.9 -0.1 0.205947 -4.9 -0.1 272.438 -1388.1 -32.6953 
946 -1.26369 -2.29795 -0.1 -1.26369 -2.29795 -0.1 -400.952 -834.504 -19.0678 
947 -4.51053 -4.9 0.1 -4.51053 -4.9 0.1 -1556.53 -1394.53 22.5205 
948 -1.89148 -3.57198 -0.1 -1.89148 -3.57198 -0.1 -279.746 -1185.55 -18.0911 
949 0.231774 1.40633 0.1 0.231774 1.40633 0.1 170.967 318.697 20.3893 
950 -1.55555 -0.54354 -0.1 -1.55555 -0.54354 -0.1 -558.561 -262.475 -26.5208 
951 -0.480807 1.09239 -0.1 -0.480807 1.09239 -0.1 -98.877 220.75 -15.3839 
952 -4.9 -1.72158 -0.1 -4.9 -1.72158 -0.1 -1280.62 -569.837 -37.3939 
953 -4.9 -4.9 -0.1 -4.9 -4.9 -0.1 -1352.86 -1220.71 -31.3199 
954 -2.92855 -4.70761 0.1 -2.92855 -4.70761 0.1 -1078.17 -1424.73 20.7109 
955 3.70692 -4.9 -0.1 3.70692 -4.9 -0.1 1188 -1214.95 -30.7084 
956 2.00034 -2.0823 -0.1 2.00034 -2.0823 -0.1 405.411 -751.716 -29.1063 
957 4.9 -2.63528 -0.1 4.9 -2.63528 -0.1 1494.17 -965.646 -17.2932 
958 0.295551 2.68019 0.1 0.295551 2.68019 0.1 -97.9578 664.575 20.0467 
959 -2.67156 0.40505 0.1 -2.67156 0.40505 0.1 -822.106 299.178 21.3746 
960 -1.61269 -3.78749 0.1 -1.61269 -3.78749 0.1 -399.84 -1349.88 33.8481 
961 3.64 4.68132 0.1 3.64 4.68132 0.1 1197.67 1641.59 21.924 
962 2.89751 2.21422 0.1 2.89751 2.21422 0.1 645.025 392.856 21.3707 
963 1.84483 4.61469 -0.1 1.84483 4.61469 -0.1 562.322 1182.64 -16.6232 
964 -4.9 2.62111 0.1 -4.9 2.62111 0.1 -1492.92 768.912 15.5959 
965 4.9 -2.07566 -0.1 4.9 -2.07566 -0.1 1188.49 -400.628 -18.584 
966 -4.9 2.7782 0.1 -4.9 2.7782 0.1 -1654.1 674.305 35.4315 
967 1.95661 -4.9 -0.1 1.95661 -4.9 -0.1 781.624 -1197.96 -19.9872 
968 2.65835 -1.31085 0.1 2.65835 -1.31085 0.1 1054.67 -646.984 20.0772 
969 4.9 2.06269 -0.1 4.9 2.06269 -0.1 1197.35 539.097 -40.9151 
970 -0.420343 -0.233215 -0.1 -0.420343 -0.233215 -0.1 -208.263 159.081 -17.5858 
971 4.4782 -2.20354 -0.1 4.4782 -2.20354 -0.1 1506.79 -840.402 -33.5445 
972 3.83156 -4.43179 0.1 3.83156 -4.43179 0.1 1185.55 -1497.3 38.0747 
973 4.9 0.405064 0.1 4.9 0.405064 0.1 1729.11 246.364 18.6243 
974 -1.51813 -0.792723 -0.1 -1.51813 -0.792723 -0.1 -204.313 -202.987 -17.5225 
975 3.97906 4.9 -0.1 3.97906 4.9 -0.1 1047.57 1520.26 -18.8571 
976 4.9 -0.861755 0.1 4.9 -0.861755 0.1 1640.35 -429.947 20.9769 
977 4.9 -1.57037 0.1 4.9 -1.57037 0.1 1438.7 -525.077 28.0378 
978 -1.06838 -4.84995 0.1 -1.06838 -4.84995 0.1 -487.799 -1188.73 24.5721 
979 -3.68755 1.38651 -0.1 -3.68755 1.38651 -0.1 -1134.55 204.107 -31.1249 
980 -0.628844 -0.899446 -0.1 -0.628844 -0.899446 -0.1 -70.2025 -72.4057 -23.3905 
981 4.34492 -0.329428 0.1 4.34492 -0.329428 0.1 1238.16 -233.733 28.5983 
982 2.22315 -0.658603 0.1 2.22315 -0.658603 0.1 877.547 -121.539 22.0113 
983 -0.937907 -2.39277 -0.1 -0.937907 -2.39277 -0.1 -534.495 -724.281 -29.8567 
984 -2.66176 1.95633 -0.1 -2.66176 1.95633 -0.1 -580.151 438.898 -15.0261 
985 -4.9 3.94469 0.1 -4.9 3.94469 0.1 -1611.06 978.533 15.5817 
986 4.9 4.9 -0.1 4.9 4.9 -0.1 1262.59 1578.36 -18.3338 
987 2.02144 -3.83874 -0.1 2.02144 -3.83874 -0.1 721.662 -1218.79 -24.5471 
988 -2.85219 3.88728 0.1 -2.85219 3.88728 0.1 -999.861 1370.79 28.3096 
989 -2.65827 1.01256 -0.1 -2.65827 1.01256 -0.1 -584.302 357.795 -28.6489 
990 0.696601 -3.4173 0.1 0.696601 -3.4173 0.1 203.816 -770.278 20.3961 
991 0.955617 1.09684 -0.1 0.955617 1.09684 -0.1 47.4451 44.3883 -27.0633 
992 -0.380056 -0.180288 0.1 -0.380056 -0.180288 0.1 -72.1632 219.8 16.3887 
993 4.9 4.9 0.1 4.9 4.9 0.1 1640.11 1264.85 21.4005 
994 4.9 -4.9 -0.1 4.9 -4.9 -0.1 1226.84 -1292.02 -27.9121 
995 -3.7412 0.297271 -0.1 -3.7412 0.297271 -0.1 -892.207 200.798 -41.3991 
996 3.85424 -4.9 -0.1 3.85424 -4.9 -0.1 1182.81 -1243.02 -20.1034 
997 4.9 4.9 -0.1 4.9 4.9 -0.1 1241.6 1442.51 -22.1554 
998 0.855035 0.533932 0.0300228 0.855035 0.533932 0.0300228 0 -0.0326667 0 
999 -0.366597 4.9 -0.1 -0.366597 4.9 -0.1 -105.026 1565.53 -24.703 
