1000
-5 -5 -0.2 5 5 0.2 
0 1.49448 -1.07764 -0.1 1.49448 -1.07764 -0.1 179.711 -83.2904 0 
1 4.9 4.9 0.1 4.9 4.9 0.1 0 0 0 
2 0.955656 -4.9 0.1 0.955656 -4.9 0.1 105.047 0 0 
3 4.9 4.9 0.1 4.9 4.9 0.1 0 0 0 
4 -4.9 -4.9 0.1 -4.9 -4.9 0.1 0 0 0 
5 4.9 4.9 -0.1 4.9 4.9 -0.1 0 0 0 
6 -4.9 4.9 -0.1 -4.9 4.9 -0.1 0 0 0 
7 4.9 4.9 -0.1 4.9 4.9 -0.1 0 0 0 
8 -3.21597 4.9 0.1 -3.21597 4.9 0.1 -235.157 332.857 0 
9 4.36925 -0.728171 -0.1 4.36925 -0.728171 -0.1 417.534 -150.281 0 
10 4.9 -4.9 0.1 4.9 -4.9 0.1 0 0 0 
11 4.9 -4.9 0.1 4.9 -4.9 0.1 0 -2940 0 
12 -2.51755 4.89989 -0.1 -2.51755 4.89989 -0.1 -716.328 -0.0326667 0 
13 -1.45628 3.49989 0.1 -1.45628 3.49989 0.1 -131.229 270.394 0 
14 -4.9 -4.9 -0.1 -4.9 -4.9 -0.1 -145.315 -2940 0 
15 1.38313 4.06997 -0.1 1.38313 4.06997 -0.1 112.101 473.174 0 
16 -4.9 -4.9 -0.1 -4.9 -4.9 -0.1 0 0 0 
17 4.9 -4.9 -0.1 4.9 -4.9 -0.1 0 -2940 0 
18 4.9 -0.734304 -0.1 4.9 -0.734304 -0.1 0 -82.949 0 
19 -2.19997 4.9 -0.1 -2.19997 4.9 -0.1 810.01 0 0 
20 4.9 -4.9 0.1 4.9 -4.9 0.1 0 0 0 
21 4.9 -0.44101 0.1 4.9 -0.44101 0.1 0 -43.0914 0 
22 -4.9 -4.9 -0.1 -4.9 -4.9 -0.1 0 -254.163 0 
23 -4.9 -4.9 -0.1 -4.9 -4.9 -0.1 0 -2940 0 
24 -0.402146 4.62835 0.1 -0.402146 4.62835 0.1 91.2389 372.917 0 
25 4.9 -4.9 -0.1 4.9 -4.9 -0.1 7.30897 -80.7475 0 
26 4.9 -4.9 -0.1 4.9 -4.9 -0.1 0 0 0 
27 4.9 -4.9 -0.1 4.9 -4.9 -0.1 0 0 0 
28 4.9 -4.9 -0.1 4.9 -4.9 -0.1 25.5917 0 0 
29 -4.9 -4.62643 -0.1 -4.9 -4.62643 -0.1 -221.104 -425.334 0 
30 -4.9 4.9 -0.1 -4.9 4.9 -0.1 0 0 0 
31 -0.262233 1.07909 -0.1 -0.262233 1.07909 -0.1 -112.393 201.307 0 
32 -4.9 4.9 0.1 -4.9 4.9 0.1 0 0 0 
33 -4.9 4.9 -0.1 -4.9 4.9 -0.1 0 0 0 
34 -4.9 -4.9 -0.1 -4.9 -4.9 -0.1 0 -2940 0 
35 0.825115 0.388723 -0.1 0.825115 0.388723 -0.1 61.9496 70.0698 0 
36 -4.9 -0.628468 -0.1 -4.9 -0.628468 -0.1 0 -716.606 0 
37 -4.9 -1.17704 0.1 -4.9 -1.17704 0.1 -92.5938 -85.1721 0 
38 2.51219 1.20174 -0.1 2.51219 1.20174 -0.1 315.583 88.6839 0 
39 4.9 -4.9 -0.1 4.9 -4.9 -0.1 0 0 0 
40 4.9 4.9 0.1 4.9 4.9 0.1 0 0 0 
41 -0.959664 -2.24492 -0.1 -0.959664 -2.24492 -0.1 -117.458 -244.598 0 
42 4.9 -4.9 -0.1 4.9 -4.9 -0.1 0 -2940 0 
43 4.9 -4.9 -0.1 4.9 -4.9 -0.1 0 -2940 0 
44 4.9 -4.9 -0.1 4.9 -4.9 -0.1 0 0 0 
45 -4.9 4.9 0.1 -4.9 4.9 0.1 0 0 0 
46 4.9 -4.9 0.1 4.9 -4.9 0.1 0 -2940 0 
47 4.9 -4.9 0.1 4.9 -4.9 0.1 166.976 -65.5179 0 
48 4.67302 0.197146 -0.1 4.67302 0.197146 -0.1 369.271 -9.44692 0 
49 4.9 -4.9 -0.1 4.9 -4.9 -0.1 0 0 0 
50 4.9 3.80118 -0.1 4.9 3.80118 -0.1 0 315.545 0 
51 4.9 -4.9 0.1 4.9 -4.9 0.1 0 -2940 0 
52 -4.9 -4.9 -0.1 -4.9 -4.9 -0.1 0 0 0 
53 1.9285 3.09006 0.1 1.9285 3.09006 0.1 768.755 858.56 60 
54 -4.9 -4.9 -0.1 -4.9 -4.9 -0.1 0 0 0 
55 4.9 4.9 -0.1 4.9 4.9 -0.1 0 0 0 
56 -4.9 -4.9 0.1 -4.9 -4.9 0.1 0 -2940 0 
57 -4.9 4.9 0.1 -4.9 4.9 0.1 0 1012.66 0 
58 4.45572 -4.9 0.1 4.45572 -4.9 0.1 491.429 0 0 
59 4.9 4.9 -0.1 4.9 4.9 -0.1 0 78.9835 0 
60 -4.9 -4.9 -0.1 -4.9 -4.9 -0.1 -2940 -2940 0 
61 -4.9 -4.9 0.1 -4.9 -4.9 0.1 0 0 0 
62 -4.9 -4.16149 -0.1 -4.9 -4.16149 -0.1 -126.07 -380.897 0 
63 4.9 -4.9 -0.1 4.9 -4.9 -0.1 0 0 0 
64 -4.9 -4.9 -0.1 -4.9 -4.9 -0.1 0 0 0 
65 -0.882921 -2.68691 -0.1 -0.882921 -2.68691 -0.1 -129.388 -302.421 0 
66 -2.45937 3.49329 0.1 -2.45937 3.49329 0.1 -217.057 270.359 0 
67 1.0067 2.72109 -0.1 1.0067 2.72109 -0.1 57.761 307.861 0 
68 -4.9 -4.9 -0.1 -4.9 -4.9 -0.1 0 -344.552 0 
69 4.9 4.9 0.1 4.9 4.9 0.1 1017.43 468.511 0 
70 4.9 -4.9 0.1 4.9 -4.9 0.1 0 -2940 0 
71 -2.97571 2.55226 0.1 -2.97571 2.55226 0.1 -342.028 298.568 0 
72 -4.9 -4.9 0.1 -4.9 -4.9 0.1 0 0 0 
73 -0.748332 4.89989 0.1 -0.748332 4.89989 0.1 217.231 -0.0326667 0 
74 -3.6077 -2.98729 -0.1 -3.6077 -2.98729 -0.1 -848.525 -886.785 0 
75 3.27896 -4.9 0.1 3.27896 -4.9 0.1 341.92 0 0 
76 -4.9 -4.9 0.1 -4.9 -4.9 0.1 0 -424.277 0 
77 -4.9 -4.9 -0.1 -4.9 -4.9 -0.1 -1712.87 0 0 
78 4.28857 -4.9 0.1 4.28857 -4.9 0.1 -183.429 -313.695 3.77636 
79 4.9 -4.9 0.1 4.9 -4.9 0.1 0 0 0 
80 -4.9 -4.9 0.1 -4.9 -4.9 0.1 0 -2940 0 
81 4.9 4.9 0.1 4.9 4.9 0.1 0 0 0 
82 -4.9 -4.9 0.1 -4.9 -4.9 0.1 -2940 -2940 0 
83 -4.9 -2.96414 -0.1 -4.9 -2.96414 -0.1 0 -374.108 0 
84 4.9 1.65457 -0.1 4.9 1.65457 -0.1 0 -973.629 0 
85 4.9 1.93771 0.1 4.9 1.93771 0.1 303.462 277.266 0 
86 0.636241 -1.44046 0.1 0.636241 -1.44046 0.1 119.164 -95.6646 0 
87 2.08356 -1.88878 -0.1 2.08356 -1.88878 -0.1 249 -285.038 0 
88 3.46167 -4.9 -0.1 3.46167 -4.9 -0.1 377.328 -341.82 0 
89 -4.9 4.9 -0.1 -4.9 4.9 -0.1 0 0 0 
90 4.9 -4.9 0.1 4.9 -4.9 0.1 0 0 0 
91 -4.9 4.9 0.1 -4.9 4.9 0.1 0 0 0 
92 4.9 2.28511 -0.1 4.9 2.28511 -0.1 0 183.111 0 
93 -4.9 -2.10123 0.1 -4.9 -2.10123 0.1 0 -184.982 0 
94 4.9 -2.19703 0.1 4.9 -2.19703 0.1 0 -250.717 0 
95 4.9 -4.9 -0.1 4.9 -4.9 -0.1 0 0 0 
96 4.9 -4.9 0.1 4.9 -4.9 0.1 0 0 0 
97 0.178999 -2.56559 -0.1 0.178999 -2.56559 -0.1 -29.6515 -171.53 0 
98 4.9 -0.845811 -0.1 4.9 -0.845811 -0.1 0 -61.7478 0 
99 4.9 -4.9 0.1 4.9 -4.9 0.1 2940 -2940 0 
100 2.52081 1.53282 -0.1 2.52081 1.53282 -0.1 187.441 75.1071 0 
101 4.9 -4.9 0.1 4.9 -4.9 0.1 2401.16 -2940 0 
102 4.9 -4.9 -0.1 4.9 -4.9 -0.1 0 -196.147 0 
103 -4.9 -4.9 0.1 -4.9 -4.9 0.1 -161.41 -1889.41 0 
104 2.53999 -1.19271 0.1 2.53999 -1.19271 0.1 154.529 -38.2693 0 
105 -4.9 -4.9 -0.1 -4.9 -4.9 -0.1 0 -2940 0 
106 1.20473 -1.25366 -0.1 1.20473 -1.25366 -0.1 98.1146 -176.707 0 
107 4.9 4.9 -0.1 4.9 4.9 -0.1 0 0 0 
108 2.26714 1.29373 0.1 2.26714 1.29373 0.1 243.551 110.006 0 
109 -4.9 4.9 -0.1 -4.9 4.9 -0.1 0 0 0 
110 -2.1523 2.74084 -0.1 -2.1523 2.74084 -0.1 -305.659 263.128 0 
111 3.07991 4.9 0.1 3.07991 4.9 0.1 305.257 550.379 0 
112 3.52571 4.65303 0.1 3.52571 4.65303 0.1 336.091 557.443 0 
113 -4.9 4.9 0.1 -4.9 4.9 0.1 0 0 0 
114 4.9 -4.9 0.1 4.9 -4.9 0.1 0 0 0 
115 4.9 4.9 -0.1 4.9 4.9 -0.1 0 0 0 
116 -4.9 -4.9 0.1 -4.9 -4.9 0.1 0 0 0 
117 4.9 -4.9 0.1 4.9 -4.9 0.1 0 0 0 
118 4.9 -4.9 0.1 4.9 -4.9 0.1 0 0 0 
119 4.9 4.9 -0.1 4.9 4.9 -0.1 0 1923.57 0 
120 -4.9 4.9 0.1 -4.9 4.9 0.1 -1243.27 0 0 
121 4.9 -4.9 0.1 4.9 -4.9 0.1 0 0 0 
122 -2.08665 4.9 -0.1 -2.08665 4.9 -0.1 -138.556 0 0 
123 4.9 -4.9 -0.1 4.9 -4.9 -0.1 0 -656.582 0 
124 4.9 -4.3981 -0.1 4.9 -4.3981 -0.1 0 -400.545 0 
125 4.9 4.9 0.1 4.9 4.9 0.1 0 0 0 
126 2.04465 -2.81247 -0.1 2.04465 -2.81247 -0.1 250.767 -205.084 0 
127 -3.51479 2.57506 -0.1 -3.51479 2.57506 -0.1 -616.776 280.54 0 
128 -4.9 -4.9 0.1 -4.9 -4.9 0.1 0 -1221.98 0 
129 -4.9 4.9 0.1 -4.9 4.9 0.1 -172.679 937.594 0 
130 4.9 -4.9 -0.1 4.9 -4.9 -0.1 0 0 0 
131 4.9 -1.25282 -0.1 4.9 -1.25282 -0.1 0 45.1155 0 
132 4.9 -4.36533 -0.1 4.9 -4.36533 -0.1 120.392 -2779.6 0 
133 -4.9 4.9 0.1 -4.9 4.9 0.1 0 0 0 
134 4.9 -0.994567 -0.1 4.9 -0.994567 -0.1 0 -22.0706 0 
135 -4.9 4.9 -0.1 -4.9 4.9 -0.1 0 0 0 
136 -4.9 -4.9 -0.1 -4.9 -4.9 -0.1 0 -2940 0 
137 -4.9 4.9 0.1 -4.9 4.9 0.1 -1911.07 91.7521 0 
138 -4.9 -2.20444 0.1 -4.9 -2.20444 0.1 0 -292.807 0 
139 -4.9 4.9 0.1 -4.9 4.9 0.1 0 0 0 
140 -4.9 4.9 -0.1 -4.9 4.9 -0.1 0 0 0 
141 4.9 4.9 -0.1 4.9 4.9 -0.1 0 0 0 
142 4.9 -4.9 -0.1 4.9 -4.9 -0.1 0 0 0 
143 4.9 -4.9 0.1 4.9 -4.9 0.1 1365.73 -238.399 0 
144 -4.9 -4.9 0.1 -4.9 -4.9 0.1 0 0 0 
145 4.9 -0.639536 0.1 4.9 -0.639536 0.1 280.059 11.5217 0 
146 -4.9 -4.9 0.1 -4.9 -4.9 0.1 0 -2940 0 
147 4.9 -4.9 0.1 4.9 -4.9 0.1 0 0 0 
148 4.9 4.9 -0.1 4.9 4.9 -0.1 1111.48 239.098 0 
149 -4.9 4.9 0.1 -4.9 4.9 0.1 0 0 0 
150 -4.9 -4.9 0.1 -4.9 -4.9 0.1 0 0 0 
151 -0.488594 4.89989 -0.1 -0.488594 4.89989 -0.1 -68.8007 -0.0326667 0 
152 -0.937123 -4.9 0.1 -0.937123 -4.9 0.1 -23.3073 -61.9882 0 
153 4.9 -4.9 -0.1 4.9 -4.9 -0.1 376.087 0 -36.5056 
154 -4.9 4.65244 -0.1 -4.9 4.65244 -0.1 0 450.807 0 
155 -4.9 4.9 0.1 -4.9 4.9 0.1 0 0 0 
156 -4.9 -4.9 0.1 -4.9 -4.9 0.1 0 0 0 
157 4.9 -1.97587 -0.1 4.9 -1.97587 -0.1 437.984 -181.156 0 
158 4.9 4.9 -0.1 4.9 4.9 -0.1 303.835 863.22 0 
159 -4.9 4.9 -0.1 -4.9 4.9 -0.1 0 378.657 0 
160 -4.9 -4.9 -0.1 -4.9 -4.9 -0.1 0 0 0 
161 -4.9 4.9 -0.1 -4.9 4.9 -0.1 0 0 0 
162 -4.9 -4.9 0.1 -4.9 -4.9 0.1 0 -1818.6 0 
163 -4.9 4.9 0.1 -4.9 4.9 0.1 0 0 0 
164 4.9 -4.9 0.1 4.9 -4.9 0.1 0 0 0 
165 -4.9 -4.9 -0.1 -4.9 -4.9 -0.1 0 0 0 
166 -4.24105 -4.9 0.1 -4.24105 -4.9 0.1 -1007.82 0 0 
167 4.02399 4.9 -0.1 4.02399 4.9 -0.1 445.558 0 0 
168 -4.9 -4.9 0.1 -4.9 -4.9 0.1 0 0 0 
169 -4.9 -4.9 -0.1 -4.9 -4.9 -0.1 0 0 0 
170 -4.9 4.9 0.1 -4.9 4.9 0.1 0 0 0 
171 1.99212 4.9 -0.1 1.99212 4.9 -0.1 234.675 55.8043 0 
172 -1.60977 -1.0246 0.1 -1.60977 -1.0246 0.1 -159.651 -91.4469 0 
173 -4.9 -4.9 -0.1 -4.9 -4.9 -0.1 0 0 0 
174 4.9 -4.9 -0.1 4.9 -4.9 -0.1 0 0 0 
175 -1.855 -4.77893 -0.1 -1.855 -4.77893 -0.1 -153.909 -538.272 0 
176 4.9 -4.9 -0.1 4.9 -4.9 -0.1 0 0 0 
177 4.9 -4.9 -0.1 4.9 -4.9 -0.1 0 0 0 
178 -4.9 -4.9 -0.1 -4.9 -4.9 -0.1 -476.388 0 0 
179 4.9 -2.35288 0.1 4.9 -2.35288 0.1 345.271 -284.522 0 
180 1.00613 4.9 0.1 1.00613 4.9 0.1 28.4195 28.1921 0 
181 4.9 -4.9 0.1 4.9 -4.9 0.1 2940 -2940 0 
182 -4.9 4.9 0.1 -4.9 4.9 0.1 0 0 0 
183 -4.9 -4.9 0.1 -4.9 -4.9 0.1 0 0 0 
184 -4.9 -4.9 -0.1 -4.9 -4.9 -0.1 0 0 0 
185 4.9 -4.9 0.1 4.9 -4.9 0.1 0 0 0 
186 -1.38883 -3.65445 0.1 -1.38883 -3.65445 0.1 -225.441 -267.824 0 
187 4.9 -4.9 0.1 4.9 -4.9 0.1 0 0 0 
188 4.9 -4.9 -0.1 4.9 -4.9 -0.1 0 0 0 
189 -2.86426 4.89989 0.1 -2.86426 4.89989 0.1 -275.723 -0.0326667 0 
190 4.9 1.04145 -0.1 4.9 1.04145 -0.1 371.547 205.966 0 
191 4.9 -4.9 -0.1 4.9 -4.9 -0.1 0 0 0 
192 -2.36834 0.207764 0.1 -2.36834 0.207764 0.1 -149.365 46.5371 0 
193 -4.9 -4.9 -0.1 -4.9 -4.9 -0.1 0 0 0 
194 -4.9 -4.9 -0.1 -4.9 -4.9 -0.1 0 0 0 
195 4.9 -4.9 -0.1 4.9 -4.9 -0.1 0 0 0 
196 -4.9 -4.9 0.1 -4.9 -4.9 0.1 0 0 0 
197 4.9 -4.9 -0.1 4.9 -4.9 -0.1 2854.65 0 0 
198 -4.9 -4.9 -0.1 -4.9 -4.9 -0.1 0 -2940 0 
199 -4.9 -4.9 0.1 -4.9 -4.9 0.1 0 -2008.89 0 
200 4.9 -4.9 -0.1 4.9 -4.9 -0.1 0 0 0 
201 -4.56303 2.61525 -0.1 -4.56303 2.61525 -0.1 -327.691 400.76 0 
202 -1.83901 4.55574 -0.1 -1.83901 4.55574 -0.1 -140.191 455.542 0 
203 4.9 -4.9 -0.1 4.9 -4.9 -0.1 1636.85 0 0 
204 4.9 4.9 -0.1 4.9 4.9 -0.1 2517.38 0 0 
205 -4.9 -0.571989 -0.1 -4.9 -0.571989 -0.1 0 -149.606 0 
206 -4.9 4.9 0.1 -4.9 4.9 0.1 0 2940 0 
207 4.9 -4.9 -0.1 4.9 -4.9 -0.1 0 0 0 
208 -4.9 -4.74555 0.1 -4.9 -4.74555 0.1 0 -509.625 0 
209 4.9 -4.9 0.1 4.9 -4.9 0.1 0 0 0 
210 -1.61667 2.2547 0.1 -1.61667 2.2547 0.1 -211.387 177.442 0 
211 -4.9 -4.9 0.1 -4.9 -4.9 0.1 0 0 0 
212 4.9 -4.9 0.1 4.9 -4.9 0.1 0 -2772.14 0 
213 -4.9 -4.9 -0.1 -4.9 -4.9 -0.1 0 -964.533 0 
214 -4.9 4.9 -0.1 -4.9 4.9 -0.1 0 0 0 
215 -4.9 -4.9 0.1 -4.9 -4.9 0.1 0 0 0 
216 4.9 -4.9 -0.1 4.9 -4.9 -0.1 0 0 0 
217 -4.9 -4.9 -0.1 -4.9 -4.9 -0.1 0 -343.388 0 
218 3.46871 -4.9 -0.1 3.46871 -4.9 -0.1 2510.61 0 0 
219 4.9 -4.9 0.1 4.9 -4.9 0.1 0 0 0 
220 4.9 -4.9 -0.1 4.9 -4.9 -0.1 0 0 0 
221 1.53062 4.9 -0.1 1.53062 4.9 -0.1 -1010.81 0 0 
222 -4.9 -4.9 0.1 -4.9 -4.9 0.1 -37.1621 -2940 0 
223 4.9 -4.9 0.1 4.9 -4.9 0.1 0 -2940 0 
224 -4.9 -4.9 0.1 -4.9 -4.9 0.1 0 0 0 
225 -4.9 -3.10151 0.1 -4.9 -3.10151 0.1 0 539.547 60 
226 -4.9 -4.9 0.1 -4.9 -4.9 0.1 0 0 0 
227 4.9 -4.9 0.1 4.9 -4.9 0.1 0 0 0 
228 -4.9 -2.90272 0.1 -4.9 -2.90272 0.1 0 -220.444 0 
229 -2.86967 0.591379 -0.1 -2.86967 0.591379 -0.1 -208.547 64.9907 0 
230 -4.9 -4.9 -0.1 -4.9 -4.9 -0.1 0 0 0 
231 -4.9 4.9 -0.1 -4.9 4.9 -0.1 0 658.428 0 
232 -4.9 4.9 0.1 -4.9 4.9 0.1 -135.546 71.3128 0 
233 -4.9 4.9 0.1 -4.9 4.9 0.1 -32.5654 0 0 
234 -4.9 -4.9 -0.1 -4.9 -4.9 -0.1 -199.054 -1575.12 0 
235 0.774225 -0.139021 0.0491102 0.774225 -0.139021 0.0491102 0 -0.098 0 
236 4.9 4.9 0.1 4.9 4.9 0.1 2320.23 503.589 0 
237 3.6888 1.28028 0.1 3.6888 1.28028 0.1 406.373 99.9572 0 
238 3.30903 1.54406 -0.1 3.30903 1.54406 -0.1 364.332 57.4342 0 
239 -2.81283 4.9 0.1 -2.81283 4.9 0.1 -206.291 0 0 
240 -1.00373 -2.04215 -0.1 -1.00373 -2.04215 -0.1 -21.0967 -291.347 0 
241 4.9 4.9 0.1 4.9 4.9 0.1 0 0 0 
242 -0.800718 -0.754264 -0.1 -0.800718 -0.754264 -0.1 -25.0629 -26.8714 0 
243 -4.9 -2.97539 -0.1 -4.9 -2.97539 -0.1 0 577.382 0 
244 -1.14009 -1.59877 -0.1 -1.14009 -1.59877 -0.1 -59.1103 -70.7534 0 
245 4.9 -4.9 0.1 4.9 -4.9 0.1 0 0 0 
246 -4.9 -4.72467 -0.1 -4.9 -4.72467 -0.1 -542.943 -38.7492 0 
247 4.9 -4.9 -0.1 4.9 -4.9 -0.1 0 0 0 
248 -4.9 -4.9 0.1 -4.9 -4.9 0.1 0 -693.277 10.2099 
249 -4.9 -4.9 -0.1 -4.9 -4.9 -0.1 0 -2441.12 0 
250 -4.9 4.9 0.1 -4.9 4.9 0.1 0 0 0 
251 -4.9 -4.9 -0.1 -4.9 -4.9 -0.1 0 -850.73 0 
252 4.9 4.9 -0.1 4.9 4.9 -0.1 0 2353.31 0 
253 -4.9 -1.48605 0.1 -4.9 -1.48605 0.1 -76.9206 -146.679 0 
254 4.9 4.9 -0.1 4.9 4.9 -0.1 0 0 0 
255 -4.9 -4.9 -0.1 -4.9 -4.9 -0.1 0 -2940 0 
256 4.9 4.9 -0.1 4.9 4.9 -0.1 327.33 413.963 0 
257 -4.9 4.9 0.1 -4.9 4.9 0.1 0 0 0 
258 4.9 4.9 0.1 4.9 4.9 0.1 12.5604 2088.43 0 
259 -4.9 4.9 0.1 -4.9 4.9 0.1 0 0 0 
260 4.9 -4.9 -0.1 4.9 -4.9 -0.1 0 0 0 
261 -4.9 -4.9 0.1 -4.9 -4.9 0.1 0 0 0 
262 -4.9 0.537687 -0.1 -4.9 0.537687 -0.1 0 47.4727 0 
263 4.9 4.17394 -0.1 4.9 4.17394 -0.1 0 478.957 0 
264 -4.9 -4.9 -0.1 -4.9 -4.9 -0.1 0 0 0 
265 -4.9 -4.9 0.1 -4.9 -4.9 0.1 0 -31.0383 0 
266 4.9 -4.9 0.1 4.9 -4.9 0.1 0 0 0 
267 4.9 4.9 0.1 4.9 4.9 0.1 220.226 483.787 0 
268 -4.9 4.9 0.1 -4.9 4.9 0.1 0 0 0 
269 -4.9 4.9 -0.1 -4.9 4.9 -0.1 -2940 0 0 
270 4.9 4.9 -0.1 4.9 4.9 -0.1 128.519 1484.96 0 
271 -0.420762 4.89989 0.1 -0.420762 4.89989 0.1 82.4036 -0.0326667 0 
272 4.9 4.9 -0.1 4.9 4.9 -0.1 0 0 0 
273 4.9 -4.9 -0.1 4.9 -4.9 -0.1 0 -268.512 0 
274 -4.9 3.62213 -0.1 -4.9 3.62213 -0.1 -161.351 383.123 0 
275 4.9 4.9 -0.1 4.9 4.9 -0.1 445.052 0 0 
276 4.9 -4.9 0.1 4.9 -4.9 0.1 0 0 0 
277 4.9 4.9 0.1 4.9 4.9 0.1 0 960.518 0 
278 4.9 -4.9 0.1 4.9 -4.9 0.1 0 -353.299 0 
279 -4.9 -4.9 -0.1 -4.9 -4.9 -0.1 0 0 0 
280 -4.9 -4.9 -0.1 -4.9 -4.9 -0.1 0 0 0 
281 -4.9 -4.9 -0.1 -4.9 -4.9 -0.1 0 0 0 
282 4.9 -4.9 -0.1 4.9 -4.9 -0.1 0 0 0 
283 4.9 -1.12738 0.1 4.9 -1.12738 0.1 0 -102.257 0 
284 4.9 -4.9 0.1 4.9 -4.9 0.1 0 0 0 
285 4.9 -4.9 -0.1 4.9 -4.9 -0.1 0 -1620.31 0 
286 -4.9 0.285448 0.1 -4.9 0.285448 0.1 0 -192.458 0 
287 -4.9 -4.9 0.1 -4.9 -4.9 0.1 0 0 0 
288 -2.79368 3.07522 -0.1 -2.79368 3.07522 -0.1 -220.242 271.878 0 
289 4.9 -4.9 -0.1 4.9 -4.9 -0.1 2940 0 0 
290 -1.29289 -4.9 0.1 -1.29289 -4.9 0.1 -64.3709 0 0 
291 -4.9 -4.9 -0.1 -4.9 -4.9 -0.1 -99.7761 0 0 
292 4.10215 2.09699 -0.1 4.10215 2.09699 -0.1 465.226 200.538 0 
293 4.9 4.9 -0.1 4.9 4.9 -0.1 299.516 0 0 
294 -2.2479 4.9 -0.1 -2.2479 4.9 -0.1 -2144.37 0 0 
295 -1.6481 4.89989 -0.1 -1.6481 4.89989 -0.1 -246.475 -0.0326667 0 
296 4.43788 2.1818 -0.1 4.43788 2.1818 -0.1 474.08 225.241 0 
297 -4.9 4.9 0.1 -4.9 4.9 0.1 0 2940 60 
298 4.9 4.9 -0.1 4.9 4.9 -0.1 1274.56 0 0 
299 0.27973 -1.8837 -0.1 0.27973 -1.8837 -0.1 14.4493 -191.34 0 
300 -0.29435 0.379824 0.1 -0.29435 0.379824 0.1 26.9648 -5.63238 0.810504 
301 -2.75232 -2.34034 0.1 -2.75232 -2.34034 0.1 -279.565 -285.992 0 
302 4.9 -4.9 -0.1 4.9 -4.9 -0.1 0 0 0 
303 -4.9 -4.9 0.1 -4.9 -4.9 0.1 0 -2940 0 
304 4.9 -4.9 -0.1 4.9 -4.9 -0.1 0 0 0 
305 4.9 -4.9 -0.1 4.9 -4.9 -0.1 0 -2940 0 
306 4.9 -0.336189 0.1 4.9 -0.336189 0.1 0 -392.37 47.8732 
307 -4.9 -4.9 0.1 -4.9 -4.9 0.1 -449.691 -1763.67 0 
308 -0.039084 4.89989 0.1 -0.039084 4.89989 0.1 71.1771 -0.0326667 0 
309 -4.9 -4.9 0.1 -4.9 -4.9 0.1 0 0 0 
310 -3.80462 4.89989 -0.1 -3.80462 4.89989 -0.1 -358.154 -0.0326667 0 
311 4.9 -4.9 0.1 4.9 -4.9 0.1 0 0 0 
312 -4.9 -4.9 0.1 -4.9 -4.9 0.1 0 -43.5399 0 
313 4.9 -4.9 0.1 4.9 -4.9 0.1 0 0 0 
314 4.9 1.65457 -0.1 4.9 1.65457 -0.1 0 -973.629 0 
315 4.12301 -4.9 0.1 4.12301 -4.9 0.1 451.773 -5.65217 0 
316 -4.9 -4.9 -0.1 -4.9 -4.9 -0.1 0 0 0 
317 0.512959 0.227153 -0.0478064 0.512959 0.227153 -0.0478064 0 -0.098 0 
318 -4.9 -4.9 0.1 -4.9 -4.9 0.1 0 0 0 
319 -4.9 1.48496 0.1 -4.9 1.48496 0.1 0 58.5264 0 
320 4.9 4.9 0.1 4.9 4.9 0.1 0 965.28 0 
321 4.9 -4.9 0.1 4.9 -4.9 0.1 0 0 0 
322 -4.9 -4.9 0.1 -4.9 -4.9 0.1 0 -2940 0 
323 -4.9 -3.9885 0.1 -4.9 -3.9885 0.1 0 -444.453 0 
324 -4.9 4.9 -0.1 -4.9 4.9 -0.1 -51.16 143.322 0 
325 -4.02895 4.9 0.1 -4.02895 4.9 0.1 261.314 0 0 
326 -1.08324 4.9 -0.1 -1.08324 4.9 -0.1 -157.301 483.277 0 
327 -2.06427 -3.7644 0.1 -2.06427 -3.7644 0.1 -746.196 -932.603 0 
328 4.9 -4.9 -0.1 4.9 -4.9 -0.1 0 -2940 0 
329 4.9 -4.9 -0.1 4.9 -4.9 -0.1 0 0 0 
330 -4.9 4.9 -0.1 -4.9 4.9 -0.1 -1835.71 0 0 
331 4.9 0.615642 0.1 4.9 0.615642 0.1 0 -233.444 0 
332 -4.9 -4.9 0.1 -4.9 -4.9 0.1 0 -342.391 0 
333 4.9 -4.9 0.1 4.9 -4.9 0.1 0 0 0 
334 4.9 -4.9 -0.1 4.9 -4.9 -0.1 0 0 0 
335 2.51876 0.321911 -0.1 2.51876 0.321911 -0.1 198.255 20.4185 0 
336 4.9 -4.9 -0.1 4.9 -4.9 -0.1 0 -958.756 0 
337 1.53936 2.0676 -0.1 1.53936 2.0676 -0.1 202.796 190.712 0 
338 4.9 4.9 -0.1 4.9 4.9 -0.1 0 0 0 
339 4.9 -4.9 0.1 4.9 -4.9 0.1 2940 -2940 0 
340 4.9 -4.9 0.1 4.9 -4.9 0.1 0 -163.425 0 
341 0.748871 0.208631 0.1 0.748871 0.208631 0.1 139.262 -54.8658 0 
342 -4.9 -3.29942 0.1 -4.9 -3.29942 0.1 -372.385 -232.365 0 
343 -4.9 -0.340714 -0.1 -4.9 -0.340714 -0.1 -359.553 50.0063 0 
344 -4.9 -4.9 0.1 -4.9 -4.9 0.1 0 -2940 0 
345 4.9 -4.9 -0.1 4.9 -4.9 -0.1 0 0 0 
346 1.16283 -1.0829 0.1 1.16283 -1.0829 0.1 203.956 -131.687 0 
347 -1.21817 3.44595 0.1 -1.21817 3.44595 0.1 -40.7981 281.735 0 
348 -4.9 -4.9 -0.1 -4.9 -4.9 -0.1 0 0 0 
349 -4.9 -4.9 -0.1 -4.9 -4.9 -0.1 0 0 0 
350 -4.9 -1.38511 0.1 -4.9 -1.38511 0.1 0 -96.4515 0 
351 4.9 -4.9 -0.1 4.9 -4.9 -0.1 0 0 0 
352 -4.9 -4.9 -0.1 -4.9 -4.9 -0.1 0 0 0 
353 -1.44947 -1.26244 -0.1 -1.44947 -1.26244 -0.1 -63.9106 -98.4138 0 
354 4.9 4.9 0.1 4.9 4.9 0.1 0 841.957 0 
355 4.9 -4.9 0.1 4.9 -4.9 0.1 663.333 -2940 0 
356 -1.22057 -4.41434 0.1 -1.22057 -4.41434 0.1 -209.602 -414.349 0 
357 -4.22274 0.738293 0.1 -4.22274 0.738293 0.1 -368.538 39.8514 0 
358 4.9 -4.9 0.1 4.9 -4.9 0.1 0 0 0 
359 -4.9 -4.9 0.1 -4.9 -4.9 0.1 0 0 0 
360 -4.9 -4.9 -0.1 -4.9 -4.9 -0.1 0 0 0 
361 -4.9 -4.9 0.1 -4.9 -4.9 0.1 0 0 0 
362 -4.9 -4.9 -0.1 -4.9 -4.9 -0.1 0 0 0 
363 3.45364 -0.209609 0.1 3.45364 -0.209609 0.1 375.209 -2.94488 0 
364 -4.9 4.9 -0.1 -4.9 4.9 -0.1 0 0 0 
365 4.9 -4.9 0.1 4.9 -4.9 0.1 2260.21 -2940 0 
366 -3.9734 -4.05647 0.1 -3.9734 -4.05647 0.1 -418.446 -433.206 0 
367 4.9 4.9 0.1 4.9 4.9 0.1 0 0 0 
368 -4.9 4.9 -0.1 -4.9 4.9 -0.1 0 0 0 
369 -4.9 4.9 0.1 -4.9 4.9 0.1 -272.471 376.638 0 
370 0.689572 -3.9402 -0.1 0.689572 -3.9402 -0.1 -20.9057 -394.884 0 
371 -4.9 -4.9 -0.1 -4.9 -4.9 -0.1 0 -2940 0 
372 -4.9 -4.9 0.1 -4.9 -4.9 0.1 0 -2940 0 
373 4.9 4.9 0.1 4.9 4.9 0.1 0 0 0 
374 2.34048 2.15119 0.1 2.34048 2.15119 0.1 244.149 144.28 0 
375 -4.9 4.9 -0.1 -4.9 4.9 -0.1 0 0 0 
376 4.9 -4.9 -0.1 4.9 -4.9 -0.1 0 0 0 
377 -0.378058 0.0269687 -0.1 -0.378058 0.0269687 -0.1 -75.9129 -95.3657 0 
378 4.9 -4.9 -0.1 4.9 -4.9 -0.1 2940 0 0 
379 4.9 4.9 0.1 4.9 4.9 0.1 0 0 0 
380 -4.9 4.9 0.1 -4.9 4.9 0.1 0 0 0 
381 -4.9 -4.9 0.1 -4.9 -4.9 0.1 0 -2940 0 
382 4.9 -2.99146 0.1 4.9 -2.99146 0.1 0 -1558.41 0 
383 4.9 -4.9 -0.1 4.9 -4.9 -0.1 0 -2940 0 
384 -1.48679 4.89989 0.1 -1.48679 4.89989 0.1 643.381 -0.0326667 0 
385 -4.9 -4.9 0.1 -4.9 -4.9 0.1 0 0 0 
386 4.9 -4.9 0.1 4.9 -4.9 0.1 1178.54 0 0 
387 4.9 4.9 0.1 4.9 4.9 0.1 0 0 0 
388 4.9 -3.03997 -0.1 4.9 -3.03997 -0.1 0 -206.669 0 
389 -0.0962028 0.127934 -0.1 -0.0962028 0.127934 -0.1 42.6682 -70.3904 0 
390 0.917918 -0.469066 -0.0496087 0.917918 -0.469066 -0.0496087 5.64575 0.419893 -1.59299 
391 4.9 4.9 0.1 4.9 4.9 0.1 0 0 0 
392 -4.9 -4.9 0.1 -4.9 -4.9 0.1 -2373.63 0 0 
393 -4.9 -4.9 -0.1 -4.9 -4.9 -0.1 0 0 0 
394 4.9 -4.9 -0.1 4.9 -4.9 -0.1 0 0 0 
395 -4.1506 4.9 0.1 -4.1506 4.9 0.1 -425.345 516.054 0 
396 4.9 4.9 -0.1 4.9 4.9 -0.1 0 0 0 
397 1.17252 -1.47374 -0.1 1.17252 -1.47374 -0.1 104.755 -65.8581 0 
398 -1.40564 0.608576 -0.1 -1.40564 0.608576 -0.1 -132.265 41.5999 0 
399 -4.9 -4.9 0.1 -4.9 -4.9 0.1 0 -2127.87 0 
400 -4.9 -4.9 0.1 -4.9 -4.9 0.1 0 0 0 
401 4.9 -4.9 0.1 4.9 -4.9 0.1 0 0 0 
402 1.58113 -4.9 -0.1 1.58113 -4.9 -0.1 176.23 0 0 
403 -4.9 4.9 -0.1 -4.9 4.9 -0.1 0 0 0 
404 4.9 -4.9 -0.1 4.9 -4.9 -0.1 0 0 0 
405 3.72193 -4.9 0.1 3.72193 -4.9 0.1 381.277 0 0 
406 4.9 -4.9 0.1 4.9 -4.9 0.1 0 0 0 
407 -4.9 -4.9 -0.1 -4.9 -4.9 -0.1 0 0 0 
408 -4.9 4.9 0.1 -4.9 4.9 0.1 0 0 0 
409 4.9 -1.91999 -0.1 4.9 -1.91999 -0.1 0 -2046 0 
410 4.9 4.9 0.1 4.9 4.9 0.1 0 133.37 0 
411 4.9 4.9 0.1 4.9 4.9 0.1 142.177 0 0 
412 -4.9 4.9 -0.1 -4.9 4.9 -0.1 0 0 0 
413 -4.9 -4.9 0.1 -4.9 -4.9 0.1 0 -2940 0 
414 -4.7899 4.9 -0.1 -4.7899 4.9 -0.1 33.0285 0 0 
415 -4.9 -4.9 -0.1 -4.9 -4.9 -0.1 0 0 0 
416 4.9 -4.9 0.1 4.9 -4.9 0.1 34.7828 0 0 
417 -4.9 -4.9 0.1 -4.9 -4.9 0.1 0 -232.406 0 
418 4.9 -4.9 -0.1 4.9 -4.9 -0.1 807.192 0 0 
419 -4.9 0.78538 0.1 -4.9 0.78538 0.1 -273.549 53.1931 0 
420 -4.9 4.9 0.1 -4.9 4.9 0.1 0 0 0 
421 -4.9 -4.9 -0.1 -4.9 -4.9 -0.1 -2101.08 0 0 
422 4.9 -4.9 -0.1 4.9 -4.9 -0.1 0 -2328.82 0 
423 -4.9 -4.9 0.1 -4.9 -4.9 0.1 0 0 0 
424 1.33934 4.85659 -0.1 1.33934 4.85659 -0.1 143.2 409.193 0 
425 4.9 -4.9 0.1 4.9 -4.9 0.1 0 0 0 
426 4.9 4.9 -0.1 4.9 4.9 -0.1 0 0 0 
427 -4.9 4.9 0.1 -4.9 4.9 0.1 0 0 0 
428 4.9 -4.9 0.1 4.9 -4.9 0.1 0 0 0 
429 -4.9 -3.22834 -0.1 -4.9 -3.22834 -0.1 0 -159.903 0 
430 4.9 -4.9 0.1 4.9 -4.9 0.1 0 -2940 0 
431 4.9 -4.9 0.1 4.9 -4.9 0.1 431.956 -32.3213 0 
432 2.98852 -4.9 -0.1 2.98852 -4.9 -0.1 2366.56 0 0 
433 -4.9 -4.9 0.1 -4.9 -4.9 0.1 0 0 0 
434 -2.08009 -4.9 -0.1 -2.08009 -4.9 -0.1 -278.693 0 0 
435 4.9 1.65457 -0.1 4.9 1.65457 -0.1 0 -973.629 0 
436 4.9 -4.9 0.1 4.9 -4.9 0.1 1461.36 0 0 
437 4.9 -4.9 -0.1 4.9 -4.9 -0.1 0 0 0 
438 -4.9 4.9 0.1 -4.9 4.9 0.1 -731.197 88.4493 0 
439 -4.9 -4.9 0.1 -4.9 -4.9 0.1 -160.635 0 0 
440 -4.9 -1.85152 -0.1 -4.9 -1.85152 -0.1 -22.9379 -266.53 0 
441 4.9 -4.9 0.1 4.9 -4.9 0.1 0 0 0 
442 4.9 -4.9 0.1 4.9 -4.9 0.1 0 0 0 
443 4.9 -4.9 -0.1 4.9 -4.9 -0.1 0 0 0 
444 -4.9 -4.9 0.1 -4.9 -4.9 0.1 0 0 0 
445 4.9 4.9 0.1 4.9 4.9 0.1 0 0 0 
446 -4.9 -4.9 -0.1 -4.9 -4.9 -0.1 0 0 0 
447 -4.9 -4.9 -0.1 -4.9 -4.9 -0.1 0 -2940 0 
448 4.9 -4.9 -0.1 4.9 -4.9 -0.1 0 0 0 
449 4.9 4.9 -0.1 4.9 4.9 -0.1 2505.39 121.752 0 
450 -4.9 -4.9 -0.1 -4.9 -4.9 -0.1 0 0 0 
451 -4.9 4.9 0.1 -4.9 4.9 0.1 0 0 0 
452 -4.9 4.9 -0.1 -4.9 4.9 -0.1 0 1905.69 0 
453 4.9 -4.9 0.1 4.9 -4.9 0.1 0 0 0 
454 -4.9 4.26298 -0.1 -4.9 4.26298 -0.1 -77.6033 380.096 0 
455 4.9 -4.9 -0.1 4.9 -4.9 -0.1 0 -2940 0 
456 4.9 -4.9 -0.1 4.9 -4.9 -0.1 287.511 -459.433 0 
457 -4.9 -1.98776 -0.1 -4.9 -1.98776 -0.1 0 -280.27 0 
458 4.33084 3.80054 -0.1 4.33084 3.80054 -0.1 447.951 344.424 0 
459 -4.9 4.9 0.1 -4.9 4.9 0.1 0 2940 60 
460 2.67195 4.9 -0.1 2.67195 4.9 -0.1 264.934 108.561 0 
461 4.9 4.9 0.1 4.9 4.9 0.1 0 0 0 
462 -1.94672 4.9 -0.1 -1.94672 4.9 -0.1 -210.979 0 0 
463 4.9 -4.9 0.1 4.9 -4.9 0.1 0 -2940 0 
464 2.93048 -1.0458 -0.1 2.93048 -1.0458 -0.1 340.877 -61.4701 0 
465 -4.9 4.9 0.1 -4.9 4.9 0.1 0 2940 60 
466 4.9 -4.9 0.1 4.9 -4.9 0.1 480.56 0 0 
467 0.97796 0.462601 0.0499901 0.97796 0.462601 0.0499901 0 -0.098 0 
468 -3.38314 2.67105 -0.1 -3.38314 2.67105 -0.1 -320.212 168.263 0 
469 -4.9 -4.9 -0.1 -4.9 -4.9 -0.1 0 0 0 
470 4.9 4.9 -0.1 4.9 4.9 -0.1 0 1102.5 0 
471 4.9 -4.9 0.1 4.9 -4.9 0.1 0 -2940 0 
472 -4.9 4.9 0.1 -4.9 4.9 0.1 0 951.664 0 
473 -4.9 4.9 -0.1 -4.9 4.9 -0.1 0 611.475 0 
474 -1.65131 0.808766 -0.1 -1.65131 0.808766 -0.1 -181.483 119.612 0 
475 -4.9 -4.9 -0.1 -4.9 -4.9 -0.1 -202.505 -131.72 0 
476 1.51833 -1.10839 0.1 1.51833 -1.10839 0.1 79.3972 -15.2287 0 
477 4.9 -4.9 0.1 4.9 -4.9 0.1 234.926 0 0 
478 -4.9 -4.9 -0.1 -4.9 -4.9 -0.1 0 0 0 
479 2.0935 1.71322 -0.1 2.0935 1.71322 -0.1 183.877 205.223 -8.62556 
480 -4.9 -0.589349 -0.1 -4.9 -0.589349 -0.1 0 -1646.8 0 
481 4.9 -4.9 -0.1 4.9 -4.9 -0.1 0 0 0 
482 4.9 4.9 0.1 4.9 4.9 0.1 0 0 0 
483 4.9 4.9 -0.1 4.9 4.9 -0.1 0 0 0 
484 4.9 -4.9 0.1 4.9 -4.9 0.1 1019.93 -2940 0 
485 4.9 -4.39417 0.1 4.9 -4.39417 0.1 325.925 -403.198 0 
486 4.02093 4.9 0.1 4.02093 4.9 0.1 723.947 0 0 
487 -4.9 -4.9 -0.1 -4.9 -4.9 -0.1 -42.4307 -63.3616 0 
488 4.9 -4.9 0.1 4.9 -4.9 0.1 0 -2940 0 
489 2.82044 2.25301 0.1 2.82044 2.25301 0.1 197.135 127.051 0 
490 0.546014 4.9 -0.1 0.546014 4.9 -0.1 132.962 0 0 
491 4.9 4.9 -0.1 4.9 4.9 -0.1 0 0 0 
492 -4.63569 -4.9 0.1 -4.63569 -4.9 0.1 -383.36 -302.84 0 
493 -4.9 4.9 -0.1 -4.9 4.9 -0.1 0 0 0 
494 4.9 -4.9 -0.1 4.9 -4.9 -0.1 0 0 0 
495 4.9 4.9 -0.1 4.9 4.9 -0.1 0 0 0 
496 4.9 -4.9 0.1 4.9 -4.9 0.1 0 -2940 0 
497 -4.9 -4.4804 0.1 -4.9 -4.4804 0.1 -322.27 -491.33 0 
498 -4.9 4.9 0.1 -4.9 4.9 0.1 -253.341 1395.8 0 
499 -3.34331 4.89989 0.1 -3.34331 4.89989 0.1 -272.916 -0.0326667 0 
500 -4.9 4.9 0.1 -4.9 4.9 0.1 0 0 0 
501 4.9 4.9 0.1 4.9 4.9 0.1 0 0 0 
502 4.14553 -1.95218 0.1 4.14553 -1.95218 0.1 380.173 -173.626 0 
503 4.9 4.44826 0.1 4.9 4.44826 0.1 0 403.763 0 
504 -4.9 -4.9 0.1 -4.9 -4.9 0.1 0 0 0 
505 4.9 -4.9 -0.1 4.9 -4.9 -0.1 0 -2173.59 0 
506 -4.9 4.9 -0.1 -4.9 4.9 -0.1 0 0 0 
507 -2.53494 -4.9 -0.1 -2.53494 -4.9 -0.1 -157.761 0 0 
508 4.9 4.9 -0.1 4.9 4.9 -0.1 0 0 0 
509 -2.56363 4.89989 0.1 -2.56363 4.89989 0.1 -310.943 -0.0326667 0 
510 4.9 4.9 0.1 4.9 4.9 0.1 64.9326 1160.26 0 
511 4.9 -4.9 -0.1 4.9 -4.9 -0.1 0 -2940 0 
512 4.9 -4.9 0.1 4.9 -4.9 0.1 72.8661 0 0 
513 -3.05367 1.25491 -0.1 -3.05367 1.25491 -0.1 -370.057 72.8754 0 
514 4.9 -4.9 -0.1 4.9 -4.9 -0.1 0 0 0 
515 0.256989 0.620108 -0.0477526 0.256989 0.620108 -0.0477526 -8.18945 -16.8903 -0.88134 
516 4.9 -4.9 0.1 4.9 -4.9 0.1 0 0 0 
517 4.9 4.9 0.1 4.9 4.9 0.1 0 0 0 
518 4.9 4.9 -0.1 4.9 4.9 -0.1 0 0 0 
519 -4.9 4.9 -0.1 -4.9 4.9 -0.1 0 0 0 
520 -4.9 4.9 0.1 -4.9 4.9 0.1 0 0 0 
521 4.9 2.79024 -0.1 4.9 2.79024 -0.1 0 653.367 0 
522 4.9 -4.9 0.1 4.9 -4.9 0.1 0 0 0 
523 2.3327 -2.10823 -0.1 2.3327 -2.10823 -0.1 256.95 -272.865 0 
524 -1.61982 -4.9 -0.1 -1.61982 -4.9 -0.1 -1955.95 -2940 0 
525 0.901637 0.0931215 0.1 0.901637 0.0931215 0.1 12.0796 -50.7597 10.2065 
526 0.463643 -4.9 -0.1 0.463643 -4.9 -0.1 63.1345 -105.947 0 
527 -4.9 4.9 -0.1 -4.9 4.9 -0.1 0 2940 0 
528 4.9 -4.9 0.1 4.9 -4.9 0.1 2940 -2940 0 
529 4.9 -4.9 0.1 4.9 -4.9 0.1 0 0 0 
530 -0.256879 0.82701 0.0668117 -0.256879 0.82701 0.0668117 21.9957 3.25057 3.57705 
531 4.9 4.9 0.1 4.9 4.9 0.1 506.49 0 0 
532 -4.9 -4.9 0.1 -4.9 -4.9 0.1 -252.578 -421.153 0 
533 -4.9 4.9 0.1 -4.9 4.9 0.1 0 777.581 0 
534 4.9 -1.01183 0.1 4.9 -1.01183 0.1 0 -161.847 0 
535 -1.99778 -4.9 0.1 -1.99778 -4.9 0.1 -173.43 0 0 
536 4.9 4.9 -0.1 4.9 4.9 -0.1 0 0 0 
537 4.9 4.9 -0.1 4.9 4.9 -0.1 0 0 0 
538 4.9 -4.9 0.1 4.9 -4.9 0.1 0 0 0 
539 -4.9 4.9 0.1 -4.9 4.9 0.1 0 2940 60 
540 4.9 4.9 0.1 4.9 4.9 0.1 0 0 0 
541 4.9 -4.9 -0.1 4.9 -4.9 -0.1 0 0 0 
542 0.906513 -0.939127 0.1 0.906513 -0.939127 0.1 162.171 -96.1585 0 
543 -4.9 -4.9 0.1 -4.9 -4.9 0.1 -1535.9 0 0 
544 2.07324 -4.9 0.1 2.07324 -4.9 0.1 141.58 0 0 
545 -4.9 -4.9 -0.1 -4.9 -4.9 -0.1 0 0 0 
546 4.9 -4.9 -0.1 4.9 -4.9 -0.1 522.604 0 0 
547 -4.9 -4.9 0.1 -4.9 -4.9 0.1 0 0 0 
548 4.9 4.9 0.1 4.9 4.9 0.1 0 0 0 
549 4.9 -4.9 0.1 4.9 -4.9 0.1 239.807 -1817.03 0 
550 -3.41913 3.18017 -0.1 -3.41913 3.18017 -0.1 -366.654 405.677 0 
551 4.9 -4.9 0.1 4.9 -4.9 0.1 0 -2940 0 
552 -4.9 4.9 0.1 -4.9 4.9 0.1 0 0 0 
553 4.9 -4.9 0.1 4.9 -4.9 0.1 0 0 0 
554 -4.9 4.9 0.1 -4.9 4.9 0.1 0 1753.84 0 
555 -2.29629 -4.9 -0.1 -2.29629 -4.9 -0.1 -134.944 -232.894 0 
556 4.9 -4.9 -0.1 4.9 -4.9 -0.1 0 0 0 
557 0.175466 -2.02196 0.1 0.175466 -2.02196 0.1 -50.8771 -137.71 0 
558 -4.9 2.99168 -0.1 -4.9 2.99168 -0.1 0 378.888 0 
559 0.703775 4.9 0.1 0.703775 4.9 0.1 -241.445 0 0 
560 4.9 -4.9 0.1 4.9 -4.9 0.1 670.367 0 0 
561 0.790795 3.47217 -0.1 0.790795 3.47217 -0.1 6.10948 421.882 0 
562 -4.9 4.9 0.1 -4.9 4.9 0.1 0 0 0 
563 4.9 4.9 0.1 4.9 4.9 0.1 0 0 0 
564 4.9 -4.9 0.1 4.9 -4.9 0.1 0 -2940 0 
565 4.9 -4.9 0.1 4.9 -4.9 0.1 0 -2940 0 
566 4.26905 -1.65062 0.1 4.26905 -1.65062 0.1 394.005 -257.231 0 
567 -0.0171005 4.9 -0.1 -0.0171005 4.9 -0.1 31.5423 318.821 0 
568 2.23562 4.9 -0.1 2.23562 4.9 -0.1 274.953 0 0 
569 4.72945 0.595601 0.1 4.72945 0.595601 0.1 565.155 127.099 0 
570 4.9 4.9 0.1 4.9 4.9 0.1 148.504 69.956 0 
571 4.9 3.17323 0.1 4.9 3.17323 0.1 0 663.903 0 
572 -1.73952 2.10858 0.1 -1.73952 2.10858 0.1 -95.0055 220.885 0 
573 -4.9 -4.9 0.1 -4.9 -4.9 0.1 -2940 -2940 0 
574 -4.9 -4.9 0.1 -4.9 -4.9 0.1 0 -2940 0 
575 -4.9 -4.9 -0.1 -4.9 -4.9 -0.1 0 -2940 0 
576 -4.9 -3.11122 -0.1 -4.9 -3.11122 -0.1 -330.674 -371.796 0 
577 -4.9 -0.881975 0.1 -4.9 -0.881975 0.1 0 -134.246 0 
578 4.9 -4.9 0.1 4.9 -4.9 0.1 0 0 0 
579 4.9 4.9 -0.1 4.9 4.9 -0.1 0 0 0 
580 4.9 4.9 -0.1 4.9 4.9 -0.1 0 0 0 
581 4.9 -4.9 0.1 4.9 -4.9 0.1 0 0 0 
582 -4.9 -4.9 -0.1 -4.9 -4.9 -0.1 0 0 0 
583 4.9 -4.9 0.1 4.9 -4.9 0.1 0 0 0 
584 -4.9 -4.9 -0.1 -4.9 -4.9 -0.1 0 0 0 
585 -4.9 -1.47721 -0.1 -4.9 -1.47721 -0.1 -475.709 -188.39 0 
586 -4.9 -4.9 -0.1 -4.9 -4.9 -0.1 0 0 0 
587 4.9 -4.9 -0.1 4.9 -4.9 -0.1 0 0 0 
588 2.30767 -4.9 0.1 2.30767 -4.9 0.1 117.64 0 0 
589 4.9 -4.9 -0.1 4.9 -4.9 -0.1 0 0 0 
590 -4.9 -4.9 -0.1 -4.9 -4.9 -0.1 0 0 0 
591 -4.9 -4.9 0.1 -4.9 -4.9 0.1 -2940 -2940 60 
592 -4.9 4.9 -0.1 -4.9 4.9 -0.1 0 0 0 
593 4.7727 -0.297345 -0.1 4.7727 -0.297345 -0.1 546.923 -59.0256 0 
594 -4.9 -4.9 0.1 -4.9 -4.9 0.1 -1811.8 -348.366 0 
595 -4.9 -4.9 -0.1 -4.9 -4.9 -0.1 0 -2940 0 
596 -4.9 4.9 0.1 -4.9 4.9 0.1 0 0 0 
597 -4.9 4.9 -0.1 -4.9 4.9 -0.1 -1572.89 365.53 0 
598 4.9 -4.9 0.1 4.9 -4.9 0.1 0 -2940 0 
599 -4.9 4.9 -0.1 -4.9 4.9 -0.1 0 0 0 
600 4.9 -4.9 0.1 4.9 -4.9 0.1 0 0 0 
601 -4.9 -4.9 -0.1 -4.9 -4.9 -0.1 0 0 0 
602 4.9 -4.9 0.1 4.9 -4.9 0.1 0 -262.914 0 
603 4.9 -4.9 -0.1 4.9 -4.9 -0.1 0 0 0 
604 -4.9 4.9 -0.1 -4.9 4.9 -0.1 0 0 0 
605 4.9 -4.9 -0.1 4.9 -4.9 -0.1 0 0 0 
606 -3.25408 -3.02337 -0.1 -3.25408 -3.02337 -0.1 -300.285 -271.403 0 
607 -3.36879 -4.9 -0.1 -3.36879 -4.9 -0.1 -254.871 -110.483 0 
608 -2.66081 2.1432 -0.1 -2.66081 2.1432 -0.1 -206.277 147.964 0 
609 3.1917 -2.96249 0.1 3.1917 -2.96249 0.1 396.685 -367.257 0 
610 4.9 4.9 0.1 4.9 4.9 0.1 0 0 0 
611 4.9 -4.9 -0.1 4.9 -4.9 -0.1 359.081 0 0 
612 -3.70256 -4.9 -0.1 -3.70256 -4.9 -0.1 359.232 -2940 0 
613 4.9 3.40452 -0.1 4.9 3.40452 -0.1 0 2185.92 0 
614 -4.9 -4.9 -0.1 -4.9 -4.9 -0.1 0 0 0 
615 4.9 -4.9 -0.1 4.9 -4.9 -0.1 2940 -2940 0 
616 -4.9 -4.9 -0.1 -4.9 -4.9 -0.1 -155.889 -291.465 0 
617 -4.9 -4.9 0.1 -4.9 -4.9 0.1 0 0 0 
618 4.9 -4.9 0.1 4.9 -4.9 0.1 0 -2940 60 
619 -4.9 4.9 0.1 -4.9 4.9 0.1 0 2940 60 
620 -4.9 -4.9 -0.1 -4.9 -4.9 -0.1 0 -2940 0 
621 4.9 4.9 -0.1 4.9 4.9 -0.1 0 0 0 
622 0.267268 0.817162 0.0425609 0.267268 0.817162 0.0425609 0 -0.098 0 
623 -4.9 4.9 -0.1 -4.9 4.9 -0.1 0 0 0 
624 1.90805 3.52537 0.1 1.90805 3.52537 0.1 199.298 321.775 0 
625 -4.9 -4.9 0.1 -4.9 -4.9 0.1 0 0 0 
626 0.304775 1.1652 -0.0154788 0.304775 1.1652 -0.0154788 -7.55141 29.1285 1.90045 
627 1.7341 -4.9 -0.1 1.7341 -4.9 -0.1 -72.6017 0 0 
628 -4.9 -4.9 0.1 -4.9 -4.9 0.1 0 0 0 
629 4.9 4.9 -0.1 4.9 4.9 -0.1 0 0 0 
630 4.9 -4.9 0.1 4.9 -4.9 0.1 0 -2940 0 
631 2.18035 -4.9 -0.1 2.18035 -4.9 -0.1 309.738 -328.777 0 
632 -4.9 -4.9 -0.1 -4.9 -4.9 -0.1 0 0 0 
633 -4.9 -4.9 0.1 -4.9 -4.9 0.1 0 0 0 
634 4.9 4.9 -0.1 4.9 4.9 -0.1 0 0 0 
635 -4.32303 4.9 0.1 -4.32303 4.9 0.1 -462.257 302.563 0 
636 0.587112 0.964728 -0.0756223 0.587112 0.964728 -0.0756223 0.861584 6.92705 -3.75904 
637 -0.795163 -2.7004 0.1 -0.795163 -2.7004 0.1 -16.3232 -271.19 0 
638 -4.9 -4.9 0.1 -4.9 -4.9 0.1 0 -496.907 0 
639 4.9 -4.9 0.1 4.9 -4.9 0.1 0 -2940 0 
640 4.9 4.9 -0.1 4.9 4.9 -0.1 0 0 0 
641 4.9 4.9 0.1 4.9 4.9 0.1 0 0 0 
642 4.9 -4.9 -0.1 4.9 -4.9 -0.1 2940 -2940 0 
643 4.9 -3.70152 -0.1 4.9 -3.70152 -0.1 0 -560.188 0 
644 4.9 -4.9 -0.1 4.9 -4.9 -0.1 0 0 0 
645 4.9 4.9 -0.1 4.9 4.9 -0.1 2058.12 0 0 
646 -4.9 -4.9 0.1 -4.9 -4.9 0.1 -60.1429 0 0 
647 -4.9 4.9 -0.1 -4.9 4.9 -0.1 -322.301 276.672 0 
648 -4.9 -4.9 -0.1 -4.9 -4.9 -0.1 -697.575 0 0 
649 2.26424 -4.9 0.1 2.26424 -4.9 0.1 131.794 -492.964 0 
650 -4.9 4.9 -0.1 -4.9 4.9 -0.1 0 0 0 
651 1.39516 4.9 0.1 1.39516 4.9 0.1 163.827 284.951 0 
652 -4.33048 1.47747 0.1 -4.33048 1.47747 0.1 -481.877 143.914 0 
653 -4.9 -4.9 -0.1 -4.9 -4.9 -0.1 0 0 0 
654 -4.9 4.9 -0.1 -4.9 4.9 -0.1 0 436.69 0 
655 -4.9 -4.9 -0.1 -4.9 -4.9 -0.1 0 0 0 
656 -1.18372 -4.9 -0.1 -1.18372 -4.9 -0.1 -45.3357 0 0 
657 -0.164948 3.9561 0.1 -0.164948 3.9561 0.1 -17.1335 392.048 0 
658 4.9 4.9 0.1 4.9 4.9 0.1 0 0 0 
659 -0.446635 -1.50527 0.0750259 -0.446635 -1.50527 0.0750259 -109.302 -51.2667 3.64507 
660 -4.9 4.12241 0.1 -4.9 4.12241 0.1 0 486.944 0 
661 2.32041 2.61769 0.1 2.32041 2.61769 0.1 235.448 248.919 0 
662 4.9 4.9 -0.1 4.9 4.9 -0.1 217.639 212.975 0 
663 -4.06159 -4.9 0.1 -4.06159 -4.9 0.1 -407.456 -166.373 0 
664 4.9 -4.9 0.1 4.9 -4.9 0.1 2024.05 0 0 
665 4.9 4.9 -0.1 4.9 4.9 -0.1 0 0 0 
666 4.9 4.9 0.1 4.9 4.9 0.1 0 0 0 
667 -4.9 4.9 -0.1 -4.9 4.9 -0.1 0 1013.05 0 
668 4.9 4.9 -0.1 4.9 4.9 -0.1 0 2940 0 
669 -4.9 -4.9 -0.1 -4.9 -4.9 -0.1 -995.758 0 0 
670 3.4965 2.71163 -0.1 3.4965 2.71163 -0.1 292.985 283.217 0 
671 -4.9 -4.9 -0.1 -4.9 -4.9 -0.1 0 -2940 0 
672 4.86129 1.65467 -0.1 4.86129 1.65467 -0.1 568.192 245.777 0 
673 0.9754 4.9 -0.1 0.9754 4.9 -0.1 147.031 80.8044 0 
674 -4.9 -4.9 0.1 -4.9 -4.9 0.1 -1182.67 0 0 
675 4.9 1.65457 -0.1 4.9 1.65457 -0.1 0 -973.629 0 
676 -4.9 -4.9 -0.1 -4.9 -4.9 -0.1 0 -564.889 0 
677 -4.9 -4.9 -0.1 -4.9 -4.9 -0.1 0 -1895.2 0 
678 -4.9 -4.9 -0.1 -4.9 -4.9 -0.1 0 0 0 
679 4.9 -4.9 -0.1 4.9 -4.9 -0.1 0 -2940 0 
680 4.9 -4.9 0.1 4.9 -4.9 0.1 2940 0 0 
681 4.9 1.0339 0.1 4.9 1.0339 0.1 4.84352 847.511 0 
682 -4.9 -4.9 0.1 -4.9 -4.9 0.1 -2940 0 0 
683 -4.9 -4.9 0.1 -4.9 -4.9 0.1 0 -188.803 0 
684 -4.9 4.9 -0.1 -4.9 4.9 -0.1 -180.163 0 0 
685 -4.9 -4.9 0.1 -4.9 -4.9 0.1 0 0 0 
686 -4.9 -4.9 -0.1 -4.9 -4.9 -0.1 0 0 0 
687 1.23376 4.9 0.1 1.23376 4.9 0.1 141.849 96.6496 0 
688 -4.9 4.9 -0.1 -4.9 4.9 -0.1 -837.42 0 0 
689 4.9 -4.9 0.1 4.9 -4.9 0.1 0 0 0 
690 -4.9 4.9 0.1 -4.9 4.9 0.1 0 2940 60 
691 4.9 4.9 0.1 4.9 4.9 0.1 2940 0 0 
692 -2.97902 4.9 0.1 -2.97902 4.9 0.1 -260.611 86.0473 0 
693 -4.9 -4.9 0.1 -4.9 -4.9 0.1 0 0 0 
694 4.9 -4.9 0.1 4.9 -4.9 0.1 509.489 0 0 
695 3.333 0.372061 -0.1 3.333 0.372061 -0.1 376.787 -18.2688 0 
696 4.9 -4.9 -0.1 4.9 -4.9 -0.1 0 -2940 0 
697 4.9 -4.9 0.1 4.9 -4.9 0.1 185.499 0 0 
698 3.53503 4.9 0.1 3.53503 4.9 0.1 434.173 0 0 
699 -4.9 -4.9 -0.1 -4.9 -4.9 -0.1 0 -2940 0 
700 4.9 -4.9 -0.1 4.9 -4.9 -0.1 442.527 -291.236 0 
701 -4.9 -4.9 -0.1 -4.9 -4.9 -0.1 0 0 0 
702 -4.9 -4.9 0.1 -4.9 -4.9 0.1 -306.32 0 0 
703 4.9 4.9 0.1 4.9 4.9 0.1 0 0 0 
704 4.9 -4.9 0.1 4.9 -4.9 0.1 0 -2940 0 
705 4.9 4.9 0.1 4.9 4.9 0.1 179.004 0 0 
706 4.9 -4.9 0.1 4.9 -4.9 0.1 0 0 0 
707 -4.9 4.9 -0.1 -4.9 4.9 -0.1 0 0 0 
708 -4.9 4.9 0.1 -4.9 4.9 0.1 0 0 0 
709 -1.39154 -4.5919 0.1 -1.39154 -4.5919 0.1 -220.561 -375.841 0 
710 4.9 -4.9 0.1 4.9 -4.9 0.1 0 0 0 
711 4.9 4.9 -0.1 4.9 4.9 -0.1 0 0 0 
712 2.21994 4.89989 0.1 2.21994 4.89989 0.1 311.625 -0.0326667 0 
713 4.9 4.9 0.1 4.9 4.9 0.1 0 0 0 
714 -4.9 -4.9 0.1 -4.9 -4.9 0.1 0 -1457.73 0 
715 4.9 -4.9 -0.1 4.9 -4.9 -0.1 0 0 0 
716 -4.9 4.9 -0.1 -4.9 4.9 -0.1 0 0 0 
717 -4.9 4.9 -0.1 -4.9 4.9 -0.1 0 0 0 
718 -1.7142 -2.0415 0.1 -1.7142 -2.0415 0.1 -180.002 -180.145 0 
719 -4.9 -4.9 0.1 -4.9 -4.9 0.1 0 0 60 
720 -2.55492 -4.9 0.1 -2.55492 -4.9 0.1 703.523 0 0 
721 4.9 1.86865 -0.1 4.9 1.86865 -0.1 0 91.8427 0 
722 4.9 -4.9 0.1 4.9 -4.9 0.1 0 0 0 
723 4.9 -4.9 0.1 4.9 -4.9 0.1 1306.23 -209.266 0 
724 4.9 1.71807 -0.1 4.9 1.71807 -0.1 0 264.971 0 
725 -4.9 -4.9 0.1 -4.9 -4.9 0.1 0 0 0 
726 -4.9 -4.9 -0.1 -4.9 -4.9 -0.1 0 0 0 
727 2.03834 -3.54948 -0.1 2.03834 -3.54948 -0.1 8.66818 -4.26175 0 
728 -4.9 4.9 0.1 -4.9 4.9 0.1 0 0 0 
729 -4.35666 -4.9 -0.1 -4.35666 -4.9 -0.1 -430.024 0 0 
730 -4.9 4.9 0.1 -4.9 4.9 0.1 0 278.612 0 
731 -4.9 3.25518 0.1 -4.9 3.25518 0.1 -181.187 305.361 0 
732 -3.71752 -3.88632 -0.1 -3.71752 -3.88632 -0.1 -325.068 -338.447 0 
733 -2.33874 -1.93202 0.1 -2.33874 -1.93202 0.1 -188.378 -189.235 0 
734 -4.9 -4.9 0.1 -4.9 -4.9 0.1 0 -306.807 0 
735 4.9 1.65457 -0.1 4.9 1.65457 -0.1 0 -973.629 0 
736 -4.9 -4.9 0.1 -4.9 -4.9 0.1 0 0 0 
737 4.9 -4.9 0.1 4.9 -4.9 0.1 0 0 0 
738 -4.9 -4.9 -0.1 -4.9 -4.9 -0.1 -390.437 -2940 0 
739 4.9 -4.9 -0.1 4.9 -4.9 -0.1 279.358 -35.3677 0 
740 -4.9 -4.9 0.1 -4.9 -4.9 0.1 0 -2940 0 
741 -4.9 4.9 0.1 -4.9 4.9 0.1 0 2940 60 
742 4.29782 -4.9 0.1 4.29782 -4.9 0.1 371.652 0 0 
743 -4.9 -4.9 0.1 -4.9 -4.9 0.1 0 0 0 
744 -4.9 4.9 0.1 -4.9 4.9 0.1 0 0 0 
745 -2.08687 4.9 0.1 -2.08687 4.9 0.1 -407.931 0 0 
746 0.351127 4.89989 -0.1 0.351127 4.89989 -0.1 -30.316 -0.0326667 0 
747 4.9 -4.9 0.1 4.9 -4.9 0.1 0 0 0 
748 4.9 4.9 0.1 4.9 4.9 0.1 0 0 0 
749 4.0305 -1.97334 -0.1 4.0305 -1.97334 -0.1 405.6 -161.477 0 
750 -0.653637 2.26013 0.1 -0.653637 2.26013 0.1 -104.232 127.062 0 
751 4.9 -4.9 0.1 4.9 -4.9 0.1 0 0 0 
752 -0.669863 0.881469 0.0712026 -0.669863 0.881469 0.0712026 -10.752 4.8007 2.23707 
753 -2.3706 -2.84149 -0.1 -2.3706 -2.84149 -0.1 -149.271 -232.201 0 
754 -4.9 4.9 0.1 -4.9 4.9 0.1 0 0 0 
755 -4.9 -4.9 0.1 -4.9 -4.9 0.1 0 0 0 
756 4.9 3.10641 -0.1 4.9 3.10641 -0.1 0 515.156 0 
757 4.9 -4.9 0.1 4.9 -4.9 0.1 0 0 0 
758 4.9 -4.9 -0.1 4.9 -4.9 -0.1 0 0 0 
759 4.9 -4.9 -0.1 4.9 -4.9 -0.1 0 -2940 0 
760 4.9 4.9 -0.1 4.9 4.9 -0.1 0 680.436 0 
761 4.9 -4.9 -0.1 4.9 -4.9 -0.1 0 0 0 
762 -4.9 0.650417 0.1 -4.9 0.650417 0.1 0 105.999 0 
763 4.9 4.9 -0.1 4.9 4.9 -0.1 789.174 0 0 
764 -4.9 4.9 -0.1 -4.9 4.9 -0.1 0 0 0 
765 -4.9 4.9 -0.1 -4.9 4.9 -0.1 0 180.078 0 
766 4.73302 2.82071 -0.1 4.73302 2.82071 -0.1 566.02 226.68 0 
767 -3.0781 0.69482 -0.1 -3.0781 0.69482 -0.1 -345.148 13.0512 0 
768 -4.9 -4.9 0.1 -4.9 -4.9 0.1 0 0 0 
769 -4.9 4.9 0.1 -4.9 4.9 0.1 0 2940 60 
770 -4.9 -4.9 0.1 -4.9 -4.9 0.1 0 0 0 
771 -4.9 4.9 0.1 -4.9 4.9 0.1 -282.537 0 0 
772 4.9 -4.9 0.1 4.9 -4.9 0.1 0 -2940 0 
773 -4.9 4.9 -0.1 -4.9 4.9 -0.1 0 650.505 0 
774 4.9 0.726139 -0.1 4.9 0.726139 -0.1 0 -1252.16 0 
775 3.98529 1.67385 -0.1 3.98529 1.67385 -0.1 476.141 122.777 0 
776 4.9 -4.9 0.1 4.9 -4.9 0.1 0 0 0 
777 -4.9 -2.51357 -0.1 -4.9 -2.51357 -0.1 0 -2224.07 -60 
778 4.9 -1.53134 0.1 4.9 -1.53134 0.1 0 -4.52794 0 
779 -4.9 -0.116161 0.1 -4.9 -0.116161 0.1 -533.931 -69.3181 0 
780 1.23238 -4.9 0.1 1.23238 -4.9 0.1 74.0593 -444.313 0 
781 4.9 -4.9 0.1 4.9 -4.9 0.1 2940 -2940 0 
782 -4.9 4.9 0.1 -4.9 4.9 0.1 0 0 0 
783 4.9 4.9 -0.1 4.9 4.9 -0.1 0 744.855 0 
784 -4.9 -4.9 -0.1 -4.9 -4.9 -0.1 0 -588.781 0 
785 4.9 -4.9 -0.1 4.9 -4.9 -0.1 0 0 0 
786 -4.9 -4.9 -0.1 -4.9 -4.9 -0.1 0 -2940 0 
787 -4.9 4.9 -0.1 -4.9 4.9 -0.1 0 0 0 
788 4.9 4.9 -0.1 4.9 4.9 -0.1 0 0 0 
789 4.9 -4.9 0.1 4.9 -4.9 0.1 0 0 0 
790 -4.9 -4.9 -0.1 -4.9 -4.9 -0.1 0 -2940 0 
791 -4.9 0.758469 -0.1 -4.9 0.758469 -0.1 -100.144 155.398 0 
792 4.9 -4.9 0.1 4.9 -4.9 0.1 0 -2940 0 
793 4.9 -4.9 -0.1 4.9 -4.9 -0.1 0 0 0 
794 4.9 -4.9 -0.1 4.9 -4.9 -0.1 0 0 0 
795 -4.9 4.9 0.1 -4.9 4.9 0.1 0 0 0 
796 4.9 -1.60121 0.1 4.9 -1.60121 0.1 0 -196.994 0 
797 -4.9 -4.9 -0.1 -4.9 -4.9 -0.1 0 -2940 0 
798 4.26749 2.78741 0.1 4.26749 2.78741 0.1 472.939 217.484 0 
799 -4.9 4.9 0.1 -4.9 4.9 0.1 0 2940 60 
800 4.9 -4.9 0.1 4.9 -4.9 0.1 2940 0 0 
801 4.9 -4.9 0.1 4.9 -4.9 0.1 0 -2940 0 
802 -4.9 -4.9 0.1 -4.9 -4.9 0.1 -387.139 0 0 
803 -1.78697 -4.9 -0.1 -1.78697 -4.9 -0.1 -591.057 0 0 
804 4.9 -4.9 -0.1 4.9 -4.9 -0.1 0 -2940 0 
805 2.89971 2.51896 -0.1 2.89971 2.51896 -0.1 385.437 304.24 0 
806 4.9 -4.9 0.1 4.9 -4.9 0.1 2940 -2940 0 
807 -4.9 4.9 -0.1 -4.9 4.9 -0.1 0 0 0 
808 4.9 4.9 -0.1 4.9 4.9 -0.1 0 0 0 
809 -4.9 -4.9 0.1 -4.9 -4.9 0.1 -326.991 -30.959 0 
810 4.9 -4.9 0.1 4.9 -4.9 0.1 0 0 0 
811 -4.9 -4.9 -0.1 -4.9 -4.9 -0.1 0 0 0 
812 -4.9 4.9 -0.1 -4.9 4.9 -0.1 0 0 0 
813 4.9 2.69317 0.1 4.9 2.69317 0.1 2459.62 2277.95 0 
814 -4.9 4.9 -0.1 -4.9 4.9 -0.1 0 0 0 
815 4.9 1.65457 -0.1 4.9 1.65457 -0.1 0 -973.629 0 
816 -4.9 -4.9 -0.1 -4.9 -4.9 -0.1 0 0 0 
817 0.677338 -4.9 -0.1 0.677338 -4.9 -0.1 6.16607 0 0 
818 -4.9 -4.9 -0.1 -4.9 -4.9 -0.1 0 -2940 0 
819 4.9 -4.9 0.1 4.9 -4.9 0.1 0 -2940 0 
820 4.9 -4.9 0.1 4.9 -4.9 0.1 0 0 0 
821 4.9 -4.9 0.1 4.9 -4.9 0.1 281.222 -876.9 0 
822 -4.9 3.86395 -0.1 -4.9 3.86395 -0.1 0 -310.814 0 
823 4.9 -4.9 -0.1 4.9 -4.9 -0.1 0 0 0 
824 -4.9 -4.9 -0.1 -4.9 -4.9 -0.1 0 0 0 
825 -4.9 -4.9 -0.1 -4.9 -4.9 -0.1 0 0 0 
826 4.9 -4.9 0.1 4.9 -4.9 0.1 0 0 0 
827 -4.9 -4.9 -0.1 -4.9 -4.9 -0.1 0 0 0 
828 -4.9 -4.9 -0.1 -4.9 -4.9 -0.1 0 0 0 
829 4.9 0.996978 0.1 4.9 0.996978 0.1 0 180.202 0 
830 4.9 4.9 -0.1 4.9 4.9 -0.1 0 0 0 
831 0.88017 -4.68424 0.1 0.88017 -4.68424 0.1 -42.1639 -545.077 0 
832 4.9 4.9 0.1 4.9 4.9 0.1 0 0 0 
833 -4.9 4.9 -0.1 -4.9 4.9 -0.1 0 1393.52 0 
834 1.47636 -4.9 -0.1 1.47636 -4.9 -0.1 190.292 -139.686 0 
835 4.9 -4.9 0.1 4.9 -4.9 0.1 0 -2940 0 
836 -4.9 -4.9 0.1 -4.9 -4.9 0.1 0 0 0 
837 4.9 -4.9 0.1 4.9 -4.9 0.1 0 0 0 
838 -4.9 -4.9 -0.1 -4.9 -4.9 -0.1 0 0 0 
839 4.9 -4.9 0.1 4.9 -4.9 0.1 0 0 0 
840 -4.9 -4.9 -0.1 -4.9 -4.9 -0.1 0 -2940 0 
841 4.9 4.9 -0.1 4.9 4.9 -0.1 0 0 0 
842 -4.9 4.9 0.1 -4.9 4.9 0.1 0 1335.77 0 
843 -3.04315 -3.38913 0.1 -3.04315 -3.38913 0.1 -358.9 -268.356 0 
844 4.9 -4.9 0.1 4.9 -4.9 0.1 0 0 0 
845 4.9 -4.9 0.1 4.9 -4.9 0.1 2940 -2940 0 
846 4.9 4.9 0.1 4.9 4.9 0.1 0 0 0 
847 -4.9 -4.9 0.1 -4.9 -4.9 0.1 -2940 0 0 
848 -4.9 -4.9 0.1 -4.9 -4.9 0.1 0 0 0 
849 4.9 4.9 0.1 4.9 4.9 0.1 0 0 0 
850 0.198069 -0.0775587 -0.1 0.198069 -0.0775587 -0.1 96.3614 -44.6695 0 
851 -4.9 -4.9 0.1 -4.9 -4.9 0.1 0 0 0 
852 4.9 -4.9 0.1 4.9 -4.9 0.1 0 0 0 
853 4.09004 -4.9 -0.1 4.09004 -4.9 -0.1 484.404 -331.813 0 
854 4.9 4.9 0.1 4.9 4.9 0.1 0 0 0 
855 4.9 -4.9 0.1 4.9 -4.9 0.1 2940 -2940 0 
856 4.9 4.66294 0.1 4.9 4.66294 0.1 0 560.47 0 
857 4.9 -4.9 0.1 4.9 -4.9 0.1 0 0 0 
858 4.9 4.9 -0.1 4.9 4.9 -0.1 0 0 0 
859 -4.9 -4.9 0.1 -4.9 -4.9 0.1 -2940 0 0 
860 0.314211 4.9 -0.1 0.314211 4.9 -0.1 -61.4142 154.948 0 
861 4.9 -4.9 0.1 4.9 -4.9 0.1 2940 -2940 0 
862 -4.9 4.9 0.1 -4.9 4.9 0.1 0 0 0 
863 -4.9 -4.9 -0.1 -4.9 -4.9 -0.1 0 -2940 0 
864 4.9 -4.9 -0.1 4.9 -4.9 -0.1 0 0 0 
865 4.9 4.74024 -0.1 4.9 4.74024 -0.1 293.297 557.129 0 
866 -4.9 4.9 -0.1 -4.9 4.9 -0.1 0 0 0 
867 -4.9 4.89989 0.1 -4.9 4.89989 0.1 0 -0.0326667 0 
868 0.453924 -2.45451 -0.1 0.453924 -2.45451 -0.1 -8.88247 -279.036 0 
869 -4.9 -4.9 0.1 -4.9 -4.9 0.1 0 0 0 
870 3.98272 4.89989 -0.1 3.98272 4.89989 -0.1 377.752 -0.0326667 0 
871 -4.9 4.9 0.1 -4.9 4.9 0.1 0 2940 60 
872 3.06339 4.9 -0.1 3.06339 4.9 -0.1 390.573 0 0 
873 4.25285 4.9 -0.1 4.25285 4.9 -0.1 345.152 0 0 
874 -4.9 4.9 -0.1 -4.9 4.9 -0.1 0 0 0 
875 -2.04131 4.89989 0.1 -2.04131 4.89989 0.1 -86.4295 -0.0326667 0 
876 -1.11271 4.9 0.1 -1.11271 4.9 0.1 -76.4106 248.167 0 
877 -4.9 -4.9 -0.1 -4.9 -4.9 -0.1 0 0 0 
878 4.9 -4.9 -0.1 4.9 -4.9 -0.1 0 0 0 
879 4.9 -4.9 -0.1 4.9 -4.9 -0.1 0 0 0 
880 4.9 -3.53279 -0.1 4.9 -3.53279 -0.1 434.766 -397.001 0 
881 2.75092 -4.9 -0.1 2.75092 -4.9 -0.1 -644.725 0 0 
882 -4.9 -4.9 0.1 -4.9 -4.9 0.1 0 0 0 
883 -4.9 4.9 0.1 -4.9 4.9 0.1 0 0 0 
884 -4.9 4.9 0.1 -4.9 4.9 0.1 0 0 0 
885 -4.19876 -3.0586 -0.1 -4.19876 -3.0586 -0.1 -487.333 -218.448 0 
886 -4.9 -4.9 0.1 -4.9 -4.9 0.1 0 0 0 
887 4.9 4.9 -0.1 4.9 4.9 -0.1 0 0 0 
888 4.9 -4.9 -0.1 4.9 -4.9 -0.1 174.954 0 0 
889 -4.9 3.61502 0.1 -4.9 3.61502 0.1 0 195.675 0 
890 4.9 1.41508 -0.1 4.9 1.41508 -0.1 429.833 153.795 0 
891 4.9 4.9 -0.1 4.9 4.9 -0.1 0 0 0 
892 -4.9 -4.9 -0.1 -4.9 -4.9 -0.1 0 0 0 
893 -1.42725 -4.9 0.1 -1.42725 -4.9 0.1 -626.593 -205.337 0 
894 4.9 -4.9 0.1 4.9 -4.9 0.1 0 0 0 
895 -4.9 -4.9 0.1 -4.9 -4.9 0.1 -194.088 0 0 
896 0.431179 -4.03152 0.1 0.431179 -4.03152 0.1 356.894 -376.776 0 
897 -4.9 -4.9 -0.1 -4.9 -4.9 -0.1 0 -2940 0 
898 -4.9 4.9 0.1 -4.9 4.9 0.1 0 0 0 
899 -4.9 4.9 -0.1 -4.9 4.9 -0.1 0 253.989 0 
900 0.143536 2.19709 0.1 0.143536 2.19709 0.1 -14.7543 308.242 0 
901 4.9 -4.9 0.1 4.9 -4.9 0.1 0 -2606.39 0 
902 -3.50145 1.90289 0.1 -3.50145 1.90289 0.1 -290.492 212.319 0 
903 4.9 -4.9 0.1 4.9 -4.9 0.1 2940 -2940 0 
904 4.9 4.9 -0.1 4.9 4.9 -0.1 0 0 0 
905 4.9 -4.9 -0.1 4.9 -4.9 -0.1 0 0 0 
906 -0.719216 -0.338095 0.1 -0.719216 -0.338095 0.1 -19.9283 58.7277 0 
907 -4.9 4.9 -0.1 -4.9 4.9 -0.1 0 218.085 0 
908 -1.73104 4.6506 -0.1 -1.73104 4.6506 -0.1 -185.879 365.038 0 
909 4.9 -0.0257846 -0.1 4.9 -0.0257846 -0.1 0 -58.5836 0 
910 4.9 -4.9 -0.1 4.9 -4.9 -0.1 2940 -2940 0 
911 4.9 -4.9 0.1 4.9 -4.9 0.1 0 0 0 
912 0.657891 -0.922514 -0.1 0.657891 -0.922514 -0.1 -16.1124 -24.583 0 
913 4.22878 1.85008 -0.1 4.22878 1.85008 -0.1 439.549 104.552 0 
914 -4.9 4.9 0.1 -4.9 4.9 0.1 -226.311 0 0 
915 4.9 -4.9 -0.1 4.9 -4.9 -0.1 0 0 0 
916 4.9 -4.63312 -0.1 4.9 -4.63312 -0.1 0 -418.944 0 
917 4.9 4.9 0.1 4.9 4.9 0.1 388.055 0 0 
918 4.9 3.22775 0.1 4.9 3.22775 0.1 368.192 372.665 0 
919 -4.9 1.78713 -0.1 -4.9 1.78713 -0.1 0 165.374 0 
920 4.9 4.89989 0.1 4.9 4.89989 0.1 0 -0.0326667 0 
921 4.35464 4.39132 0.1 4.35464 4.39132 0.1 358.626 487.312 0 
922 4.9 4.9 0.1 4.9 4.9 0.1 0 0 0 
923 -1.59135 4.9 0.1 -1.59135 4.9 0.1 -971.76 0 0 
924 4.9 -4.9 0.1 4.9 -4.9 0.1 0 -2940 0 
925 4.9 4.9 0.1 4.9 4.9 0.1 0 0 0 
926 2.26656 -0.973778 -0.1 2.26656 -0.973778 -0.1 211.732 -167.921 0 
927 4.9 4.9 0.1 4.9 4.9 0.1 0 81.3552 0 
928 4.9 -4.9 0.1 4.9 -4.9 0.1 2940 -2940 0 
929 4.9 -4.9 -0.1 4.9 -4.9 -0.1 0 0 0 
930 -4.9 -4.9 0.1 -4.9 -4.9 0.1 0 0 0 
931 4.9 4.9 0.1 4.9 4.9 0.1 0 0 0 
932 4.9 -4.9 0.1 4.9 -4.9 0.1 0 0 0 
933 4.9 4.9 0.1 4.9 4.9 0.1 0 0 0 
934 4.9 4.9 -0.1 4.9 4.9 -0.1 0 0 0 
935 2.88592 4.9 0.1 2.88592 4.9 0.1 361.442 371.65 0 
936 -4.9 4.9 -0.1 -4.9 4.9 -0.1 0 0 0 
937 -4.9 -2.0719 0.1 -4.9 -2.0719 0.1 0 -1401.95 0 
938 4.9 -4.9 -0.1 4.9 -4.9 -0.1 0 0 0 
939 -4.9 -4.9 0.1 -4.9 -4.9 0.1 -1151.12 0 0 
940 -4.9 4.9 0.1 -4.9 4.9 0.1 0 2940 0 
941 -4.9 4.9 0.1 -4.9 4.9 0.1 -408.18 0 0 
942 1.89273 0.567136 0.1 1.89273 0.567136 0.1 259.424 124.819 0 
943 -2.90509 -4.9 -0.1 -2.90509 -4.9 -0.1 -211.497 0 0 
944 4.9 -4.9 0.1 4.9 -4.9 0.1 0 0 0 
945 2.0222 -4.9 -0.1 2.0222 -4.9 -0.1 272.438 0 0 
946 -3.93671 -4.9 -0.1 -3.93671 -4.9 -0.1 -400.952 0 0 
947 -4.9 -4.9 0.1 -4.9 -4.9 0.1 0 0 0 
948 -3.75645 -4.9 -0.1 -3.75645 -4.9 -0.1 -279.746 0 0 
949 1.37155 3.53065 0.1 1.37155 3.53065 0.1 170.967 318.632 0 
950 -4.9 4.9 -0.1 -4.9 4.9 -0.1 -444.773 1895.57 0 
951 -1.13999 2.56372 -0.1 -1.13999 2.56372 -0.1 -98.877 220.684 0 
952 -4.9 4.9 -0.1 -4.9 4.9 -0.1 0 2940 0 
953 -4.9 4.9 0.1 -4.9 4.9 0.1 0 2940 60 
954 -4.9 -4.9 0.1 -4.9 -4.9 0.1 0 0 0 
955 4.9 -4.9 -0.1 4.9 -4.9 -0.1 0 0 0 
956 4.70308 -4.9 -0.1 4.70308 -4.9 -0.1 405.411 -93.5601 0 
957 4.9 -4.9 -0.1 4.9 -4.9 -0.1 0 0 0 
958 -0.357501 4.9 0.1 -0.357501 4.9 0.1 -97.9578 1.39904 0 
959 -4.9 2.39924 0.1 -4.9 2.39924 0.1 0 299.113 0 
960 4.9 -4.9 0.1 4.9 -4.9 0.1 0 0 0 
961 4.9 4.9 0.1 4.9 4.9 0.1 0 0 0 
962 4.9 2.26271 0.1 4.9 2.26271 0.1 0 7.25643 0 
963 4.9 4.9 -0.1 4.9 4.9 -0.1 354.23 0 0 
964 4.9 4.9 -0.1 4.9 4.9 -0.1 514.988 0 0 
965 4.9 0.908662 -0.1 4.9 0.908662 -0.1 0 447.633 0 
966 -4.9 4.9 0.1 -4.9 4.9 0.1 0 0 0 
967 -4.9 -4.9 -0.1 -4.9 -4.9 -0.1 -2838.61 0 0 
968 4.9 -4.9 0.1 4.9 -4.9 0.1 0 -429.728 0 
969 4.9 -1.64257 -0.1 4.9 -1.64257 -0.1 0 -199.412 0 
970 -1.80876 0.826995 -0.1 -1.80876 0.826995 -0.1 -208.263 159.015 0 
971 4.9 -4.9 -0.1 4.9 -4.9 -0.1 0 0 0 
972 4.9 -4.9 0.1 4.9 -4.9 0.1 0 0 0 
973 4.9 -4.9 0.1 4.9 -4.9 0.1 0 -1837.85 0 
974 -2.88021 -2.1463 -0.1 -2.88021 -2.1463 -0.1 -204.313 -203.052 0 
975 4.9 -4.9 -0.1 4.9 -4.9 -0.1 0 -2940 0 
976 4.9 -3.72839 0.1 4.9 -3.72839 0.1 0 -430.012 0 
977 4.9 4.9 0.1 4.9 4.9 0.1 0 0 0 
978 -4.50361 -4.9 0.1 -4.50361 -4.9 0.1 -515.285 0 0 
979 -4.9 2.7469 -0.1 -4.9 2.7469 -0.1 0 204.042 0 
980 -1.09218 -1.38712 -0.1 -1.09218 -1.38712 -0.1 -69.5001 -73.1671 0 
981 4.9 4.9 0.1 4.9 4.9 0.1 0 0 0 
982 4.9 4.9 0.1 4.9 4.9 0.1 0 0 0 
983 -4.50121 -4.9 -0.1 -4.50121 -4.9 -0.1 -534.495 -27.8542 0 
984 -4.9 -4.9 -0.1 -4.9 -4.9 -0.1 -91.3194 -2495.76 0 
985 -4.9 4.9 0.1 -4.9 4.9 0.1 0 0 0 
986 4.9 1.65457 -0.1 4.9 1.65457 -0.1 0 -973.629 0 
987 4.9 -4.9 -0.1 4.9 -4.9 -0.1 141.907 0 0 
988 -4.9 4.9 0.1 -4.9 4.9 0.1 0 0 0 
989 -4.9 3.39754 -0.1 -4.9 3.39754 -0.1 -88.2154 357.73 0 
990 4.9 -4.9 0.1 4.9 -4.9 0.1 0 0 0 
991 1.27192 1.39243 -0.1 1.27192 1.39243 -0.1 47.4451 44.323 0 
992 -0.861143 1.28472 0.1 -0.861143 1.28472 0.1 -72.1632 219.735 0 
993 4.9 -4.9 0.1 4.9 -4.9 0.1 0 -2940 0 
994 4.9 -4.9 -0.1 4.9 -4.9 -0.1 0 0 0 
995 -4.9 1.6356 -0.1 -4.9 1.6356 -0.1 0 200.733 0 
996 4.9 -4.9 -0.1 4.9 -4.9 -0.1 0 0 0 
997 4.9 1.65457 -0.1 4.9 1.65457 -0.1 0 -973.629 0 
998 0.855035 0.533388 0.0300228 0.855035 0.533388 0.0300228 0 -0.098 0 
999 -1.04413 4.89989 -0.1 -1.04413 4.89989 -0.1 -101.63 -0.0326667 0 
