1000
-5 -5 -0.2 5 5 0.2 
0 2.09352 -1.35538 -0.1 2.09352 -1.35538 -0.1 179.711 -83.323 0 
1 -4.9 -4.9 0.1 -4.9 -4.9 0.1 -2940 -2940 0 
2 1.30581 -4.9 0.1 1.30581 -4.9 0.1 105.047 0 0 
3 4.9 -4.9 0.1 4.9 -4.9 0.1 0 -2940 0 
4 -4.9 -4.9 0.1 -4.9 -4.9 0.1 0 0 0 
5 4.9 -4.9 -0.1 4.9 -4.9 -0.1 0 -2940 0 
6 4.9 4.9 -0.1 4.9 4.9 -0.1 2940 0 0 
7 4.9 -4.9 -0.1 4.9 -4.9 -0.1 0 -2940 0 
8 -3.99983 4.9 0.1 -3.99983 4.9 0.1 -235.157 0 0 
9 4.9 -1.22922 -0.1 4.9 -1.22922 -0.1 159.226 -150.314 0 
10 4.9 -4.9 0.1 4.9 -4.9 0.1 0 0 0 
11 4.9 -4.9 0.1 4.9 -4.9 0.1 0 0 0 
12 -4.9 -4.9 -0.1 -4.9 -4.9 -0.1 -714.734 -2939.97 0 
13 -1.89371 4.40109 0.1 -1.89371 4.40109 0.1 -131.229 270.361 0 
14 -4.9 -4.9 -0.1 -4.9 -4.9 -0.1 0 0 0 
15 -4.9 4.9 -0.1 -4.9 4.9 -0.1 -1884.94 249.01 0 
16 -4.9 -4.9 -0.1 -4.9 -4.9 -0.1 0 0 0 
17 4.9 -4.9 -0.1 4.9 -4.9 -0.1 0 0 0 
18 4.9 4.9 -0.1 4.9 4.9 -0.1 0 1690.29 0 
19 0.50007 4.89989 -0.1 0.50007 4.89989 -0.1 810.01 -0.0326667 0 
20 4.9 -4.9 0.1 4.9 -4.9 0.1 0 0 0 
21 4.9 4.9 0.1 4.9 4.9 0.1 0 1602.3 0 
22 -4.9 -4.9 -0.1 -4.9 -4.9 -0.1 0 0 0 
23 -4.9 -4.9 -0.1 -4.9 -4.9 -0.1 0 0 0 
24 -0.0980164 4.9 0.1 -0.0980164 4.9 0.1 91.2389 81.4955 0 
25 4.9 -4.9 -0.1 4.9 -4.9 -0.1 0 0 0 
26 4.9 -4.9 -0.1 4.9 -4.9 -0.1 0 0 0 
27 4.9 -4.9 -0.1 4.9 -4.9 -0.1 0 0 0 
28 4.9 -4.9 -0.1 4.9 -4.9 -0.1 0 0 0 
29 -4.9 -4.9 -0.1 -4.9 -4.9 -0.1 0 -82.0714 0 
30 4.9 4.9 -0.1 4.9 4.9 -0.1 2940 0 0 
31 -0.636877 1.75 -0.1 -0.636877 1.75 -0.1 -112.393 201.274 0 
32 -4.9 -4.9 0.1 -4.9 -4.9 0.1 0 -2940 0 
33 -4.9 -4.9 -0.1 -4.9 -4.9 -0.1 0 -2940 0 
34 -4.9 -4.9 -0.1 -4.9 -4.9 -0.1 0 0 0 
35 1.03161 0.62218 -0.1 1.03161 0.62218 -0.1 61.9496 70.0371 0 
36 -4.9 -3.33054 -0.1 -4.9 -3.33054 -0.1 0 -810.62 0 
37 -4.9 -1.46105 0.1 -4.9 -1.46105 0.1 0 -85.2047 0 
38 3.56413 1.49725 -0.1 3.56413 1.49725 -0.1 315.583 88.6512 0 
39 -4.9 -4.9 -0.1 -4.9 -4.9 -0.1 -2940 0 0 
40 4.9 -4.9 0.1 4.9 -4.9 0.1 0 -2940 0 
41 -1.35119 -3.06036 -0.1 -1.35119 -3.06036 -0.1 -117.458 -244.631 0 
42 4.9 -4.9 -0.1 4.9 -4.9 -0.1 0 0 0 
43 4.9 -4.9 -0.1 4.9 -4.9 -0.1 0 0 0 
44 0.427436 -4.9 -0.1 0.427436 -4.9 -0.1 -1341.77 0 0 
45 -4.9 -4.9 0.1 -4.9 -4.9 0.1 0 -2940 0 
46 4.9 -4.9 0.1 4.9 -4.9 0.1 0 0 0 
47 4.9 -4.9 0.1 4.9 -4.9 0.1 0 0 0 
48 4.9 0.165548 -0.1 4.9 0.165548 -0.1 68.0938 -9.47959 0 
49 4.9 -4.9 -0.1 4.9 -4.9 -0.1 0 0 0 
50 4.9 -4.9 -0.1 4.9 -4.9 -0.1 0 -2610.35 0 
51 4.9 -4.9 0.1 4.9 -4.9 0.1 0 0 0 
52 -4.9 -4.9 -0.1 -4.9 -4.9 -0.1 0 0 0 
53 4.49102 4.9 0.1 4.49102 4.9 0.1 768.755 542.981 0 
54 -4.9 -4.9 -0.1 -4.9 -4.9 -0.1 0 0 0 
55 4.9 -4.9 -0.1 4.9 -4.9 -0.1 0 -2940 0 
56 -4.9 -4.9 0.1 -4.9 -4.9 0.1 0 0 0 
57 -4.9 4.9 0.1 -4.9 4.9 0.1 0 0 0 
58 4.9 -4.9 0.1 4.9 -4.9 0.1 133.283 0 0 
59 4.9 4.9 -0.1 4.9 4.9 -0.1 0 0 0 
60 -4.9 -4.9 -0.1 -4.9 -4.9 -0.1 0 0 0 
61 -4.9 -4.9 0.1 -4.9 -4.9 0.1 0 0 0 
62 -4.9 -4.9 -0.1 -4.9 -4.9 -0.1 0 -221.553 0 
63 -4.9 -4.9 -0.1 -4.9 -4.9 -0.1 -2940 0 0 
64 -4.9 -4.9 -0.1 -4.9 -4.9 -0.1 0 0 0 
65 -1.31422 -3.69509 -0.1 -1.31422 -3.69509 -0.1 -129.388 -302.453 0 
66 -3.18289 4.39438 0.1 -3.18289 4.39438 0.1 -217.057 270.326 0 
67 1.19924 3.74719 -0.1 1.19924 3.74719 -0.1 57.761 307.828 0 
68 -4.9 -4.9 -0.1 -4.9 -4.9 -0.1 0 0 0 
69 4.9 4.9 0.1 4.9 4.9 0.1 0 0 0 
70 4.9 -4.9 0.1 4.9 -4.9 0.1 0 0 0 
71 -4.1158 3.54738 0.1 -4.1158 3.54738 0.1 -342.028 298.535 0 
72 -4.9 -4.9 0.1 -4.9 -4.9 0.1 0 0 0 
73 4.49704 4.88685 0.1 4.49704 4.88685 0.1 1573.61 -3.91092 0 
74 -4.9 -4.9 -0.1 -4.9 -4.9 -0.1 -387.69 -573.813 0 
75 4.4187 -4.9 0.1 4.4187 -4.9 0.1 341.92 0 0 
76 -4.9 -4.9 0.1 -4.9 -4.9 0.1 0 0 0 
77 -4.9 -4.9 -0.1 -4.9 -4.9 -0.1 0 0 0 
78 3.67714 -4.9 0.1 3.67714 -4.9 0.1 -183.429 0 0 
79 4.9 -4.9 0.1 4.9 -4.9 0.1 0 0 0 
80 -4.9 -4.9 0.1 -4.9 -4.9 0.1 0 0 0 
81 4.9 -4.9 0.1 4.9 -4.9 0.1 0 -2940 0 
82 -4.9 -4.9 0.1 -4.9 -4.9 0.1 0 0 0 
83 -4.9 -4.21128 -0.1 -4.9 -4.21128 -0.1 0 -374.14 0 
84 4.9 -1.59097 -0.1 4.9 -1.59097 -0.1 0 -973.662 0 
85 4.9 2.86182 0.1 4.9 2.86182 0.1 0 277.234 0 
86 1.03345 -1.75945 0.1 1.03345 -1.75945 0.1 119.164 -95.6972 0 
87 2.91356 -2.83901 -0.1 2.91356 -2.83901 -0.1 249 -285.071 0 
88 4.71943 -4.9 -0.1 4.71943 -4.9 -0.1 377.328 0 0 
89 4.9 4.9 -0.1 4.9 4.9 -0.1 2940 0 0 
90 4.9 -4.9 0.1 4.9 -4.9 0.1 0 0 0 
91 -4.9 -4.9 0.1 -4.9 -4.9 0.1 0 -2940 0 
92 4.9 -4.9 -0.1 4.9 -4.9 -0.1 0 -2155.53 0 
93 -4.9 -2.71794 0.1 -4.9 -2.71794 0.1 0 -185.015 0 
94 4.9 -3.03287 0.1 4.9 -3.03287 0.1 0 -250.75 0 
95 4.9 -4.9 -0.1 4.9 -4.9 -0.1 0 0 0 
96 4.9 -4.9 0.1 4.9 -4.9 0.1 0 0 0 
97 0.080161 -3.13746 -0.1 0.080161 -3.13746 -0.1 -29.6515 -171.563 0 
98 4.9 4.9 -0.1 4.9 4.9 -0.1 0 1723.74 0 
99 4.9 -4.9 0.1 4.9 -4.9 0.1 0 0 0 
100 3.14561 1.78307 -0.1 3.14561 1.78307 -0.1 187.441 75.0744 0 
101 4.9 -4.9 0.1 4.9 -4.9 0.1 0 0 0 
102 4.9 -4.9 -0.1 4.9 -4.9 -0.1 0 0 0 
103 -4.9 -4.9 0.1 -4.9 -4.9 0.1 0 0 0 
104 3.05509 -1.32039 0.1 3.05509 -1.32039 0.1 154.529 -38.302 0 
105 -4.9 -4.9 -0.1 -4.9 -4.9 -0.1 0 0 0 
106 1.53178 -1.84279 -0.1 1.53178 -1.84279 -0.1 98.1146 -176.74 0 
107 4.9 -4.9 -0.1 4.9 -4.9 -0.1 0 -2940 0 
108 3.07897 1.66031 0.1 3.07897 1.66031 0.1 243.551 109.974 0 
109 -4.9 -4.9 -0.1 -4.9 -4.9 -0.1 0 -2940 0 
110 -3.17116 3.61783 -0.1 -3.17116 3.61783 -0.1 -305.659 263.095 0 
111 4.9 4.9 0.1 4.9 4.9 0.1 546.028 0 0 
112 4.64601 4.9 0.1 4.64601 4.9 0.1 336.091 74.0904 0 
113 -4.9 -4.9 0.1 -4.9 -4.9 0.1 0 -2940 0 
114 4.9 -4.9 0.1 4.9 -4.9 0.1 0 0 0 
115 4.9 -4.9 -0.1 4.9 -4.9 -0.1 0 -2940 0 
116 -4.9 -4.9 0.1 -4.9 -4.9 0.1 0 0 0 
117 4.9 -4.9 0.1 4.9 -4.9 0.1 0 0 0 
118 4.9 -4.9 0.1 4.9 -4.9 0.1 0 0 0 
119 4.9 4.9 -0.1 4.9 4.9 -0.1 0 0 0 
120 -4.9 -4.9 0.1 -4.9 -4.9 0.1 0 -2940 0 
121 4.9 -4.9 0.1 4.9 -4.9 0.1 0 0 0 
122 -4.9 4.9 -0.1 -4.9 4.9 -0.1 -844.005 0 0 
123 4.9 -4.9 -0.1 4.9 -4.9 -0.1 0 0 0 
124 4.9 4.9 -0.1 4.9 4.9 -0.1 0 2789.43 0 
125 4.9 -4.9 0.1 4.9 -4.9 0.1 0 -2940 0 
126 2.88054 -3.49619 -0.1 2.88054 -3.49619 -0.1 250.767 -205.117 0 
127 -4.9 4.9 -0.1 -4.9 4.9 -0.1 -415.564 697.482 0 
128 -4.9 -4.9 0.1 -4.9 -4.9 0.1 0 0 0 
129 -4.9 4.9 0.1 -4.9 4.9 0.1 0 0 0 
130 -4.9 -4.9 -0.1 -4.9 -4.9 -0.1 -2940 0 0 
131 4.9 -4.9 -0.1 4.9 -4.9 -0.1 0 -1094.16 0 
132 4.9 -4.9 -0.1 4.9 -4.9 -0.1 0 -160.402 0 
133 -4.9 -4.9 0.1 -4.9 -4.9 0.1 0 -2940 0 
134 4.9 -4.9 -0.1 4.9 -4.9 -0.1 0 -1171.63 0 
135 -4.9 -4.9 -0.1 -4.9 -4.9 -0.1 0 -2940 0 
136 -4.9 -4.9 -0.1 -4.9 -4.9 -0.1 0 0 0 
137 -4.9 4.9 0.1 -4.9 4.9 0.1 0 0 0 
138 -4.9 -3.18057 0.1 -4.9 -3.18057 0.1 0 -292.84 0 
139 -4.9 -4.9 0.1 -4.9 -4.9 0.1 0 -2940 0 
140 -4.9 -4.9 -0.1 -4.9 -4.9 -0.1 0 -2940 0 
141 4.9 4.9 -0.1 4.9 4.9 -0.1 0 0 0 
142 -4.9 -4.9 -0.1 -4.9 -4.9 -0.1 -2940 0 0 
143 4.9 -4.9 0.1 4.9 -4.9 0.1 0 0 0 
144 -4.9 -4.9 0.1 -4.9 -4.9 0.1 0 0 0 
145 4.9 -4.9 0.1 4.9 -4.9 0.1 0 -1278.14 0 
146 -4.9 -4.9 0.1 -4.9 -4.9 0.1 0 0 0 
147 4.9 -4.9 0.1 4.9 -4.9 0.1 0 0 0 
148 4.9 4.9 -0.1 4.9 4.9 -0.1 0 0 0 
149 -4.9 -4.9 0.1 -4.9 -4.9 0.1 0 -2940 0 
150 -4.9 -4.9 0.1 -4.9 -4.9 0.1 0 0 0 
151 -0.71793 4.89967 -0.1 -0.71793 4.89967 -0.1 -68.8007 -0.0653333 0 
152 -1.01481 -4.9 0.1 -1.01481 -4.9 0.1 -23.3073 0 0 
153 4.9 -4.9 -0.1 4.9 -4.9 -0.1 0 0 0 
154 -4.9 -4.9 -0.1 -4.9 -4.9 -0.1 0 -2865.73 0 
155 -4.9 -4.9 0.1 -4.9 -4.9 0.1 0 -2940 0 
156 -4.9 -4.9 0.1 -4.9 -4.9 0.1 0 0 0 
157 4.9 -4.9 -0.1 4.9 -4.9 -0.1 0 -877.24 0 
158 4.9 4.9 -0.1 4.9 4.9 -0.1 0 0 0 
159 -4.9 4.9 -0.1 -4.9 4.9 -0.1 0 0 0 
160 -4.9 -4.9 -0.1 -4.9 -4.9 -0.1 0 0 0 
161 -4.9 -4.9 -0.1 -4.9 -4.9 -0.1 0 -2940 0 
162 -4.9 -4.9 0.1 -4.9 -4.9 0.1 0 0 0 
163 -4.9 -4.9 0.1 -4.9 -4.9 0.1 0 -2940 0 
164 4.9 -4.9 0.1 4.9 -4.9 0.1 0 0 0 
165 -4.9 -4.9 -0.1 -4.9 -4.9 -0.1 0 0 0 
166 -4.9 -4.9 0.1 -4.9 -4.9 0.1 -197.685 0 0 
167 4.9 -4.9 -0.1 4.9 -4.9 -0.1 262.804 -2940 0 
168 -4.9 -4.9 0.1 -4.9 -4.9 0.1 0 0 0 
169 -4.9 -4.9 -0.1 -4.9 -4.9 -0.1 0 0 0 
170 -4.9 -4.9 0.1 -4.9 -4.9 0.1 0 -2940 0 
171 2.77437 4.9 -0.1 2.77437 4.9 -0.1 234.675 0 0 
172 -2.14194 -1.32954 0.1 -2.14194 -1.32954 0.1 -159.651 -91.4796 0 
173 -4.9 -4.9 -0.1 -4.9 -4.9 -0.1 0 0 0 
174 -4.9 -4.9 -0.1 -4.9 -4.9 -0.1 -2940 0 0 
175 -2.36803 -4.9 -0.1 -2.36803 -4.9 -0.1 -153.909 -36.3222 0 
176 -4.9 -4.9 -0.1 -4.9 -4.9 -0.1 -2940 0 0 
177 -4.9 -4.9 -0.1 -4.9 -4.9 -0.1 -2940 0 0 
178 -4.9 -4.9 -0.1 -4.9 -4.9 -0.1 0 0 0 
179 4.9 -3.30139 0.1 4.9 -3.30139 0.1 0 -284.554 0 
180 1.10086 4.9 0.1 1.10086 4.9 0.1 28.4195 0 0 
181 4.9 -4.9 0.1 4.9 -4.9 0.1 0 0 0 
182 -4.9 -4.9 0.1 -4.9 -4.9 0.1 0 -2940 0 
183 -4.9 -4.9 0.1 -4.9 -4.9 0.1 0 0 0 
184 -4.9 -4.9 -0.1 -4.9 -4.9 -0.1 0 0 0 
185 4.9 -4.9 0.1 4.9 -4.9 0.1 0 0 0 
186 -2.1403 -4.54731 0.1 -2.1403 -4.54731 0.1 -225.441 -267.856 0 
187 2.97041 -4.9 0.1 2.97041 -4.9 0.1 -578.876 0 0 
188 4.9 -4.9 -0.1 4.9 -4.9 -0.1 0 0 0 
189 -3.78333 4.89967 0.1 -3.78333 4.89967 0.1 -275.723 -0.0653333 0 
190 4.9 1.7279 -0.1 4.9 1.7279 -0.1 0 205.933 0 
191 4.9 -4.9 -0.1 4.9 -4.9 -0.1 0 0 0 
192 -2.86623 0.362778 0.1 -2.86623 0.362778 0.1 -149.365 46.5044 0 
193 -4.9 -4.9 -0.1 -4.9 -4.9 -0.1 0 0 0 
194 -4.9 -4.9 -0.1 -4.9 -4.9 -0.1 0 0 0 
195 -4.9 -4.9 -0.1 -4.9 -4.9 -0.1 -2940 0 0 
196 -4.9 -4.9 0.1 -4.9 -4.9 0.1 0 0 0 
197 4.9 -4.9 -0.1 4.9 -4.9 -0.1 0 0 0 
198 -4.9 -4.9 -0.1 -4.9 -4.9 -0.1 0 0 0 
199 -4.9 -4.9 0.1 -4.9 -4.9 0.1 0 0 0 
200 0.427436 -4.9 -0.1 0.427436 -4.9 -0.1 -1341.77 0 0 
201 -4.9 3.95101 -0.1 -4.9 3.95101 -0.1 -101.09 400.727 0 
202 4.9 4.9 -0.1 4.9 4.9 -0.1 2021.7 103.279 0 
203 4.9 -4.9 -0.1 4.9 -4.9 -0.1 0 0 0 
204 4.9 -4.9 -0.1 4.9 -4.9 -0.1 0 -2940 0 
205 -4.9 -4.9 -0.1 -4.9 -4.9 -0.1 0 -1298.4 0 
206 -4.9 4.9 0.1 -4.9 4.9 0.1 0 0 0 
207 -4.9 -4.9 -0.1 -4.9 -4.9 -0.1 -2940 0 0 
208 -4.9 -4.9 0.1 -4.9 -4.9 0.1 0 -46.336 0 
209 4.9 -4.9 0.1 4.9 -4.9 0.1 0 0 0 
210 -2.3213 2.84607 0.1 -2.3213 2.84607 0.1 -211.387 177.409 0 
211 -4.9 -4.9 0.1 -4.9 -4.9 0.1 0 0 0 
212 4.9 -4.9 0.1 4.9 -4.9 0.1 0 0 0 
213 -4.9 -4.9 -0.1 -4.9 -4.9 -0.1 0 0 0 
214 4.9 4.9 -0.1 4.9 4.9 -0.1 2940 0 0 
215 -4.9 -4.9 0.1 -4.9 -4.9 0.1 0 0 0 
216 -4.9 -4.9 -0.1 -4.9 -4.9 -0.1 -2940 0 0 
217 -4.9 4.9 -0.1 -4.9 4.9 -0.1 0 2940 0 
218 4.9 -4.9 -0.1 4.9 -4.9 -0.1 429.386 0 0 
219 4.9 -4.9 0.1 4.9 -4.9 0.1 0 0 0 
220 0.427436 -4.9 -0.1 0.427436 -4.9 -0.1 -1341.77 0 0 
221 -1.83876 4.89989 -0.1 -1.83876 4.89989 -0.1 -1010.81 -0.0326667 0 
222 -4.9 -4.9 0.1 -4.9 -4.9 0.1 0 0 0 
223 4.9 -4.9 0.1 4.9 -4.9 0.1 0 0 0 
224 -4.9 -4.9 0.1 -4.9 -4.9 0.1 0 0 0 
225 -4.9 -1.30313 0.1 -4.9 -1.30313 0.1 0 539.514 0 
226 -4.9 -4.9 0.1 -4.9 -4.9 0.1 0 0 0 
227 4.9 -4.9 0.1 4.9 -4.9 0.1 0 0 0 
228 -4.9 -3.63764 0.1 -4.9 -3.63764 0.1 0 -220.476 0 
229 -3.56483 0.807906 -0.1 -3.56483 0.807906 -0.1 -208.547 64.9581 0 
230 -4.9 -4.9 -0.1 -4.9 -4.9 -0.1 0 0 0 
231 -4.9 4.9 -0.1 -4.9 4.9 -0.1 0 0 0 
232 -4.9 4.9 0.1 -4.9 4.9 0.1 0 0 0 
233 -4.9 -4.9 0.1 -4.9 -4.9 0.1 0 -2940 0 
234 -4.9 -4.9 -0.1 -4.9 -4.9 -0.1 0 0 0 
235 0.774225 -0.139457 0.0491102 0.774225 -0.139457 0.0491102 0 -0.130667 0 
236 4.9 4.9 0.1 4.9 4.9 0.1 0 0 0 
237 4.9 4.9 0.1 4.9 4.9 0.1 363.359 1085.92 0 
238 4.52347 1.7354 -0.1 4.52347 1.7354 -0.1 364.332 57.4015 0 
239 -4.9 4.9 0.1 -4.9 4.9 0.1 -626.152 0 0 
240 -1.07405 -3.01341 -0.1 -1.07405 -3.01341 -0.1 -21.0967 -291.38 0 
241 4.9 -4.9 0.1 4.9 -4.9 0.1 0 -2940 0 
242 -0.884261 -0.843944 -0.1 -0.884261 -0.843944 -0.1 -25.0629 -26.9041 0 
243 -4.9 -1.05089 -0.1 -4.9 -1.05089 -0.1 0 577.349 0 
244 -1.33713 -1.83472 -0.1 -1.33713 -1.83472 -0.1 -59.1103 -70.7861 0 
245 2.38891 -4.9 0.1 2.38891 -4.9 0.1 -753.326 0 0 
246 -4.9 4.9 -0.1 -4.9 4.9 -0.1 0 2887.4 0 
247 -4.9 -4.9 -0.1 -4.9 -4.9 -0.1 -2940 0 0 
248 -4.9 -4.9 0.1 -4.9 -4.9 0.1 0 0 0 
249 -4.9 -4.9 -0.1 -4.9 -4.9 -0.1 0 0 0 
250 -4.9 -4.9 0.1 -4.9 -4.9 0.1 0 -2940 0 
251 -4.9 -4.9 -0.1 -4.9 -4.9 -0.1 0 0 0 
252 4.9 4.9 -0.1 4.9 4.9 -0.1 0 0 0 
253 -4.9 -1.97509 0.1 -4.9 -1.97509 0.1 0 -146.712 0 
254 4.9 4.9 -0.1 4.9 4.9 -0.1 0 0 0 
255 -4.9 -4.9 -0.1 -4.9 -4.9 -0.1 0 0 0 
256 4.9 4.9 -0.1 4.9 4.9 -0.1 0 0 0 
257 -4.9 -4.9 0.1 -4.9 -4.9 0.1 0 -2940 0 
258 4.9 4.9 0.1 4.9 4.9 0.1 0 0 0 
259 -4.9 -4.9 0.1 -4.9 -4.9 0.1 0 -2940 0 
260 -4.9 -4.9 -0.1 -4.9 -4.9 -0.1 -2940 0 0 
261 -4.9 -4.9 0.1 -4.9 -4.9 0.1 0 0 0 
262 -4.9 0.69582 -0.1 -4.9 0.69582 -0.1 0 47.4401 0 
263 4.9 4.9 -0.1 4.9 4.9 -0.1 0 217.818 0 
264 -4.9 -4.9 -0.1 -4.9 -4.9 -0.1 0 0 0 
265 -4.9 4.9 0.1 -4.9 4.9 0.1 0 2940 0 
266 4.9 -4.9 0.1 4.9 -4.9 0.1 0 0 0 
267 4.9 4.9 0.1 4.9 4.9 0.1 0 0 0 
268 -4.9 -4.9 0.1 -4.9 -4.9 0.1 0 -2940 0 
269 -4.9 4.89989 -0.1 -4.9 4.89989 -0.1 0 -0.0326667 0 
270 4.9 4.9 -0.1 4.9 4.9 -0.1 0 0 0 
271 -4.9 4.77986 0.1 -4.9 4.77986 0.1 -1343.77 -36.0098 0 
272 4.9 4.9 -0.1 4.9 4.9 -0.1 0 0 0 
273 4.9 -4.9 -0.1 4.9 -4.9 -0.1 0 0 0 
274 4.9 4.75309 -0.1 4.9 4.75309 -0.1 2940 339.286 0 
275 4.9 -4.9 -0.1 4.9 -4.9 -0.1 0 -2940 0 
276 4.9 -4.9 0.1 4.9 -4.9 0.1 0 0 0 
277 4.9 -4.9 0.1 4.9 -4.9 0.1 0 -2940 0 
278 4.9 -4.9 0.1 4.9 -4.9 0.1 0 0 0 
279 -4.9 -4.9 -0.1 -4.9 -4.9 -0.1 0 0 0 
280 -4.9 -4.9 -0.1 -4.9 -4.9 -0.1 0 0 0 
281 -4.9 -4.9 -0.1 -4.9 -4.9 -0.1 0 0 0 
282 -4.9 -4.9 -0.1 -4.9 -4.9 -0.1 -2940 0 0 
283 4.9 4.9 0.1 4.9 4.9 0.1 0 1808.21 0 
284 4.9 -4.9 0.1 4.9 -4.9 0.1 0 0 0 
285 4.9 -4.9 -0.1 4.9 -4.9 -0.1 0 0 0 
286 -4.9 -4.9 0.1 -4.9 -4.9 0.1 0 -1555.63 0 
287 -4.9 -4.9 0.1 -4.9 -4.9 0.1 0 0 0 
288 -3.52782 3.98137 -0.1 -3.52782 3.98137 -0.1 -220.242 271.845 0 
289 4.9 -4.9 -0.1 4.9 -4.9 -0.1 0 0 0 
290 -1.50746 -4.9 0.1 -1.50746 -4.9 0.1 -64.3709 0 0 
291 -4.9 -4.9 -0.1 -4.9 -4.9 -0.1 0 0 0 
292 4.9 2.76534 -0.1 4.9 2.76534 -0.1 239.354 200.505 0 
293 4.9 -4.9 -0.1 4.9 -4.9 -0.1 0 -2940 0 
294 -4.9 4.9 -0.1 -4.9 4.9 -0.1 -795.63 0 0 
295 1.31138 4.88923 -0.1 1.31138 4.88923 -0.1 887.845 -3.1996 0 
296 4.9 4.9 -0.1 4.9 4.9 -0.1 138.635 815.459 0 
297 -4.9 4.9 0.1 -4.9 4.9 0.1 0 0 0 
298 4.9 -4.9 -0.1 4.9 -4.9 -0.1 0 -2940 0 
299 0.327894 -2.52161 -0.1 0.327894 -2.52161 -0.1 14.4493 -191.373 0 
300 -0.204468 0.36094 0.1 -0.204468 0.36094 0.1 26.9648 -5.66505 0 
301 -3.6842 -3.29376 0.1 -3.6842 -3.29376 0.1 -279.565 -286.025 0 
302 -4.9 -4.9 -0.1 -4.9 -4.9 -0.1 -2940 0 0 
303 -4.9 -4.9 0.1 -4.9 -4.9 0.1 0 0 0 
304 -4.9 -4.9 -0.1 -4.9 -4.9 -0.1 -2940 0 0 
305 4.9 -4.9 -0.1 4.9 -4.9 -0.1 0 0 0 
306 4.9 -1.6442 0.1 4.9 -1.6442 0.1 0 -392.403 0 
307 -4.9 -4.9 0.1 -4.9 -4.9 0.1 0 0 0 
308 0.198173 4.89967 0.1 0.198173 4.89967 0.1 71.1771 -0.0653333 0 
309 -4.9 -4.9 0.1 -4.9 -4.9 0.1 0 0 0 
310 -4.9 -4.9 -0.1 -4.9 -4.9 -0.1 -328.615 -2939.97 0 
311 4.9 -4.9 0.1 4.9 -4.9 0.1 0 0 0 
312 -4.9 -4.9 0.1 -4.9 -4.9 0.1 0 0 0 
313 4.9 -4.9 0.1 4.9 -4.9 0.1 0 0 0 
314 4.9 -1.59097 -0.1 4.9 -1.59097 -0.1 0 -973.662 0 
315 4.9 -4.9 0.1 4.9 -4.9 0.1 233.096 0 0 
316 -4.9 -4.9 -0.1 -4.9 -4.9 -0.1 0 0 0 
317 0.512959 0.226717 -0.0478064 0.512959 0.226717 -0.0478064 0 -0.130667 0 
318 -4.9 -4.9 0.1 -4.9 -4.9 0.1 0 0 0 
319 -4.9 1.67994 0.1 -4.9 1.67994 0.1 0 58.4937 0 
320 4.9 4.9 0.1 4.9 4.9 0.1 0 0 0 
321 4.9 -4.9 0.1 4.9 -4.9 0.1 0 0 0 
322 -4.9 -4.9 0.1 -4.9 -4.9 0.1 0 0 0 
323 -4.9 -4.9 0.1 -4.9 -4.9 0.1 0 -273.449 0 
324 -4.9 4.9 -0.1 -4.9 4.9 -0.1 0 0 0 
325 -3.1579 4.89989 0.1 -3.1579 4.89989 0.1 261.314 -0.0326667 0 
326 -1.60758 4.9 -0.1 -1.60758 4.9 -0.1 -157.301 0 0 
327 -4.55159 -4.9 0.1 -4.55159 -4.9 0.1 -746.196 -340.679 0 
328 4.9 -4.9 -0.1 4.9 -4.9 -0.1 0 0 0 
329 -4.9 -4.9 -0.1 -4.9 -4.9 -0.1 -2940 0 0 
330 -4.9 4.54624 -0.1 -4.9 4.54624 -0.1 0 -106.128 0 
331 4.9 -0.162612 0.1 4.9 -0.162612 0.1 0 -233.476 0 
332 -4.9 -4.9 0.1 -4.9 -4.9 0.1 0 0 0 
333 4.9 -4.9 0.1 4.9 -4.9 0.1 0 0 0 
334 4.9 -4.9 -0.1 4.9 -4.9 -0.1 0 0 0 
335 3.17961 0.389863 -0.1 3.17961 0.389863 -0.1 198.255 20.3858 0 
336 4.9 -4.9 -0.1 4.9 -4.9 -0.1 0 0 0 
337 2.21535 2.70319 -0.1 2.21535 2.70319 -0.1 202.796 190.679 0 
338 4.9 -4.9 -0.1 4.9 -4.9 -0.1 0 -2940 0 
339 4.9 -4.9 0.1 4.9 -4.9 0.1 0 0 0 
340 4.9 -4.9 0.1 4.9 -4.9 0.1 0 0 0 
341 1.21308 0.0256362 0.1 1.21308 0.0256362 0.1 139.262 -54.8985 0 
342 -4.9 -4.07408 0.1 -4.9 -4.07408 0.1 0 -232.398 0 
343 -4.9 -0.174135 -0.1 -4.9 -0.174135 -0.1 0 49.9737 0 
344 -4.9 -4.9 0.1 -4.9 -4.9 0.1 0 0 0 
345 4.9 -4.9 -0.1 4.9 -4.9 -0.1 0 0 0 
346 1.84268 -1.52196 0.1 1.84268 -1.52196 0.1 203.956 -131.719 0 
347 -1.35416 4.38496 0.1 -1.35416 4.38496 0.1 -40.7981 281.702 0 
348 -4.9 -4.9 -0.1 -4.9 -4.9 -0.1 0 0 0 
349 -4.9 -4.9 -0.1 -4.9 -4.9 -0.1 0 0 0 
350 -4.9 -1.70672 0.1 -4.9 -1.70672 0.1 0 -96.4842 0 
351 4.9 -4.9 -0.1 4.9 -4.9 -0.1 0 0 0 
352 -4.9 -4.9 -0.1 -4.9 -4.9 -0.1 0 0 0 
353 -1.66251 -1.59059 -0.1 -1.66251 -1.59059 -0.1 -63.9106 -98.4465 0 
354 4.9 4.9 0.1 4.9 4.9 0.1 0 0 0 
355 4.9 -4.9 0.1 4.9 -4.9 0.1 0 0 0 
356 -1.91924 -4.9 0.1 -1.91924 -4.9 0.1 -209.602 -145.697 0 
357 -4.9 -0.45411 0.1 -4.9 -0.45411 0.1 -203.177 -357.721 0 
358 4.9 -4.9 0.1 4.9 -4.9 0.1 0 0 0 
359 -4.9 -4.9 0.1 -4.9 -4.9 0.1 0 0 0 
360 -4.9 -4.9 -0.1 -4.9 -4.9 -0.1 0 0 0 
361 -4.9 -4.9 0.1 -4.9 -4.9 0.1 0 0 0 
362 -4.9 -4.9 -0.1 -4.9 -4.9 -0.1 0 0 0 
363 4.70433 -0.219535 0.1 4.70433 -0.219535 0.1 375.209 -2.97755 0 
364 4.9 4.9 -0.1 4.9 4.9 -0.1 2940 0 0 
365 4.9 -4.9 0.1 4.9 -4.9 0.1 0 0 0 
366 0.616103 -4.9 0.1 0.616103 -4.9 0.1 1376.85 -253.059 0 
367 -4.9 -4.9 0.1 -4.9 -4.9 0.1 -2940 -2940 0 
368 -4.9 -4.9 -0.1 -4.9 -4.9 -0.1 0 -2940 0 
369 -4.9 4.9 0.1 -4.9 4.9 0.1 0 0 0 
370 -4.9 -4.9 -0.1 -4.9 -4.9 -0.1 -1676.87 -287.941 0 
371 -4.9 -4.9 -0.1 -4.9 -4.9 -0.1 0 0 0 
372 -4.9 -4.9 0.1 -4.9 -4.9 0.1 0 0 0 
373 4.9 -4.9 0.1 4.9 -4.9 0.1 0 -2940 0 
374 3.15431 2.63202 0.1 3.15431 2.63202 0.1 244.149 144.247 0 
375 -4.9 -4.9 -0.1 -4.9 -4.9 -0.1 0 -2940 0 
376 4.9 -4.9 -0.1 4.9 -4.9 -0.1 0 0 0 
377 -0.631101 -0.291026 -0.1 -0.631101 -0.291026 -0.1 -75.9129 -95.3984 0 
378 4.9 -4.9 -0.1 4.9 -4.9 -0.1 0 0 0 
379 4.9 -4.9 0.1 4.9 -4.9 0.1 0 -2940 0 
380 -4.9 -4.9 0.1 -4.9 -4.9 0.1 0 -2940 0 
381 -4.9 -4.9 0.1 -4.9 -4.9 0.1 0 0 0 
382 4.9 -4.9 0.1 4.9 -4.9 0.1 0 -572.561 0 
383 4.9 -4.9 -0.1 4.9 -4.9 -0.1 0 0 0 
384 0.657808 4.89967 0.1 0.657808 4.89967 0.1 643.381 -0.0653333 0 
385 -4.9 -4.9 0.1 -4.9 -4.9 0.1 0 0 0 
386 4.9 -4.9 0.1 4.9 -4.9 0.1 0 0 0 
387 4.9 -4.9 0.1 4.9 -4.9 0.1 0 -2940 0 
388 4.9 -3.72897 -0.1 4.9 -3.72897 -0.1 0 -206.702 0 
389 0.0460246 -0.10681 -0.1 0.0460246 -0.10681 -0.1 42.6682 -70.4231 0 
390 0.936737 -0.467776 -0.0549186 0.936737 -0.467776 -0.0549186 5.64575 0.387227 -1.59299 
391 4.9 -4.9 0.1 4.9 -4.9 0.1 0 -2940 0 
392 -4.9 -4.9 0.1 -4.9 -4.9 0.1 0 0 0 
393 -4.9 -4.9 -0.1 -4.9 -4.9 -0.1 0 0 0 
394 -4.9 -4.9 -0.1 -4.9 -4.9 -0.1 -2940 0 0 
395 -4.9 4.9 0.1 -4.9 4.9 0.1 -224.819 0 0 
396 4.9 4.9 -0.1 4.9 4.9 -0.1 0 0 0 
397 1.52171 -1.69337 -0.1 1.52171 -1.69337 -0.1 104.755 -65.8908 0 
398 -1.84653 0.747133 -0.1 -1.84653 0.747133 -0.1 -132.265 41.5673 0 
399 -4.9 -4.9 0.1 -4.9 -4.9 0.1 0 0 0 
400 -4.9 -4.9 0.1 -4.9 -4.9 0.1 0 0 0 
401 4.9 -4.9 0.1 4.9 -4.9 0.1 0 0 0 
402 -4.9 -4.9 -0.1 -4.9 -4.9 -0.1 -1944.34 0 0 
403 4.9 4.9 -0.1 4.9 4.9 -0.1 2940 0 0 
404 4.9 -4.9 -0.1 4.9 -4.9 -0.1 0 0 0 
405 -4.9 -4.9 0.1 -4.9 -4.9 0.1 -2586.58 0 0 
406 2.97041 -4.9 0.1 2.97041 -4.9 0.1 -578.876 0 0 
407 -4.9 -4.9 -0.1 -4.9 -4.9 -0.1 0 0 0 
408 -4.9 4.9 0.1 -4.9 4.9 0.1 0 0 0 
409 4.9 -4.9 -0.1 4.9 -4.9 -0.1 0 -894.003 0 
410 4.9 -4.9 0.1 4.9 -4.9 0.1 0 -2940 0 
411 4.9 -4.9 0.1 4.9 -4.9 0.1 0 -2940 0 
412 4.9 4.9 -0.1 4.9 4.9 -0.1 2940 0 0 
413 -4.9 -4.9 0.1 -4.9 -4.9 0.1 0 0 0 
414 -4.67981 4.89989 -0.1 -4.67981 4.89989 -0.1 33.0285 -0.0326667 0 
415 -4.9 -4.9 -0.1 -4.9 -4.9 -0.1 0 0 0 
416 4.9 -4.9 0.1 4.9 -4.9 0.1 0 0 0 
417 -4.9 -4.9 0.1 -4.9 -4.9 0.1 0 0 0 
418 4.9 -4.9 -0.1 4.9 -4.9 -0.1 0 0 0 
419 -4.9 -4.9 0.1 -4.9 -4.9 0.1 0 -1705.61 0 
420 -4.9 -4.9 0.1 -4.9 -4.9 0.1 0 -2940 0 
421 -4.9 -4.9 -0.1 -4.9 -4.9 -0.1 0 0 0 
422 4.9 -4.9 -0.1 4.9 -4.9 -0.1 0 0 0 
423 -4.9 -4.9 0.1 -4.9 -4.9 0.1 0 0 0 
424 4.9 4.9 -0.1 4.9 4.9 -0.1 1068.2 13.0231 0 
425 4.9 -4.9 0.1 4.9 -4.9 0.1 0 0 0 
426 4.9 4.9 -0.1 4.9 4.9 -0.1 0 0 0 
427 -4.9 -4.9 0.1 -4.9 -4.9 0.1 0 -2940 0 
428 4.9 -4.9 0.1 4.9 -4.9 0.1 0 0 0 
429 -4.9 4.9 -0.1 -4.9 4.9 -0.1 0 2438.5 0 
430 4.9 -4.9 0.1 4.9 -4.9 0.1 0 0 0 
431 4.9 -4.9 0.1 4.9 -4.9 0.1 0 0 0 
432 4.9 -4.9 -0.1 4.9 -4.9 -0.1 573.443 0 0 
433 -4.9 -4.9 0.1 -4.9 -4.9 0.1 0 0 0 
434 4.9 -4.9 -0.1 4.9 -4.9 -0.1 2094.03 0 0 
435 4.9 -1.59097 -0.1 4.9 -1.59097 -0.1 0 -973.662 0 
436 4.9 -4.9 0.1 4.9 -4.9 0.1 0 0 0 
437 4.9 -4.9 -0.1 4.9 -4.9 -0.1 0 0 0 
438 -4.9 4.9 0.1 -4.9 4.9 0.1 0 0 0 
439 -4.9 -4.9 0.1 -4.9 -4.9 0.1 0 0 0 
440 -4.9 -2.74007 -0.1 -4.9 -2.74007 -0.1 0 -266.563 0 
441 4.9 -4.9 0.1 4.9 -4.9 0.1 0 0 0 
442 4.9 -4.9 0.1 4.9 -4.9 0.1 0 0 0 
443 4.9 -4.9 -0.1 4.9 -4.9 -0.1 0 0 0 
444 -4.9 -4.9 0.1 -4.9 -4.9 0.1 0 0 0 
445 4.9 -4.9 0.1 4.9 -4.9 0.1 0 -2940 0 
446 -4.9 -4.9 -0.1 -4.9 -4.9 -0.1 0 0 0 
447 -4.9 -4.9 -0.1 -4.9 -4.9 -0.1 0 0 0 
448 1.75071 -4.9 -0.1 1.75071 -4.9 -0.1 -944.787 0 0 
449 4.9 4.9 -0.1 4.9 4.9 -0.1 0 0 0 
450 -4.9 -4.9 -0.1 -4.9 -4.9 -0.1 0 0 0 
451 -4.9 -4.9 0.1 -4.9 -4.9 0.1 0 -2940 0 
452 -4.9 4.9 -0.1 -4.9 4.9 -0.1 0 0 0 
453 4.9 -4.9 0.1 4.9 -4.9 0.1 0 0 0 
454 -4.9 4.9 -0.1 -4.9 4.9 -0.1 0 191.105 0 
455 4.9 -4.9 -0.1 4.9 -4.9 -0.1 0 0 0 
456 4.9 -4.9 -0.1 4.9 -4.9 -0.1 0 0 0 
457 -4.9 -2.60883 -0.1 -4.9 -2.60883 -0.1 0 -186.321 0 
458 4.9 4.9 -0.1 4.9 4.9 -0.1 170.747 329.837 0 
459 -4.9 4.9 0.1 -4.9 4.9 0.1 0 0 0 
460 3.55506 4.9 -0.1 3.55506 4.9 -0.1 264.934 0 0 
461 -4.9 -4.9 0.1 -4.9 -4.9 0.1 -2940 -2940 0 
462 -2.64998 4.89989 -0.1 -2.64998 4.89989 -0.1 -210.979 -0.0326667 0 
463 4.9 -4.9 0.1 4.9 -4.9 0.1 0 0 0 
464 4.06674 -1.25081 -0.1 4.06674 -1.25081 -0.1 340.877 -61.5028 0 
465 -4.9 4.9 0.1 -4.9 4.9 0.1 0 0 0 
466 4.9 -4.9 0.1 4.9 -4.9 0.1 0 0 0 
467 0.97796 0.462165 0.0499901 0.97796 0.462165 0.0499901 0 -0.130667 0 
468 -4.45052 3.23181 -0.1 -4.45052 3.23181 -0.1 -320.212 168.231 0 
469 -4.9 -4.9 -0.1 -4.9 -4.9 -0.1 0 0 0 
470 4.9 4.9 -0.1 4.9 4.9 -0.1 0 0 0 
471 4.9 -4.9 0.1 4.9 -4.9 0.1 0 0 0 
472 -4.9 4.9 0.1 -4.9 4.9 0.1 0 0 0 
473 -4.9 4.9 -0.1 -4.9 4.9 -0.1 0 0 0 
474 -2.25626 1.20736 -0.1 -2.25626 1.20736 -0.1 -181.483 119.579 0 
475 -4.9 -4.9 -0.1 -4.9 -4.9 -0.1 0 0 0 
476 1.78299 -1.15926 0.1 1.78299 -1.15926 0.1 79.3972 -15.2614 0 
477 4.9 -4.9 0.1 4.9 -4.9 0.1 0 0 0 
478 -4.9 -4.9 -0.1 -4.9 -4.9 -0.1 0 0 0 
479 2.70643 2.39719 -0.1 2.70643 2.39719 -0.1 183.877 205.19 0 
480 -4.9 -4.9 -0.1 -4.9 -4.9 -0.1 0 -1293.2 0 
481 2.92321 -4.9 -0.1 2.92321 -4.9 -0.1 -593.037 0 0 
482 -4.9 -4.9 0.1 -4.9 -4.9 0.1 -2940 -2940 0 
483 4.9 -4.9 -0.1 4.9 -4.9 -0.1 0 -2940 0 
484 4.9 -4.9 0.1 4.9 -4.9 0.1 0 0 0 
485 4.9 -4.9 0.1 4.9 -4.9 0.1 0 -151.748 0 
486 4.9 4.89989 0.1 4.9 4.89989 0.1 263.722 -0.0326667 0 
487 -4.9 -4.9 -0.1 -4.9 -4.9 -0.1 0 0 0 
488 4.9 -4.9 0.1 4.9 -4.9 0.1 0 0 0 
489 3.47756 2.6764 0.1 3.47756 2.6764 0.1 197.135 127.018 0 
490 0.989221 4.89989 -0.1 0.989221 4.89989 -0.1 132.962 -0.0326667 0 
491 4.9 -4.9 -0.1 4.9 -4.9 -0.1 0 -2940 0 
492 -4.9 -4.9 0.1 -4.9 -4.9 0.1 -79.2932 0 0 
493 4.9 4.9 -0.1 4.9 4.9 -0.1 2940 0 0 
494 0.427436 -4.9 -0.1 0.427436 -4.9 -0.1 -1341.77 0 0 
495 4.9 4.9 -0.1 4.9 4.9 -0.1 0 0 0 
496 4.9 -4.9 0.1 4.9 -4.9 0.1 0 0 0 
497 -4.9 -4.9 0.1 -4.9 -4.9 0.1 0 -125.879 0 
498 -4.9 4.9 0.1 -4.9 4.9 0.1 0 0 0 
499 -4.25303 4.89967 0.1 -4.25303 4.89967 0.1 -272.916 -0.0653333 0 
500 -4.9 -4.9 0.1 -4.9 -4.9 0.1 0 -2940 0 
501 4.9 -4.9 0.1 4.9 -4.9 0.1 0 -2940 0 
502 4.9 -4.9 0.1 4.9 -4.9 0.1 226.341 -884.345 0 
503 4.9 4.9 0.1 4.9 4.9 0.1 0 135.521 0 
504 -4.9 -4.9 0.1 -4.9 -4.9 0.1 0 0 0 
505 4.9 -4.9 -0.1 4.9 -4.9 -0.1 0 0 0 
506 -4.9 -4.9 -0.1 -4.9 -4.9 -0.1 0 -2940 0 
507 -4.9 -4.9 -0.1 -4.9 -4.9 -0.1 -709.519 0 0 
508 4.9 4.9 -0.1 4.9 4.9 -0.1 0 0 0 
509 -3.60203 4.89967 0.1 -3.60203 4.89967 0.1 -311.519 -0.066591 0 
510 4.9 4.9 0.1 4.9 4.9 0.1 0 0 0 
511 4.9 -4.9 -0.1 4.9 -4.9 -0.1 0 0 0 
512 4.9 -4.9 0.1 4.9 -4.9 0.1 0 0 0 
513 -4.28719 1.49772 -0.1 -4.28719 1.49772 -0.1 -370.057 72.8427 0 
514 4.9 -4.9 -0.1 4.9 -4.9 -0.1 0 0 0 
515 0.229691 0.563698 -0.0506904 0.229691 0.563698 -0.0506904 -8.18945 -16.923 -0.88134 
516 4.9 -4.9 0.1 4.9 -4.9 0.1 0 0 0 
517 4.9 -4.9 0.1 4.9 -4.9 0.1 0 -2940 0 
518 4.9 4.9 -0.1 4.9 4.9 -0.1 0 0 0 
519 -4.9 -4.9 -0.1 -4.9 -4.9 -0.1 0 -2940 0 
520 -4.9 -4.9 0.1 -4.9 -4.9 0.1 0 -2940 0 
521 4.9 4.9 -0.1 4.9 4.9 -0.1 0 632.927 0 
522 4.9 -4.9 0.1 4.9 -4.9 0.1 0 0 0 
523 3.18921 -3.01789 -0.1 3.18921 -3.01789 -0.1 256.95 -272.898 0 
524 -4.9 -4.9 -0.1 -4.9 -4.9 -0.1 -984.053 0 0 
525 0.941903 -0.0761865 0.1 0.941903 -0.0761865 0.1 12.0796 -50.7924 0 
526 4.9 -4.19281 -0.1 4.9 -4.19281 -0.1 1330.91 212.157 0 
527 -4.9 4.9 -0.1 -4.9 4.9 -0.1 0 0 0 
528 4.9 -4.9 0.1 4.9 -4.9 0.1 0 0 0 
529 4.9 -4.9 0.1 4.9 -4.9 0.1 0 0 0 
530 -0.18356 0.837736 0.0787352 -0.18356 0.837736 0.0787352 21.9957 3.2179 3.57705 
531 4.9 -4.9 0.1 4.9 -4.9 0.1 0 -2940 0 
532 -4.9 -4.9 0.1 -4.9 -4.9 0.1 0 0 0 
533 -4.9 4.9 0.1 -4.9 4.9 0.1 0 0 0 
534 4.9 -4.9 0.1 4.9 -4.9 0.1 0 -1166.45 0 
535 -2.57588 -4.9 0.1 -2.57588 -4.9 0.1 -173.43 0 0 
536 4.9 -4.9 -0.1 4.9 -4.9 -0.1 0 -2940 0 
537 4.9 0.51237 -0.1 4.9 0.51237 -0.1 0 -1316.29 0 
538 4.9 -4.9 0.1 4.9 -4.9 0.1 0 0 0 
539 -4.9 4.9 0.1 -4.9 4.9 0.1 0 0 0 
540 4.9 -4.9 0.1 4.9 -4.9 0.1 0 -2940 0 
541 4.9 -4.9 -0.1 4.9 -4.9 -0.1 0 0 0 
542 1.44708 -1.25976 0.1 1.44708 -1.25976 0.1 162.171 -96.1912 0 
543 -4.9 -4.9 0.1 -4.9 -4.9 0.1 0 0 0 
544 2.54518 -4.9 0.1 2.54518 -4.9 0.1 141.58 0 0 
545 -4.9 -4.9 -0.1 -4.9 -4.9 -0.1 0 0 0 
546 4.9 -4.9 -0.1 4.9 -4.9 -0.1 0 0 0 
547 -4.9 -4.9 0.1 -4.9 -4.9 0.1 0 0 0 
548 4.9 -4.9 0.1 4.9 -4.9 0.1 0 -2940 0 
549 4.9 -4.9 0.1 4.9 -4.9 0.1 0 0 0 
550 -4.64131 4.53232 -0.1 -4.64131 4.53232 -0.1 -366.654 405.644 0 
551 4.9 -4.9 0.1 4.9 -4.9 0.1 0 0 0 
552 -4.9 -4.9 0.1 -4.9 -4.9 0.1 0 -2940 0 
553 4.9 -4.9 0.1 4.9 -4.9 0.1 0 0 0 
554 -4.9 4.9 0.1 -4.9 4.9 0.1 0 0 0 
555 -2.74611 -4.9 -0.1 -2.74611 -4.9 -0.1 -134.944 0 0 
556 -4.9 -4.9 -0.1 -4.9 -4.9 -0.1 -2940 0 0 
557 0.00587542 -2.48111 0.1 0.00587542 -2.48111 0.1 -50.8771 -137.743 0 
558 -4.9 4.25453 -0.1 -4.9 4.25453 -0.1 0 378.855 0 
559 4.9 4.9 0.1 4.9 4.9 0.1 1258.87 0 0 
560 4.9 -4.9 0.1 4.9 -4.9 0.1 0 0 0 
561 0.81116 4.87833 -0.1 0.81116 4.87833 -0.1 6.10948 421.85 0 
562 -4.9 -4.9 0.1 -4.9 -4.9 0.1 0 -2940 0 
563 4.9 -4.9 0.1 4.9 -4.9 0.1 0 -2940 0 
564 4.9 -4.9 0.1 4.9 -4.9 0.1 0 0 0 
565 4.9 -4.9 0.1 4.9 -4.9 0.1 0 0 0 
566 4.9 4.9 0.1 4.9 4.9 0.1 189.285 1965.18 0 
567 -4.9 4.9 -0.1 -4.9 4.9 -0.1 -1464.87 0 0 
568 3.15213 4.89989 -0.1 3.15213 4.89989 -0.1 274.953 -0.0326667 0 
569 4.9 1.01916 0.1 4.9 1.01916 0.1 51.1645 127.067 0 
570 4.9 4.9 0.1 4.9 4.9 0.1 0 0 0 
571 4.9 4.9 0.1 4.9 4.9 0.1 0 518.032 0 
572 -2.05621 2.84475 0.1 -2.05621 2.84475 0.1 -95.0055 220.852 0 
573 -4.9 -4.9 0.1 -4.9 -4.9 0.1 0 0 0 
574 -4.9 -4.9 0.1 -4.9 -4.9 0.1 0 0 0 
575 -4.9 -4.9 -0.1 -4.9 -4.9 -0.1 0 0 0 
576 -4.9 -4.35065 -0.1 -4.9 -4.35065 -0.1 0 -371.829 0 
577 -4.9 -4.9 0.1 -4.9 -4.9 0.1 0 -1205.41 0 
578 4.9 -4.9 0.1 4.9 -4.9 0.1 0 0 0 
579 4.9 4.9 -0.1 4.9 4.9 -0.1 0 0 0 
580 4.9 -4.9 -0.1 4.9 -4.9 -0.1 0 -2940 0 
581 4.9 -4.9 0.1 4.9 -4.9 0.1 0 0 0 
582 -4.9 -4.9 -0.1 -4.9 -4.9 -0.1 0 0 0 
583 4.9 -4.9 0.1 4.9 -4.9 0.1 0 0 0 
584 -4.9 -4.9 -0.1 -4.9 -4.9 -0.1 0 0 0 
585 -4.9 -2.10528 -0.1 -4.9 -2.10528 -0.1 0 -188.422 0 
586 -4.9 -4.9 -0.1 -4.9 -4.9 -0.1 0 0 0 
587 0.427436 -4.9 -0.1 0.427436 -4.9 -0.1 -1341.77 0 0 
588 -4.9 -4.9 0.1 -4.9 -4.9 0.1 -2162.3 0 0 
589 4.9 -4.9 -0.1 4.9 -4.9 -0.1 0 0 0 
590 -4.9 -4.9 -0.1 -4.9 -4.9 -0.1 0 0 0 
591 -4.9 -4.9 0.1 -4.9 -4.9 0.1 0 0 0 
592 4.9 4.9 -0.1 4.9 4.9 -0.1 2940 0 0 
593 4.9 -0.494206 -0.1 4.9 -0.494206 -0.1 38.1892 -59.0583 0 
594 -4.9 -4.9 0.1 -4.9 -4.9 0.1 0 0 0 
595 -4.9 -4.9 -0.1 -4.9 -4.9 -0.1 0 0 0 
596 -4.9 -4.9 0.1 -4.9 -4.9 0.1 0 -2940 0 
597 -4.9 4.9 -0.1 -4.9 4.9 -0.1 0 0 0 
598 4.9 -4.9 0.1 4.9 -4.9 0.1 0 0 0 
599 4.9 4.9 -0.1 4.9 4.9 -0.1 2940 0 0 
600 4.9 -4.9 0.1 4.9 -4.9 0.1 0 0 0 
601 -4.9 -4.9 -0.1 -4.9 -4.9 -0.1 0 0 0 
602 4.9 -4.9 0.1 4.9 -4.9 0.1 0 0 0 
603 -4.9 -4.9 -0.1 -4.9 -4.9 -0.1 -2940 0 0 
604 -4.9 -4.9 -0.1 -4.9 -4.9 -0.1 0 -2940 0 
605 -4.9 -4.9 -0.1 -4.9 -4.9 -0.1 -2940 0 0 
606 -4.25503 -3.92816 -0.1 -4.25503 -3.92816 -0.1 -300.285 -271.436 0 
607 -4.21836 -4.9 -0.1 -4.21836 -4.9 -0.1 -254.871 0 0 
608 -3.3484 2.63631 -0.1 -3.3484 2.63631 -0.1 -206.277 147.931 0 
609 4.51398 -4.18679 0.1 4.51398 -4.18679 0.1 396.685 -367.289 0 
610 4.9 -4.9 0.1 4.9 -4.9 0.1 0 -2940 0 
611 4.9 -4.9 -0.1 4.9 -4.9 -0.1 0 0 0 
612 -2.50512 -4.9 -0.1 -2.50512 -4.9 -0.1 359.232 0 0 
613 4.9 4.9 -0.1 4.9 4.9 -0.1 0 448.643 0 
614 -4.9 -4.9 -0.1 -4.9 -4.9 -0.1 0 0 0 
615 4.9 -4.9 -0.1 4.9 -4.9 -0.1 0 0 0 
616 -4.9 -4.9 -0.1 -4.9 -4.9 -0.1 0 0 0 
617 -4.9 -4.9 0.1 -4.9 -4.9 0.1 0 0 0 
618 4.9 -4.9 0.1 4.9 -4.9 0.1 0 0 0 
619 -4.9 4.9 0.1 -4.9 4.9 0.1 0 0 0 
620 -4.9 -4.9 -0.1 -4.9 -4.9 -0.1 0 0 0 
621 4.9 4.9 -0.1 4.9 4.9 -0.1 0 0 0 
622 0.267268 0.816727 0.0425609 0.267268 0.816727 0.0425609 0 -0.130667 0 
623 -4.9 -4.9 -0.1 -4.9 -4.9 -0.1 0 -2940 0 
624 2.57237 4.59785 0.1 2.57237 4.59785 0.1 199.298 321.742 0 
625 -4.9 -4.9 0.1 -4.9 -4.9 0.1 0 0 0 
626 0.279604 1.26218 -0.00914395 0.279604 1.26218 -0.00914395 -7.55141 29.0958 1.90045 
627 2.024 -4.9 -0.1 2.024 -4.9 -0.1 86.9703 0 0 
628 -4.9 -4.9 0.1 -4.9 -4.9 0.1 0 0 0 
629 4.9 4.9 -0.1 4.9 4.9 -0.1 0 0 0 
630 4.9 -4.9 0.1 4.9 -4.9 0.1 0 0 0 
631 3.21281 -4.9 -0.1 3.21281 -4.9 -0.1 309.738 0 0 
632 -4.9 -4.9 -0.1 -4.9 -4.9 -0.1 0 0 0 
633 -4.9 -4.9 0.1 -4.9 -4.9 0.1 0 0 0 
634 4.9 4.9 -0.1 4.9 4.9 -0.1 0 0 0 
635 -4.9 4.9 0.1 -4.9 4.9 0.1 -173.091 0 0 
636 0.589984 0.987709 -0.0881525 0.589984 0.987709 -0.0881525 0.861584 6.89438 -3.75904 
637 -0.849573 -3.60447 0.1 -0.849573 -3.60447 0.1 -16.3232 -271.223 0 
638 -4.9 -4.9 0.1 -4.9 -4.9 0.1 0 0 0 
639 4.9 -4.9 0.1 4.9 -4.9 0.1 0 0 0 
640 4.9 4.9 -0.1 4.9 4.9 -0.1 0 0 0 
641 4.9 -4.9 0.1 4.9 -4.9 0.1 0 -2940 0 
642 4.9 -4.9 -0.1 4.9 -4.9 -0.1 0 0 0 
643 4.9 -4.9 -0.1 4.9 -4.9 -0.1 0 -359.543 0 
644 -4.9 -4.9 -0.1 -4.9 -4.9 -0.1 -2940 0 0 
645 4.9 -4.9 -0.1 4.9 -4.9 -0.1 0 -2940 0 
646 -4.9 -4.9 0.1 -4.9 -4.9 0.1 0 0 0 
647 -4.9 4.9 -0.1 -4.9 4.9 -0.1 0 0 0 
648 -4.9 -4.9 -0.1 -4.9 -4.9 -0.1 0 0 0 
649 4.9 -4.9 0.1 4.9 -4.9 0.1 790.729 0 0 
650 4.9 4.9 -0.1 4.9 4.9 -0.1 2940 0 0 
651 1.94125 4.9 0.1 1.94125 4.9 0.1 163.827 0 0 
652 -4.9 1.95707 0.1 -4.9 1.95707 0.1 -170.856 143.882 0 
653 -4.9 -4.9 -0.1 -4.9 -4.9 -0.1 0 0 0 
654 -4.9 4.9 -0.1 -4.9 4.9 -0.1 0 0 0 
655 -4.9 -4.9 -0.1 -4.9 -4.9 -0.1 0 0 0 
656 -1.33484 -4.9 -0.1 -1.33484 -4.9 -0.1 -45.3357 0 0 
657 -0.222059 4.9 0.1 -0.222059 4.9 0.1 -17.1335 283.17 0 
658 4.9 -4.9 0.1 4.9 -4.9 0.1 0 -2940 0 
659 -0.810976 -1.67627 0.0871761 -0.810976 -1.67627 0.0871761 -109.302 -51.2994 3.64507 
660 -4.9 3.31869 0.1 -4.9 3.31869 0.1 0 -241.117 0 
661 3.10524 3.44731 0.1 3.10524 3.44731 0.1 235.448 248.886 0 
662 4.9 4.9 -0.1 4.9 4.9 -0.1 0 0 0 
663 -4.9 -0.124876 0.1 -4.9 -0.124876 0.1 -251.523 1432.54 0 
664 4.9 -4.9 0.1 4.9 -4.9 0.1 0 0 0 
665 4.9 -4.9 -0.1 4.9 -4.9 -0.1 0 -2940 0 
666 4.9 -4.9 0.1 4.9 -4.9 0.1 0 -2940 0 
667 -4.9 4.9 -0.1 -4.9 4.9 -0.1 0 0 0 
668 4.9 4.9 -0.1 4.9 4.9 -0.1 0 0 0 
669 -4.9 -4.9 -0.1 -4.9 -4.9 -0.1 0 0 0 
670 4.47312 3.65557 -0.1 4.47312 3.65557 -0.1 292.985 283.184 0 
671 -4.9 -4.9 -0.1 -4.9 -4.9 -0.1 0 0 0 
672 4.9 4.9 -0.1 4.9 4.9 -0.1 11.6131 973.6 0 
673 1.4655 4.9 -0.1 1.4655 4.9 -0.1 147.031 0 0 
674 -4.9 -4.9 0.1 -4.9 -4.9 0.1 0 0 0 
675 4.9 -1.59097 -0.1 4.9 -1.59097 -0.1 0 -973.662 0 
676 -4.9 -4.9 -0.1 -4.9 -4.9 -0.1 0 0 0 
677 -4.9 -4.9 -0.1 -4.9 -4.9 -0.1 0 0 0 
678 -4.9 -4.9 -0.1 -4.9 -4.9 -0.1 0 0 0 
679 4.9 -4.9 -0.1 4.9 -4.9 -0.1 0 0 0 
680 4.9 -4.9 0.1 4.9 -4.9 0.1 0 0 0 
681 4.9 3.85883 0.1 4.9 3.85883 0.1 0 847.478 0 
682 -4.9 -4.9 0.1 -4.9 -4.9 0.1 0 0 0 
683 -4.9 -4.9 0.1 -4.9 -4.9 0.1 0 0 0 
684 -4.9 4.9 -0.1 -4.9 4.9 -0.1 0 0 0 
685 -4.9 -4.9 0.1 -4.9 -4.9 0.1 0 0 0 
686 -4.9 -4.9 -0.1 -4.9 -4.9 -0.1 0 0 0 
687 1.70659 4.9 0.1 1.70659 4.9 0.1 141.849 0 0 
688 -4.9 -4.9 -0.1 -4.9 -4.9 -0.1 0 -2940 0 
689 4.9 -4.9 0.1 4.9 -4.9 0.1 0 0 0 
690 -4.9 4.9 0.1 -4.9 4.9 0.1 0 0 0 
691 4.9 -4.9 0.1 4.9 -4.9 0.1 0 -2940 0 
692 -3.84772 4.9 0.1 -3.84772 4.9 0.1 -260.611 0 0 
693 -4.9 -4.9 0.1 -4.9 -4.9 0.1 0 0 0 
694 4.9 -4.9 0.1 4.9 -4.9 0.1 0 0 0 
695 4.58896 0.311056 -0.1 4.58896 0.311056 -0.1 376.787 -18.3014 0 
696 4.9 -4.9 -0.1 4.9 -4.9 -0.1 0 0 0 
697 4.9 -4.9 0.1 4.9 -4.9 0.1 0 0 0 
698 -4.9 4.9 0.1 -4.9 4.9 0.1 -2530.51 0 0 
699 -4.9 -4.9 -0.1 -4.9 -4.9 -0.1 0 0 0 
700 4.9 -4.9 -0.1 4.9 -4.9 -0.1 0 0 0 
701 -4.9 -4.9 -0.1 -4.9 -4.9 -0.1 0 0 0 
702 -4.9 -4.9 0.1 -4.9 -4.9 0.1 0 0 0 
703 4.9 -4.9 0.1 4.9 -4.9 0.1 0 -2940 0 
704 4.9 -4.9 0.1 4.9 -4.9 0.1 0 0 0 
705 4.9 -4.9 0.1 4.9 -4.9 0.1 0 -2940 0 
706 4.9 -4.9 0.1 4.9 -4.9 0.1 0 0 0 
707 4.9 4.9 -0.1 4.9 4.9 -0.1 2940 0 0 
708 -4.9 -4.9 0.1 -4.9 -4.9 0.1 0 -2940 0 
709 -2.12675 -4.9 0.1 -2.12675 -4.9 0.1 -220.561 -92.4305 0 
710 4.9 -4.9 0.1 4.9 -4.9 0.1 0 0 0 
711 4.9 -4.9 -0.1 4.9 -4.9 -0.1 0 -2940 0 
712 3.25869 4.89967 0.1 3.25869 4.89967 0.1 311.625 -0.0653333 0 
713 4.9 -4.9 0.1 4.9 -4.9 0.1 0 -2940 0 
714 -4.9 -4.9 0.1 -4.9 -4.9 0.1 0 0 0 
715 4.9 -4.9 -0.1 4.9 -4.9 -0.1 0 0 0 
716 -4.9 -4.9 -0.1 -4.9 -4.9 -0.1 0 -2940 0 
717 4.9 4.9 -0.1 4.9 4.9 -0.1 2940 0 0 
718 -2.31421 -2.64209 0.1 -2.31421 -2.64209 0.1 -180.002 -180.178 0 
719 -4.9 -4.9 0.1 -4.9 -4.9 0.1 0 0 0 
720 -0.209846 -4.9 0.1 -0.209846 -4.9 0.1 703.523 0 0 
721 4.9 -4.9 -0.1 4.9 -4.9 -0.1 0 -2030.6 0 
722 4.9 -4.9 0.1 4.9 -4.9 0.1 0 0 0 
723 4.9 -4.9 0.1 4.9 -4.9 0.1 0 0 0 
724 4.9 2.6012 -0.1 4.9 2.6012 -0.1 0 264.938 0 
725 -4.9 -4.9 0.1 -4.9 -4.9 0.1 0 0 0 
726 -4.9 -4.9 -0.1 -4.9 -4.9 -0.1 0 0 0 
727 2.06723 -3.56379 -0.1 2.06723 -3.56379 -0.1 8.66818 -4.29441 0 
728 -4.9 -4.9 0.1 -4.9 -4.9 0.1 0 -2940 0 
729 -4.9 -4.9 -0.1 -4.9 -4.9 -0.1 -163.001 0 0 
730 -4.9 4.9 0.1 -4.9 4.9 0.1 0 0 0 
731 -4.9 4.9 0.1 -4.9 4.9 0.1 0 493.446 0 
732 -4.53161 -4.9 -0.1 -4.53161 -4.9 -0.1 -244.228 -304.103 0 
733 -2.96666 -2.56291 0.1 -2.96666 -2.56291 0.1 -188.378 -189.268 0 
734 -4.9 -4.9 0.1 -4.9 -4.9 0.1 0 0 0 
735 4.9 -1.59097 -0.1 4.9 -1.59097 -0.1 0 -973.662 0 
736 -4.9 -4.9 0.1 -4.9 -4.9 0.1 0 0 0 
737 4.9 -4.9 0.1 4.9 -4.9 0.1 0 0 0 
738 -4.9 -4.9 -0.1 -4.9 -4.9 -0.1 0 0 0 
739 4.9 -4.9 -0.1 4.9 -4.9 -0.1 0 0 0 
740 -4.9 -4.9 0.1 -4.9 -4.9 0.1 0 0 0 
741 -4.9 4.9 0.1 -4.9 4.9 0.1 0 0 0 
742 4.9 -4.9 0.1 4.9 -4.9 0.1 180.654 0 0 
743 -4.9 -4.9 0.1 -4.9 -4.9 0.1 0 0 0 
744 -4.9 -4.9 0.1 -4.9 -4.9 0.1 0 -2940 0 
745 4.9 -4.9 0.1 4.9 -4.9 0.1 2096.06 -2940 0 
746 0.250073 4.89967 -0.1 0.250073 4.89967 -0.1 -30.316 -0.0653333 0 
747 4.9 -4.9 0.1 4.9 -4.9 0.1 0 0 0 
748 4.9 -4.9 0.1 4.9 -4.9 0.1 0 -2940 0 
749 4.9 4.9 -0.1 4.9 4.9 -0.1 260.851 2062 0 
750 -1.00108 2.68356 0.1 -1.00108 2.68356 0.1 -104.232 127.029 0 
751 4.9 -4.9 0.1 4.9 -4.9 0.1 0 0 0 
752 -0.705702 0.897362 0.0786595 -0.705702 0.897362 0.0786595 -10.752 4.76803 2.23707 
753 -2.86817 -3.61561 -0.1 -2.86817 -3.61561 -0.1 -149.271 -232.234 0 
754 -4.9 -4.9 0.1 -4.9 -4.9 0.1 0 -2940 0 
755 -4.9 -4.9 0.1 -4.9 -4.9 0.1 0 0 0 
756 4.9 -4.9 -0.1 4.9 -4.9 -0.1 0 -2401.92 0 
757 4.9 -4.9 0.1 4.9 -4.9 0.1 0 0 0 
758 4.9 -4.9 -0.1 4.9 -4.9 -0.1 0 0 0 
759 4.9 -4.9 -0.1 4.9 -4.9 -0.1 0 0 0 
760 4.9 4.9 -0.1 4.9 4.9 -0.1 0 0 0 
761 4.9 -4.9 -0.1 4.9 -4.9 -0.1 0 0 0 
762 -4.9 4.9 0.1 -4.9 4.9 0.1 0 1274.88 0 
763 4.9 -4.9 -0.1 4.9 -4.9 -0.1 0 -2940 0 
764 -4.9 -4.9 -0.1 -4.9 -4.9 -0.1 0 -2940 0 
765 -4.9 4.9 -0.1 -4.9 4.9 -0.1 0 0 0 
766 4.9 3.5762 -0.1 4.9 3.5762 -0.1 50.095 226.647 0 
767 -4.2286 0.738215 -0.1 -4.2286 0.738215 -0.1 -345.148 13.0185 0 
768 -4.9 -4.9 0.1 -4.9 -4.9 0.1 0 0 0 
769 -4.9 4.9 0.1 -4.9 4.9 0.1 0 0 0 
770 -4.9 -4.9 0.1 -4.9 -4.9 0.1 0 0 0 
771 -4.9 -4.9 0.1 -4.9 -4.9 0.1 0 -2940 0 
772 4.9 -4.9 0.1 4.9 -4.9 0.1 0 0 0 
773 -4.9 -4.9 -0.1 -4.9 -4.9 -0.1 0 -2940 0 
774 4.9 -3.44783 -0.1 4.9 -3.44783 -0.1 0 -1252.19 0 
775 4.9 1.32441 -0.1 4.9 1.32441 -0.1 274.414 -104.831 0 
776 4.9 -4.9 0.1 4.9 -4.9 0.1 0 0 0 
777 -4.9 -4.9 -0.1 -4.9 -4.9 -0.1 0 -715.928 0 
778 4.9 4.9 0.1 4.9 4.9 0.1 0 1929.4 0 
779 -4.9 4.9 0.1 -4.9 4.9 0.1 0 1504.85 0 
780 1.47925 -4.9 0.1 1.47925 -4.9 0.1 74.0593 0 0 
781 4.9 -4.9 0.1 4.9 -4.9 0.1 0 0 0 
782 -4.9 -4.9 0.1 -4.9 -4.9 0.1 0 -2940 0 
783 4.9 4.9 -0.1 4.9 4.9 -0.1 0 0 0 
784 -4.9 -4.9 -0.1 -4.9 -4.9 -0.1 0 0 0 
785 4.9 -4.9 -0.1 4.9 -4.9 -0.1 0 0 0 
786 -4.9 -4.9 -0.1 -4.9 -4.9 -0.1 0 0 0 
787 -4.9 -4.9 -0.1 -4.9 -4.9 -0.1 0 -2940 0 
788 4.9 4.9 -0.1 4.9 4.9 -0.1 0 0 0 
789 4.9 -4.9 0.1 4.9 -4.9 0.1 0 0 0 
790 -4.9 -4.9 -0.1 -4.9 -4.9 -0.1 0 0 0 
791 -4.9 1.27635 -0.1 -4.9 1.27635 -0.1 0 155.365 0 
792 4.9 -4.9 0.1 4.9 -4.9 0.1 0 0 0 
793 -4.9 -4.9 -0.1 -4.9 -4.9 -0.1 -2940 0 0 
794 4.9 -4.9 -0.1 4.9 -4.9 -0.1 0 0 0 
795 -4.9 -4.9 0.1 -4.9 -4.9 0.1 0 -2940 0 
796 4.9 -2.25797 0.1 4.9 -2.25797 0.1 0 -197.026 0 
797 -4.9 -4.9 -0.1 -4.9 -4.9 -0.1 0 0 0 
798 4.9 3.51225 0.1 4.9 3.51225 0.1 189.753 217.451 0 
799 -4.9 4.9 0.1 -4.9 4.9 0.1 0 0 0 
800 4.9 -4.9 0.1 4.9 -4.9 0.1 0 0 0 
801 4.9 -4.9 0.1 4.9 -4.9 0.1 0 0 0 
802 -4.9 -4.9 0.1 -4.9 -4.9 0.1 0 0 0 
803 -3.75716 -4.9 -0.1 -3.75716 -4.9 -0.1 -591.057 0 0 
804 4.9 -4.9 -0.1 4.9 -4.9 -0.1 0 0 0 
805 4.1845 3.53298 -0.1 4.1845 3.53298 -0.1 385.437 304.207 0 
806 4.9 -4.9 0.1 4.9 -4.9 0.1 0 0 0 
807 -4.9 -4.9 -0.1 -4.9 -4.9 -0.1 0 -2940 0 
808 4.9 4.9 -0.1 4.9 4.9 -0.1 0 0 0 
809 -4.9 -4.9 0.1 -4.9 -4.9 0.1 0 0 0 
810 4.9 -4.9 0.1 4.9 -4.9 0.1 0 0 0 
811 -4.9 -4.9 -0.1 -4.9 -4.9 -0.1 0 0 0 
812 4.9 4.9 -0.1 4.9 4.9 -0.1 2940 0 0 
813 4.9 4.9 0.1 4.9 4.9 0.1 0 662.049 0 
814 -4.9 -4.9 -0.1 -4.9 -4.9 -0.1 0 -2940 0 
815 4.9 -1.59097 -0.1 4.9 -1.59097 -0.1 0 -973.662 0 
816 -4.9 -4.9 -0.1 -4.9 -4.9 -0.1 0 0 0 
817 0.919365 -4.9 -0.1 0.919365 -4.9 -0.1 72.6082 0 0 
818 -4.9 -4.9 -0.1 -4.9 -4.9 -0.1 0 0 0 
819 4.9 -4.9 0.1 4.9 -4.9 0.1 0 0 0 
820 4.9 -4.9 0.1 4.9 -4.9 0.1 0 0 0 
821 4.9 -4.9 0.1 4.9 -4.9 0.1 0 0 0 
822 -4.9 2.8278 -0.1 -4.9 2.8278 -0.1 0 -310.846 0 
823 -4.9 -4.9 -0.1 -4.9 -4.9 -0.1 -2940 0 0 
824 -4.9 -4.9 -0.1 -4.9 -4.9 -0.1 0 0 0 
825 -4.9 -4.9 -0.1 -4.9 -4.9 -0.1 0 0 0 
826 4.9 -4.9 0.1 4.9 -4.9 0.1 0 0 0 
827 -4.9 -4.9 -0.1 -4.9 -4.9 -0.1 0 0 0 
828 -4.9 -4.9 -0.1 -4.9 -4.9 -0.1 0 0 0 
829 4.9 -4.9 0.1 4.9 -4.9 0.1 0 -1769.09 0 
830 4.9 -4.9 -0.1 4.9 -4.9 -0.1 0 -2940 0 
831 0.739623 -4.9 0.1 0.739623 -4.9 0.1 -42.1639 -64.7294 0 
832 4.9 -4.9 0.1 4.9 -4.9 0.1 0 -2940 0 
833 -4.9 4.9 -0.1 -4.9 4.9 -0.1 0 0 0 
834 -4.9 -4.9 -0.1 -4.9 -4.9 -0.1 -1912.91 0 0 
835 4.9 -4.9 0.1 4.9 -4.9 0.1 0 0 0 
836 -4.9 -4.9 0.1 -4.9 -4.9 0.1 0 0 0 
837 4.9 -4.9 0.1 4.9 -4.9 0.1 0 0 0 
838 -4.9 -4.9 -0.1 -4.9 -4.9 -0.1 0 0 0 
839 4.9 -4.9 0.1 4.9 -4.9 0.1 0 0 0 
840 -4.9 -4.9 -0.1 -4.9 -4.9 -0.1 0 0 0 
841 4.9 -4.9 -0.1 4.9 -4.9 -0.1 0 -2940 0 
842 -4.9 4.9 0.1 -4.9 4.9 0.1 0 0 0 
843 -4.23948 -4.28376 0.1 -4.23948 -4.28376 0.1 -358.9 -268.389 0 
844 4.9 -4.9 0.1 4.9 -4.9 0.1 0 0 0 
845 4.9 -4.9 0.1 4.9 -4.9 0.1 0 0 0 
846 4.9 -4.9 0.1 4.9 -4.9 0.1 0 -2940 0 
847 -4.9 -4.9 0.1 -4.9 -4.9 0.1 0 0 0 
848 -4.9 -4.9 0.1 -4.9 -4.9 0.1 0 0 0 
849 4.9 -4.9 0.1 4.9 -4.9 0.1 0 -2940 0 
850 0.519273 -0.226566 -0.1 0.519273 -0.226566 -0.1 96.3614 -44.7022 0 
851 -4.9 -4.9 0.1 -4.9 -4.9 0.1 0 0 0 
852 4.9 -4.9 0.1 4.9 -4.9 0.1 0 0 0 
853 4.9 -4.9 -0.1 4.9 -4.9 -0.1 242.987 0 0 
854 4.9 -4.9 0.1 4.9 -4.9 0.1 0 -2940 0 
855 4.9 -4.9 0.1 4.9 -4.9 0.1 0 0 0 
856 4.9 4.9 0.1 4.9 4.9 0.1 0 71.119 0 
857 4.9 -4.9 0.1 4.9 -4.9 0.1 0 0 0 
858 4.9 -4.9 -0.1 4.9 -4.9 -0.1 0 -2940 0 
859 -4.9 -4.9 0.1 -4.9 -4.9 0.1 0 0 0 
860 4.9 4.9 -0.1 4.9 4.9 -0.1 1375.74 0 0 
861 4.9 -4.9 0.1 4.9 -4.9 0.1 0 0 0 
862 -4.9 -4.9 0.1 -4.9 -4.9 0.1 0 -2940 0 
863 -4.9 -4.9 -0.1 -4.9 -4.9 -0.1 0 0 0 
864 4.9 -4.9 -0.1 4.9 -4.9 -0.1 0 0 0 
865 4.9 4.9 -0.1 4.9 4.9 -0.1 0 47.9269 0 
866 4.9 4.9 -0.1 4.9 4.9 -0.1 2940 0 0 
867 -4.9 4.9 0.1 -4.9 4.9 0.1 0 0.0326667 0 
868 0.424315 -3.38474 -0.1 0.424315 -3.38474 -0.1 -8.88247 -279.069 0 
869 -4.9 -4.9 0.1 -4.9 -4.9 0.1 0 0 0 
870 4.9 -4.9 -0.1 4.9 -4.9 -0.1 275.185 -2939.97 0 
871 -4.9 4.9 0.1 -4.9 4.9 0.1 0 0 0 
872 4.3653 4.89989 -0.1 4.3653 4.89989 -0.1 390.573 -0.0326667 0 
873 4.9 -4.9 -0.1 4.9 -4.9 -0.1 194.145 -2940 0 
874 4.9 4.9 -0.1 4.9 4.9 -0.1 2940 0 0 
875 -2.32941 4.89967 0.1 -2.32941 4.89967 0.1 -86.4295 -0.0653333 0 
876 -1.36741 4.9 0.1 -1.36741 4.9 0.1 -76.4106 0 0 
877 -4.9 -4.9 -0.1 -4.9 -4.9 -0.1 0 0 0 
878 4.9 -4.9 -0.1 4.9 -4.9 -0.1 0 0 0 
879 4.9 -4.9 -0.1 4.9 -4.9 -0.1 0 0 0 
880 4.9 4.9 -0.1 4.9 4.9 -0.1 0 2529.84 0 
881 0.601832 -4.9 -0.1 0.601832 -4.9 -0.1 -644.725 0 0 
882 -4.9 -4.9 0.1 -4.9 -4.9 0.1 0 0 0 
883 -4.9 -4.9 0.1 -4.9 -4.9 0.1 0 -2940 0 
884 -4.9 -4.9 0.1 -4.9 -4.9 0.1 0 -2940 0 
885 -4.9 -4.9 -0.1 -4.9 -4.9 -0.1 -210.371 -552.421 0 
886 -4.9 -4.9 0.1 -4.9 -4.9 0.1 0 0 0 
887 4.9 4.9 -0.1 4.9 4.9 -0.1 0 0 0 
888 4.9 -4.9 -0.1 4.9 -4.9 -0.1 0 0 0 
889 -4.9 -4.9 0.1 -4.9 -4.9 0.1 0 -2554.51 0 
890 4.9 1.92762 -0.1 4.9 1.92762 -0.1 0 153.763 0 
891 4.9 4.9 -0.1 4.9 4.9 -0.1 0 0 0 
892 -4.9 -4.9 -0.1 -4.9 -4.9 -0.1 0 0 0 
893 -3.51589 -4.9 0.1 -3.51589 -4.9 0.1 -626.593 0 0 
894 4.9 -4.9 0.1 4.9 -4.9 0.1 0 0 0 
895 -4.9 -4.9 0.1 -4.9 -4.9 0.1 0 0 0 
896 1.62083 -4.9 0.1 1.62083 -4.9 0.1 356.894 -260.543 0 
897 -4.9 -4.9 -0.1 -4.9 -4.9 -0.1 0 0 0 
898 -4.9 -4.9 0.1 -4.9 -4.9 0.1 0 -2940 0 
899 -4.9 4.9 -0.1 -4.9 4.9 -0.1 0 0 0 
900 0.0943549 3.22445 0.1 0.0943549 3.22445 0.1 -14.7543 308.209 0 
901 4.9 -4.9 0.1 4.9 -4.9 0.1 0 0 0 
902 -4.46976 2.61052 0.1 -4.46976 2.61052 0.1 -290.492 212.287 0 
903 4.9 -4.9 0.1 4.9 -4.9 0.1 0 0 0 
904 4.9 4.9 -0.1 4.9 4.9 -0.1 0 0 0 
905 4.9 -4.9 -0.1 4.9 -4.9 -0.1 0 0 0 
906 -0.785644 -0.142445 0.1 -0.785644 -0.142445 0.1 -19.9283 58.695 0 
907 -4.9 4.9 -0.1 -4.9 4.9 -0.1 0 0 0 
908 -4.9 4.9 -0.1 -4.9 4.9 -0.1 -950.689 74.8197 0 
909 4.9 -0.221172 -0.1 4.9 -0.221172 -0.1 0 -58.6163 0 
910 4.9 -4.9 -0.1 4.9 -4.9 -0.1 0 0 0 
911 4.9 -4.9 0.1 4.9 -4.9 0.1 0 0 0 
912 0.604183 -1.00457 -0.1 0.604183 -1.00457 -0.1 -16.1124 -24.6157 0 
913 4.9 4.9 -0.1 4.9 4.9 -0.1 201.367 914.977 0 
914 -4.9 -4.9 0.1 -4.9 -4.9 0.1 0 -2940 0 
915 4.9 -4.9 -0.1 4.9 -4.9 -0.1 0 0 0 
916 4.9 -4.9 -0.1 4.9 -4.9 -0.1 0 -80.0636 0 
917 4.9 -4.9 0.1 4.9 -4.9 0.1 0 -2940 0 
918 4.9 4.46986 0.1 4.9 4.46986 0.1 0 372.632 0 
919 -4.9 4.9 -0.1 -4.9 4.9 -0.1 0 933.86 0 
920 2.27812 4.9 0.1 2.27812 4.9 0.1 -786.563 0.0326667 0 
921 4.9 4.9 0.1 4.9 4.9 0.1 163.608 152.605 0 
922 2.01079 4.89989 0.1 2.01079 4.89989 0.1 -866.762 -0.0326667 0 
923 -4.9 4.9 0.1 -4.9 4.9 0.1 -992.595 0 0 
924 4.9 -4.9 0.1 4.9 -4.9 0.1 0 0 0 
925 4.9 -4.9 0.1 4.9 -4.9 0.1 0 -2940 0 
926 2.97233 -1.53362 -0.1 2.97233 -1.53362 -0.1 211.732 -167.953 0 
927 4.9 4.9 0.1 4.9 4.9 0.1 0 0 0 
928 4.9 -4.9 0.1 4.9 -4.9 0.1 0 0 0 
929 -4.9 -4.9 -0.1 -4.9 -4.9 -0.1 -2940 0 0 
930 -4.9 -4.9 0.1 -4.9 -4.9 0.1 0 0 0 
931 4.9 -4.9 0.1 4.9 -4.9 0.1 0 -2940 0 
932 4.9 -4.9 0.1 4.9 -4.9 0.1 0 0 0 
933 4.9 -4.9 0.1 4.9 -4.9 0.1 0 -2940 0 
934 4.9 -4.9 -0.1 4.9 -4.9 -0.1 0 -2940 0 
935 -4.9 4.9 0.1 -4.9 4.9 0.1 -2335.78 0 0 
936 -4.9 -4.9 -0.1 -4.9 -4.9 -0.1 0 -2940 0 
937 -4.9 -4.9 0.1 -4.9 -4.9 0.1 0 -848.431 0 
938 -4.9 -4.9 -0.1 -4.9 -4.9 -0.1 -2940 0 0 
939 -4.9 -4.9 0.1 -4.9 -4.9 0.1 0 0 0 
940 -4.9 4.9 0.1 -4.9 4.9 0.1 0 0 0 
941 -4.9 -4.9 0.1 -4.9 -4.9 0.1 0 -2940 0 
942 2.75747 0.98309 0.1 2.75747 0.98309 0.1 259.424 124.786 0 
943 -3.61008 -4.9 -0.1 -3.61008 -4.9 -0.1 -211.497 0 0 
944 4.9 -4.9 0.1 4.9 -4.9 0.1 0 0 0 
945 2.93033 -4.9 -0.1 2.93033 -4.9 -0.1 272.438 0 0 
946 -4.9 -4.9 -0.1 -4.9 -4.9 -0.1 -288.988 0 0 
947 -4.9 -4.9 0.1 -4.9 -4.9 0.1 0 0 0 
948 -4.68894 -4.9 -0.1 -4.68894 -4.9 -0.1 -279.746 0 0 
949 1.94144 4.59265 0.1 1.94144 4.59265 0.1 170.967 318.599 0 
950 -4.9 4.9 -0.1 -4.9 4.9 -0.1 0 0 0 
951 -1.46958 3.29923 -0.1 -1.46958 3.29923 -0.1 -98.877 220.652 0 
952 -4.9 4.9 -0.1 -4.9 4.9 -0.1 0 0 0 
953 -4.9 4.9 0.1 -4.9 4.9 0.1 0 0 0 
954 -4.9 -4.9 0.1 -4.9 -4.9 0.1 0 0 0 
955 4.9 -4.9 -0.1 4.9 -4.9 -0.1 0 0 0 
956 4.9 -4.9 -0.1 4.9 -4.9 -0.1 59.0773 0 0 
957 4.9 -4.9 -0.1 4.9 -4.9 -0.1 0 0 0 
958 -0.684027 4.9 0.1 -0.684027 4.9 0.1 -97.9578 0 0 
959 -4.9 3.39618 0.1 -4.9 3.39618 0.1 0 299.08 0 
960 4.9 -4.9 0.1 4.9 -4.9 0.1 0 0 0 
961 4.9 -4.9 0.1 4.9 -4.9 0.1 0 -2940 0 
962 4.9 2.28679 0.1 4.9 2.28679 0.1 0 7.22376 0 
963 4.9 -4.9 -0.1 4.9 -4.9 -0.1 0 -2940 0 
964 4.9 -4.9 -0.1 4.9 -4.9 -0.1 0 -2940 0 
965 4.9 -3.63343 -0.1 4.9 -3.63343 -0.1 0 -1362.63 0 
966 -4.9 -4.9 0.1 -4.9 -4.9 0.1 0 -2940 0 
967 -4.9 -4.9 -0.1 -4.9 -4.9 -0.1 0 0 0 
968 4.9 -4.9 0.1 4.9 -4.9 0.1 0 0 0 
969 4.9 -2.30738 -0.1 4.9 -2.30738 -0.1 0 -199.444 0 
970 -2.50297 1.35694 -0.1 -2.50297 1.35694 -0.1 -208.263 158.983 0 
971 -4.9 -4.9 -0.1 -4.9 -4.9 -0.1 -2940 0 0 
972 4.9 -4.9 0.1 4.9 -4.9 0.1 0 0 0 
973 4.9 -4.9 0.1 4.9 -4.9 0.1 0 0 0 
974 -3.56126 -2.82324 -0.1 -3.56126 -2.82324 -0.1 -204.313 -203.085 0 
975 4.9 -4.9 -0.1 4.9 -4.9 -0.1 0 0 0 
976 4.9 -4.9 0.1 4.9 -4.9 0.1 0 -351.482 0 
977 4.9 -4.9 0.1 4.9 -4.9 0.1 0 -2940 0 
978 -4.9 -4.9 0.1 -4.9 -4.9 0.1 -118.916 0 0 
979 -4.9 1.00111 -0.1 -4.9 1.00111 -0.1 0 -523.736 0 
980 -1.32384 -1.63112 -0.1 -1.32384 -1.63112 -0.1 -69.5001 -73.1998 0 
981 4.9 -4.9 0.1 4.9 -4.9 0.1 0 -2940 0 
982 4.9 -4.9 0.1 4.9 -4.9 0.1 0 -2940 0 
983 -4.9 -4.9 -0.1 -4.9 -4.9 -0.1 -119.637 0 0 
984 -4.9 -4.9 -0.1 -4.9 -4.9 -0.1 0 0 0 
985 -4.9 -4.9 0.1 -4.9 -4.9 0.1 0 -2940 0 
986 4.9 -1.59097 -0.1 4.9 -1.59097 -0.1 0 -973.662 0 
987 4.9 -4.9 -0.1 4.9 -4.9 -0.1 0 0 0 
988 -4.9 -4.9 0.1 -4.9 -4.9 0.1 0 -2940 0 
989 -4.9 4.58986 -0.1 -4.9 4.58986 -0.1 0 357.697 0 
990 3.26904 -4.9 0.1 3.26904 -4.9 0.1 -489.289 0 0 
991 1.43007 1.54007 -0.1 1.43007 1.54007 -0.1 47.4451 44.2903 0 
992 -1.10169 2.01706 0.1 -1.10169 2.01706 0.1 -72.1632 219.702 0 
993 4.9 -4.9 0.1 4.9 -4.9 0.1 0 0 0 
994 -4.9 -4.9 -0.1 -4.9 -4.9 -0.1 -2940 0 0 
995 -4.9 -4.9 -0.1 -4.9 -4.9 -0.1 0 -1960.68 0 
996 4.9 -4.9 -0.1 4.9 -4.9 -0.1 0 0 0 
997 4.9 -1.59097 -0.1 4.9 -1.59097 -0.1 0 -973.662 0 
998 0.855035 0.532952 0.0300228 0.855035 0.532952 0.0300228 0 -0.130667 0 
999 -1.38289 4.89967 -0.1 -1.38289 4.89967 -0.1 -101.63 -0.0653333 0 
