1000
-5 -5 -0.2 5 5 0.2 
0 3.29159 -1.9112 -0.1 3.29159 -1.9112 -0.1 179.711 -83.3884 0 
1 -4.9 -4.9 0.1 -4.9 -4.9 0.1 0 0 0 
2 4.9 -4.9 0.1 4.9 -4.9 0.1 0 0 0 
3 4.9 -4.9 0.1 4.9 -4.9 0.1 0 0 0 
4 -4.9 -4.9 0.1 -4.9 -4.9 0.1 0 0 0 
5 4.9 -4.9 -0.1 4.9 -4.9 -0.1 0 0 0 
6 4.9 -4.9 -0.1 4.9 -4.9 -0.1 0 0 0 
7 4.9 -4.9 -0.1 4.9 -4.9 -0.1 0 0 0 
8 -4.9 4.9 0.1 -4.9 4.9 0.1 0 0 0 
9 4.9 -2.23163 -0.1 4.9 -2.23163 -0.1 0 -150.379 0 
10 4.9 -4.9 0.1 4.9 -4.9 0.1 0 0 0 
11 4.9 -4.9 0.1 4.9 -4.9 0.1 0 0 0 
12 -4.9 -4.9 -0.1 -4.9 -4.9 -0.1 0 0 0 
13 -2.76857 4.9 0.1 -2.76857 4.9 0.1 -131.229 0 0 
14 -4.9 -4.9 -0.1 -4.9 -4.9 -0.1 0 0 0 
15 -4.9 -4.9 -0.1 -4.9 -4.9 -0.1 0 -2940 0 
16 -4.9 -4.9 -0.1 -4.9 -4.9 -0.1 0 0 0 
17 4.9 -4.9 -0.1 4.9 -4.9 -0.1 0 0 0 
18 -4.9 4.9 -0.1 -4.9 4.9 -0.1 -2940 0 0 
19 4.9 4.89935 -0.1 4.9 4.89935 -0.1 509.969 -0.098 0 
20 4.9 -4.9 0.1 4.9 -4.9 0.1 0 0 0 
21 -4.9 -4.9 0.1 -4.9 -4.9 0.1 -2940 -2940 0 
22 -4.9 -4.9 -0.1 -4.9 -4.9 -0.1 0 0 0 
23 -4.9 -4.9 -0.1 -4.9 -4.9 -0.1 0 0 0 
24 0.510243 4.89989 0.1 0.510243 4.89989 0.1 91.2389 -0.0326667 0 
25 4.9 -4.9 -0.1 4.9 -4.9 -0.1 0 0 0 
26 4.9 -4.9 -0.1 4.9 -4.9 -0.1 0 0 0 
27 4.9 -4.9 -0.1 4.9 -4.9 -0.1 0 0 0 
28 4.9 -4.9 -0.1 4.9 -4.9 -0.1 0 0 0 
29 -4.9 -4.9 -0.1 -4.9 -4.9 -0.1 0 0 0 
30 4.9 -4.9 -0.1 4.9 -4.9 -0.1 0 0 0 
31 -1.38616 3.09151 -0.1 -1.38616 3.09151 -0.1 -112.393 201.209 0 
32 -4.9 -4.9 0.1 -4.9 -4.9 0.1 0 0 0 
33 -4.9 -4.9 -0.1 -4.9 -4.9 -0.1 0 0 0 
34 -4.9 -4.9 -0.1 -4.9 -4.9 -0.1 0 0 0 
35 1.44461 1.08877 -0.1 1.44461 1.08877 -0.1 61.9496 69.9718 0 
36 -4.9 -4.9 -0.1 -4.9 -4.9 -0.1 0 0 0 
37 -4.9 -2.11421 0.1 -4.9 -2.11421 0.1 0 -97.9898 0 
38 4.9 -4.9 -0.1 4.9 -4.9 -0.1 85.1792 -2007.79 0 
39 -4.9 -4.9 -0.1 -4.9 -4.9 -0.1 0 0 0 
40 4.9 -4.9 0.1 4.9 -4.9 0.1 0 0 0 
41 -2.13424 -4.69156 -0.1 -2.13424 -4.69156 -0.1 -117.458 -244.696 0 
42 4.9 -4.9 -0.1 4.9 -4.9 -0.1 0 0 0 
43 4.9 -4.9 -0.1 4.9 -4.9 -0.1 0 0 0 
44 -4.9 -4.9 -0.1 -4.9 -4.9 -0.1 -256.462 0 0 
45 -4.9 -4.9 0.1 -4.9 -4.9 0.1 0 0 0 
46 4.9 -4.9 0.1 4.9 -4.9 0.1 0 0 0 
47 4.9 -4.9 0.1 4.9 -4.9 0.1 0 0 0 
48 4.9 -4.41967 -0.1 4.9 -4.41967 -0.1 0 -1366.05 0 
49 4.9 -4.9 -0.1 4.9 -4.9 -0.1 0 0 0 
50 4.37846 -4.9 -0.1 4.37846 -4.9 -0.1 -156.461 0 0 
51 4.9 -4.9 0.1 4.9 -4.9 0.1 0 0 0 
52 -4.9 -4.9 -0.1 -4.9 -4.9 -0.1 0 0 0 
53 -4.9 4.9 0.1 -4.9 4.9 0.1 -2940 0 0 
54 -4.9 -4.9 -0.1 -4.9 -4.9 -0.1 0 0 0 
55 4.9 -4.9 -0.1 4.9 -4.9 -0.1 0 0 0 
56 -4.9 -4.9 0.1 -4.9 -4.9 0.1 0 0 0 
57 -4.9 -4.9 0.1 -4.9 -4.9 0.1 0 0 0 
58 4.9 -4.9 0.1 4.9 -4.9 0.1 0 0 0 
59 4.9 -4.9 -0.1 4.9 -4.9 -0.1 0 0 0 
60 -4.9 -4.9 -0.1 -4.9 -4.9 -0.1 0 0 0 
61 -4.9 -4.9 0.1 -4.9 -4.9 0.1 0 0 0 
62 -4.9 -4.9 -0.1 -4.9 -4.9 -0.1 0 0 0 
63 -4.9 -4.9 -0.1 -4.9 -4.9 -0.1 0 0 0 
64 -4.9 -4.9 -0.1 -4.9 -4.9 -0.1 0 0 0 
65 -2.17681 -4.9 -0.1 -2.17681 -4.9 -0.1 -129.388 -58.9878 0 
66 -4.62993 4.9 0.1 -4.62993 4.9 0.1 -217.057 0 0 
67 1.58431 4.9 -0.1 1.58431 4.9 -0.1 57.761 38.0479 0 
68 -4.9 -4.9 -0.1 -4.9 -4.9 -0.1 0 0 0 
69 4.9 -4.9 0.1 4.9 -4.9 0.1 0 0 0 
70 4.9 -4.9 0.1 4.9 -4.9 0.1 0 0 0 
71 -4.9 4.9 0.1 -4.9 4.9 0.1 0 107.285 0 
72 -4.9 -4.9 0.1 -4.9 -4.9 0.1 0 0 0 
73 4.9 -4.9 0.1 4.9 -4.9 0.1 0 0 0 
74 -4.9 -4.9 -0.1 -4.9 -4.9 -0.1 0 0 0 
75 4.9 -4.9 0.1 4.9 -4.9 0.1 0 0 0 
76 -4.9 -4.9 0.1 -4.9 -4.9 0.1 0 0 0 
77 -4.9 -4.9 -0.1 -4.9 -4.9 -0.1 0 0 0 
78 2.45428 -4.9 0.1 2.45428 -4.9 0.1 -183.429 0 0 
79 4.9 -4.9 0.1 4.9 -4.9 0.1 0 0 0 
80 -4.9 -4.9 0.1 -4.9 -4.9 0.1 0 0 0 
81 4.9 -4.9 0.1 4.9 -4.9 0.1 0 0 0 
82 -4.9 -4.9 0.1 -4.9 -4.9 0.1 0 0 0 
83 -4.9 -4.9 -0.1 -4.9 -4.9 -0.1 0 0 0 
84 4.9 4.9 -0.1 4.9 4.9 -0.1 0 0 0 
85 4.9 4.70972 0.1 4.9 4.70972 0.1 0 277.168 0 
86 1.82788 -2.39776 0.1 1.82788 -2.39776 0.1 119.164 -95.7626 0 
87 4.57356 -4.73981 -0.1 4.57356 -4.73981 -0.1 249 -285.136 0 
88 4.9 -4.9 -0.1 4.9 -4.9 -0.1 0 0 0 
89 4.9 -4.9 -0.1 4.9 -4.9 -0.1 0 0 0 
90 4.9 -4.9 0.1 4.9 -4.9 0.1 0 0 0 
91 -4.9 -4.9 0.1 -4.9 -4.9 0.1 0 0 0 
92 4.9 -4.9 -0.1 4.9 -4.9 -0.1 0 0 0 
93 -4.9 -3.9517 0.1 -4.9 -3.9517 0.1 0 -185.08 0 
94 4.9 -4.70486 0.1 4.9 -4.70486 0.1 0 -250.815 0 
95 4.9 -4.9 -0.1 4.9 -4.9 -0.1 0 0 0 
96 4.9 -4.9 0.1 4.9 -4.9 0.1 0 0 0 
97 -0.117516 -4.28154 -0.1 -0.117516 -4.28154 -0.1 -29.6515 -171.628 0 
98 -4.9 4.9 -0.1 -4.9 4.9 -0.1 -2940 0 0 
99 4.9 -4.9 0.1 4.9 -4.9 0.1 0 0 0 
100 4.39522 2.28324 -0.1 4.39522 2.28324 -0.1 187.441 75.0091 0 
101 4.9 -4.9 0.1 4.9 -4.9 0.1 0 0 0 
102 4.9 -4.9 -0.1 4.9 -4.9 -0.1 0 0 0 
103 -4.9 -4.9 0.1 -4.9 -4.9 0.1 0 0 0 
104 4.08528 -1.57606 0.1 4.08528 -1.57606 0.1 154.529 -38.3673 0 
105 -4.9 -4.9 -0.1 -4.9 -4.9 -0.1 0 0 0 
106 2.18587 -3.02139 -0.1 2.18587 -3.02139 -0.1 98.1146 -176.805 0 
107 4.9 -4.9 -0.1 4.9 -4.9 -0.1 0 0 0 
108 4.70265 2.39314 0.1 4.70265 2.39314 0.1 243.551 109.908 0 
109 -4.9 -4.9 -0.1 -4.9 -4.9 -0.1 0 0 0 
110 -4.9 4.9 -0.1 -4.9 4.9 -0.1 -212.991 121.589 0 
111 -4.9 -4.9 0.1 -4.9 -4.9 0.1 -2940 -2940 0 
112 4.9 -4.9 0.1 4.9 -4.9 0.1 0 -2940 0 
113 -4.9 -4.9 0.1 -4.9 -4.9 0.1 0 0 0 
114 4.9 -4.9 0.1 4.9 -4.9 0.1 0 0 0 
115 4.9 -4.9 -0.1 4.9 -4.9 -0.1 0 0 0 
116 -4.9 -4.9 0.1 -4.9 -4.9 0.1 0 0 0 
117 4.9 -4.9 0.1 4.9 -4.9 0.1 0 0 0 
118 4.9 -4.9 0.1 4.9 -4.9 0.1 0 0 0 
119 4.9 -4.9 -0.1 4.9 -4.9 -0.1 0 0 0 
120 -4.9 -4.9 0.1 -4.9 -4.9 0.1 0 0 0 
121 4.9 -4.9 0.1 4.9 -4.9 0.1 0 0 0 
122 -4.9 -4.9 -0.1 -4.9 -4.9 -0.1 0 0 0 
123 4.9 -4.9 -0.1 4.9 -4.9 -0.1 0 0 0 
124 4.9 4.89989 -0.1 4.9 4.89989 -0.1 0 -0.0326667 0 
125 4.9 -4.9 0.1 4.9 -4.9 0.1 0 0 0 
126 4.55232 -4.86397 -0.1 4.55232 -4.86397 -0.1 250.767 -205.182 0 
127 -4.9 -4.9 -0.1 -4.9 -4.9 -0.1 0 -2940 0 
128 -4.9 -4.9 0.1 -4.9 -4.9 0.1 0 0 0 
129 -4.9 -4.9 0.1 -4.9 -4.9 0.1 0 0 0 
130 -4.9 -4.9 -0.1 -4.9 -4.9 -0.1 0 0 0 
131 4.9 -4.9 -0.1 4.9 -4.9 -0.1 0 0 0 
132 4.9 -4.9 -0.1 4.9 -4.9 -0.1 0 0 0 
133 -4.9 -4.9 0.1 -4.9 -4.9 0.1 0 0 0 
134 4.9 -4.9 -0.1 4.9 -4.9 -0.1 0 0 0 
135 -4.9 -4.9 -0.1 -4.9 -4.9 -0.1 0 0 0 
136 -4.9 -4.9 -0.1 -4.9 -4.9 -0.1 0 0 0 
137 -4.9 -4.9 0.1 -4.9 -4.9 0.1 0 0 0 
138 -4.9 -4.9 0.1 -4.9 -4.9 0.1 0 -222.957 0 
139 -4.9 -4.9 0.1 -4.9 -4.9 0.1 0 0 0 
140 -4.9 -4.9 -0.1 -4.9 -4.9 -0.1 0 0 0 
141 4.9 -4.9 -0.1 4.9 -4.9 -0.1 0 0 0 
142 -4.9 -4.9 -0.1 -4.9 -4.9 -0.1 0 0 0 
143 4.9 -4.9 0.1 4.9 -4.9 0.1 0 0 0 
144 -4.9 -4.9 0.1 -4.9 -4.9 0.1 0 0 0 
145 4.9 -4.9 0.1 4.9 -4.9 0.1 0 0 0 
146 -4.9 -4.9 0.1 -4.9 -4.9 0.1 0 0 0 
147 4.9 -4.9 0.1 4.9 -4.9 0.1 0 0 0 
148 4.9 -4.9 -0.1 4.9 -4.9 -0.1 0 0 0 
149 -4.9 -4.9 0.1 -4.9 -4.9 0.1 0 0 0 
150 -4.9 -4.9 0.1 -4.9 -4.9 0.1 0 0 0 
151 -1.1766 4.89891 -0.1 -1.1766 4.89891 -0.1 -68.8007 -0.130667 0 
152 -1.1702 -4.9 0.1 -1.1702 -4.9 0.1 -23.3073 0 0 
153 4.9 -4.9 -0.1 4.9 -4.9 -0.1 0 0 0 
154 -4.9 -4.9 -0.1 -4.9 -4.9 -0.1 0 0 0 
155 -4.9 -4.9 0.1 -4.9 -4.9 0.1 0 0 0 
156 -4.9 -4.9 0.1 -4.9 -4.9 0.1 0 0 0 
157 4.9 4.9 -0.1 4.9 4.9 -0.1 0 0 0 
158 4.9 -4.9 -0.1 4.9 -4.9 -0.1 0 0 0 
159 -4.9 -4.9 -0.1 -4.9 -4.9 -0.1 0 -2940 0 
160 -4.9 -4.9 -0.1 -4.9 -4.9 -0.1 0 0 0 
161 -4.9 -4.9 -0.1 -4.9 -4.9 -0.1 0 0 0 
162 -4.9 -4.9 0.1 -4.9 -4.9 0.1 0 0 0 
163 -4.9 -4.9 0.1 -4.9 -4.9 0.1 0 0 0 
164 4.9 -4.9 0.1 4.9 -4.9 0.1 0 0 0 
165 -4.9 -4.9 -0.1 -4.9 -4.9 -0.1 0 0 0 
166 4.9 -4.9 0.1 4.9 -4.9 0.1 0 0 0 
167 -4.9 -4.9 -0.1 -4.9 -4.9 -0.1 0 0 0 
168 -4.9 -4.9 0.1 -4.9 -4.9 0.1 0 0 0 
169 -4.9 -4.9 -0.1 -4.9 -4.9 -0.1 0 0 0 
170 -4.9 -4.9 0.1 -4.9 -4.9 0.1 0 0 0 
171 4.33887 4.89967 -0.1 4.33887 4.89967 -0.1 234.675 -0.0653333 0 
172 -3.20628 -1.93973 0.1 -3.20628 -1.93973 0.1 -159.651 -91.5449 0 
173 -4.9 -4.9 -0.1 -4.9 -4.9 -0.1 0 0 0 
174 -4.9 -4.9 -0.1 -4.9 -4.9 -0.1 0 0 0 
175 -3.39408 -4.9 -0.1 -3.39408 -4.9 -0.1 -153.909 0 0 
176 -4.9 -4.9 -0.1 -4.9 -4.9 -0.1 0 0 0 
177 -4.9 -4.9 -0.1 -4.9 -4.9 -0.1 0 0 0 
178 -4.9 -4.9 -0.1 -4.9 -4.9 -0.1 0 0 0 
179 4.9 -4.9 0.1 4.9 -4.9 0.1 0 -194.996 0 
180 1.29033 4.89967 0.1 1.29033 4.89967 0.1 28.4195 -0.0653333 0 
181 4.9 -4.9 0.1 4.9 -4.9 0.1 0 0 0 
182 -4.9 -4.9 0.1 -4.9 -4.9 0.1 0 0 0 
183 -4.9 -4.9 0.1 -4.9 -4.9 0.1 0 0 0 
184 -4.9 -4.9 -0.1 -4.9 -4.9 -0.1 0 0 0 
185 4.9 -4.9 0.1 4.9 -4.9 0.1 0 0 0 
186 -4.9 -4.9 0.1 -4.9 -4.9 0.1 0 0 0 
187 -0.888756 -4.9 0.1 -0.888756 -4.9 0.1 -578.876 0 0 
188 4.9 -4.9 -0.1 4.9 -4.9 -0.1 0 0 0 
189 4.9 4.9 0.1 4.9 4.9 0.1 0 762.579 0 
190 4.9 -4.9 -0.1 4.9 -4.9 -0.1 0 0 0 
191 4.9 -4.9 -0.1 4.9 -4.9 -0.1 0 0 0 
192 -3.862 0.672481 0.1 -3.862 0.672481 0.1 -149.365 46.4391 0 
193 -4.9 -4.9 -0.1 -4.9 -4.9 -0.1 0 0 0 
194 -4.9 -4.9 -0.1 -4.9 -4.9 -0.1 0 0 0 
195 -4.9 -4.9 -0.1 -4.9 -4.9 -0.1 0 0 0 
196 -4.9 -4.9 0.1 -4.9 -4.9 0.1 0 0 0 
197 4.9 -4.9 -0.1 4.9 -4.9 -0.1 0 0 0 
198 -4.9 -4.9 -0.1 -4.9 -4.9 -0.1 0 0 0 
199 -4.9 -4.9 0.1 -4.9 -4.9 0.1 0 0 0 
200 -4.9 -4.9 -0.1 -4.9 -4.9 -0.1 -256.462 0 0 
201 -4.9 4.9 -0.1 -4.9 4.9 -0.1 0 0 0 
202 -0.6164 4.9 -0.1 -0.6164 4.9 -0.1 -1654.92 0 0 
203 4.9 -4.9 -0.1 4.9 -4.9 -0.1 0 0 0 
204 4.9 -4.9 -0.1 4.9 -4.9 -0.1 0 0 0 
205 -4.9 -4.9 -0.1 -4.9 -4.9 -0.1 0 0 0 
206 -4.9 -4.9 0.1 -4.9 -4.9 0.1 0 0 0 
207 -4.9 -4.9 -0.1 -4.9 -4.9 -0.1 0 0 0 
208 -4.9 -4.9 0.1 -4.9 -4.9 0.1 0 0 0 
209 4.9 -4.9 0.1 4.9 -4.9 0.1 0 0 0 
210 -3.73055 4.02847 0.1 -3.73055 4.02847 0.1 -211.387 177.344 0 
211 -4.9 -4.9 0.1 -4.9 -4.9 0.1 0 0 0 
212 4.9 -4.9 0.1 4.9 -4.9 0.1 0 0 0 
213 -4.9 -4.9 -0.1 -4.9 -4.9 -0.1 0 0 0 
214 4.9 -4.9 -0.1 4.9 -4.9 -0.1 0 0 0 
215 -4.9 -4.9 0.1 -4.9 -4.9 0.1 0 0 0 
216 -4.9 -4.9 -0.1 -4.9 -4.9 -0.1 0 0 0 
217 -4.9 4.89989 -0.1 -4.9 4.89989 -0.1 0 -0.0326667 0 
218 4.9 -4.9 -0.1 4.9 -4.9 -0.1 0 0 0 
219 4.9 -4.9 0.1 4.9 -4.9 0.1 0 0 0 
220 -4.9 -4.9 -0.1 -4.9 -4.9 -0.1 -256.462 0 0 
221 -4.9 -4.9 -0.1 -4.9 -4.9 -0.1 0 0 0 
222 -4.9 -4.9 0.1 -4.9 -4.9 0.1 0 0 0 
223 4.9 -4.9 0.1 4.9 -4.9 0.1 0 0 0 
224 -4.9 -4.9 0.1 -4.9 -4.9 0.1 0 0 0 
225 -4.9 2.2933 0.1 -4.9 2.2933 0.1 0 539.449 0 
226 -4.9 -4.9 0.1 -4.9 -4.9 0.1 0 0 0 
227 4.9 -4.9 0.1 4.9 -4.9 0.1 0 0 0 
228 -4.9 4.9 0.1 -4.9 4.9 0.1 0 2781.8 0 
229 -4.9 1.24063 -0.1 -4.9 1.24063 -0.1 -192.005 64.8927 0 
230 -4.9 -4.9 -0.1 -4.9 -4.9 -0.1 0 0 0 
231 -4.9 -4.9 -0.1 -4.9 -4.9 -0.1 0 0 0 
232 -4.9 -4.9 0.1 -4.9 -4.9 0.1 0 0 0 
233 -4.9 -4.9 0.1 -4.9 -4.9 0.1 0 0 0 
234 -4.9 -4.9 -0.1 -4.9 -4.9 -0.1 0 0 0 
235 0.774225 -0.140655 0.0491102 0.774225 -0.140655 0.0491102 0 -0.196 0 
236 4.9 -4.9 0.1 4.9 -4.9 0.1 0 0 0 
237 -4.9 -4.9 0.1 -4.9 -4.9 0.1 -2940 -2940 0 
238 4.9 4.9 -0.1 4.9 4.9 -0.1 0 892.011 0 
239 -4.9 -4.9 0.1 -4.9 -4.9 0.1 0 0 0 
240 -1.21469 -4.9 -0.1 -1.21469 -4.9 -0.1 -21.0967 -274.563 0 
241 4.9 -4.9 0.1 4.9 -4.9 0.1 0 0 0 
242 -1.05135 -1.02363 -0.1 -1.05135 -1.02363 -0.1 -25.0629 -26.9694 0 
243 -4.9 2.79777 -0.1 -4.9 2.79777 -0.1 0 577.284 0 
244 -1.7312 -2.30696 -0.1 -1.7312 -2.30696 -0.1 -59.1103 -70.8514 0 
245 -2.63326 -4.9 0.1 -2.63326 -4.9 0.1 -753.326 0 0 
246 -4.9 4.89989 -0.1 -4.9 4.89989 -0.1 0 -0.0326667 0 
247 -4.9 -4.9 -0.1 -4.9 -4.9 -0.1 0 0 0 
248 -4.9 -4.9 0.1 -4.9 -4.9 0.1 0 0 0 
249 -4.9 -4.9 -0.1 -4.9 -4.9 -0.1 0 0 0 
250 -4.9 -4.9 0.1 -4.9 -4.9 0.1 0 0 0 
251 -4.9 -4.9 -0.1 -4.9 -4.9 -0.1 0 0 0 
252 4.9 -4.9 -0.1 4.9 -4.9 -0.1 0 0 0 
253 -4.9 -2.95349 0.1 -4.9 -2.95349 0.1 0 -146.777 0 
254 4.9 -4.9 -0.1 4.9 -4.9 -0.1 0 -2939.97 0 
255 -4.9 -4.9 -0.1 -4.9 -4.9 -0.1 0 0 0 
256 4.9 -4.9 -0.1 4.9 -4.9 -0.1 0 0 0 
257 -4.9 -4.9 0.1 -4.9 -4.9 0.1 0 0 0 
258 4.9 -4.9 0.1 4.9 -4.9 0.1 0 0 0 
259 -4.9 -4.9 0.1 -4.9 -4.9 0.1 0 0 0 
260 -4.9 -4.9 -0.1 -4.9 -4.9 -0.1 0 0 0 
261 -4.9 -4.9 0.1 -4.9 -4.9 0.1 0 0 0 
262 -4.9 -4.9 -0.1 -4.9 -4.9 -0.1 0 0 0 
263 -4.9 4.9 -0.1 -4.9 4.9 -0.1 -2940 0 0 
264 -4.9 -4.9 -0.1 -4.9 -4.9 -0.1 0 0 0 
265 -4.9 4.89989 0.1 -4.9 4.89989 0.1 0 -0.0326667 0 
266 4.9 -4.9 0.1 4.9 -4.9 0.1 0 0 0 
267 4.9 -4.9 0.1 4.9 -4.9 0.1 0 0 0 
268 -4.9 -4.9 0.1 -4.9 -4.9 0.1 0 0 0 
269 -4.9 -4.9 -0.1 -4.9 -4.9 -0.1 0 0 0 
270 4.9 -4.9 -0.1 4.9 -4.9 -0.1 0 0 0 
271 -4.9 4.9 0.1 -4.9 4.9 0.1 0 0 0 
272 4.9 -4.9 -0.1 4.9 -4.9 -0.1 0 -2939.97 0 
273 4.9 -4.9 -0.1 4.9 -4.9 -0.1 0 0 0 
274 4.9 -4.9 -0.1 4.9 -4.9 -0.1 0 -2940 0 
275 4.9 -4.9 -0.1 4.9 -4.9 -0.1 0 0 0 
276 4.9 -4.9 0.1 4.9 -4.9 0.1 0 0 0 
277 4.9 -4.9 0.1 4.9 -4.9 0.1 0 0 0 
278 4.9 -4.9 0.1 4.9 -4.9 0.1 0 0 0 
279 -4.9 -4.9 -0.1 -4.9 -4.9 -0.1 0 0 0 
280 -4.9 -4.9 -0.1 -4.9 -4.9 -0.1 0 0 0 
281 -4.9 -4.9 -0.1 -4.9 -4.9 -0.1 0 0 0 
282 -4.9 -4.9 -0.1 -4.9 -4.9 -0.1 0 0 0 
283 -4.9 -4.9 0.1 -4.9 -4.9 0.1 -2940 -2940 0 
284 4.9 -4.9 0.1 4.9 -4.9 0.1 0 0 0 
285 4.9 -4.9 -0.1 4.9 -4.9 -0.1 0 0 0 
286 -4.9 -4.9 0.1 -4.9 -4.9 0.1 0 0 0 
287 -4.9 -4.9 0.1 -4.9 -4.9 0.1 0 0 0 
288 -4.9 4.9 -0.1 -4.9 4.9 -0.1 -191.41 3.77762 0 
289 4.9 -4.9 -0.1 4.9 -4.9 -0.1 0 0 0 
290 -1.9366 -4.9 0.1 -1.9366 -4.9 0.1 -64.3709 0 0 
291 -4.9 -4.9 -0.1 -4.9 -4.9 -0.1 0 0 0 
292 4.9 -4.9 -0.1 4.9 -4.9 -0.1 0 0 0 
293 4.9 -4.9 -0.1 4.9 -4.9 -0.1 0 0 0 
294 -4.9 -4.9 -0.1 -4.9 -4.9 -0.1 0 -2940 0 
295 4.9 -4.9 -0.1 4.9 -4.9 -0.1 188.742 -2933.54 0 
296 -4.9 4.9 -0.1 -4.9 4.9 -0.1 -2940 0 0 
297 -4.9 -4.9 0.1 -4.9 -4.9 0.1 0 -2939.97 0 
298 4.9 -4.9 -0.1 4.9 -4.9 -0.1 0 0 0 
299 0.424223 -3.79776 -0.1 0.424223 -3.79776 -0.1 14.4493 -191.438 0 
300 -0.0247028 0.322847 0.1 -0.0247028 0.322847 0.1 26.9648 -5.73038 0 
301 -4.9 -4.9 0.1 -4.9 -4.9 0.1 -85.1745 -195.814 0 
302 -4.9 -4.9 -0.1 -4.9 -4.9 -0.1 0 0 0 
303 -4.9 -4.9 0.1 -4.9 -4.9 0.1 0 0 0 
304 -4.9 -4.9 -0.1 -4.9 -4.9 -0.1 0 0 0 
305 4.9 -4.9 -0.1 4.9 -4.9 -0.1 0 0 0 
306 4.9 -4.9 0.1 4.9 -4.9 0.1 0 0 0 
307 -4.9 -4.9 0.1 -4.9 -4.9 0.1 0 0 0 
308 0.672687 4.89891 0.1 0.672687 4.89891 0.1 71.1771 -0.130667 0 
309 -4.9 -4.9 0.1 -4.9 -4.9 0.1 0 0 0 
310 -4.9 -4.9 -0.1 -4.9 -4.9 -0.1 0 0 0 
311 4.9 -4.9 0.1 4.9 -4.9 0.1 0 0 0 
312 -4.9 -4.9 0.1 -4.9 -4.9 0.1 0 0 0 
313 4.9 -4.9 0.1 4.9 -4.9 0.1 0 0 0 
314 4.9 4.9 -0.1 4.9 4.9 -0.1 0 0 0 
315 4.9 -4.9 0.1 4.9 -4.9 0.1 0 0 0 
316 -4.9 -4.9 -0.1 -4.9 -4.9 -0.1 0 0 0 
317 0.512959 0.22552 -0.0478064 0.512959 0.22552 -0.0478064 0 -0.196 0 
318 -4.9 -4.9 0.1 -4.9 -4.9 0.1 0 0 0 
319 -4.9 2.06957 0.1 -4.9 2.06957 0.1 0 58.4284 0 
320 4.9 -4.9 0.1 4.9 -4.9 0.1 0 0 0 
321 4.9 -4.9 0.1 4.9 -4.9 0.1 0 0 0 
322 -4.9 -4.9 0.1 -4.9 -4.9 0.1 0 0 0 
323 -4.9 -4.9 0.1 -4.9 -4.9 0.1 0 0 0 
324 -4.9 4.89989 -0.1 -4.9 4.89989 -0.1 0 -0.0326667 0 
325 -1.41581 4.89935 0.1 -1.41581 4.89935 0.1 261.314 -0.098 0 
326 -2.65625 4.89967 -0.1 -2.65625 4.89967 -0.1 -157.301 -0.0653333 0 
327 -4.9 -4.9 0.1 -4.9 -4.9 0.1 0 0 0 
328 4.9 -4.9 -0.1 4.9 -4.9 -0.1 0 0 0 
329 -4.9 -4.9 -0.1 -4.9 -4.9 -0.1 0 0 0 
330 -4.9 3.83839 -0.1 -4.9 3.83839 -0.1 0 -106.194 0 
331 4.9 -1.71945 0.1 4.9 -1.71945 0.1 0 -233.542 0 
332 -4.9 -4.9 0.1 -4.9 -4.9 0.1 0 0 0 
333 4.9 -4.9 0.1 4.9 -4.9 0.1 0 0 0 
334 4.9 -4.9 -0.1 4.9 -4.9 -0.1 0 0 0 
335 4.50131 0.525442 -0.1 4.50131 0.525442 -0.1 198.255 20.3205 0 
336 4.9 -4.9 -0.1 4.9 -4.9 -0.1 0 0 0 
337 3.56732 3.97406 -0.1 3.56732 3.97406 -0.1 202.796 190.614 0 
338 4.9 -4.9 -0.1 4.9 -4.9 -0.1 0 0 0 
339 4.9 -4.9 0.1 4.9 -4.9 0.1 0 0 0 
340 4.9 -4.9 0.1 4.9 -4.9 0.1 0 0 0 
341 2.14149 -0.34068 0.1 2.14149 -0.34068 0.1 139.262 -54.9638 0 
342 -4.9 -4.9 0.1 -4.9 -4.9 0.1 0 0 0 
343 -4.9 0.158696 -0.1 -4.9 0.158696 -0.1 0 49.9083 0 
344 -4.9 -4.9 0.1 -4.9 -4.9 0.1 0 0 0 
345 4.9 -4.9 -0.1 4.9 -4.9 -0.1 0 0 0 
346 3.20239 -2.40041 0.1 3.20239 -2.40041 0.1 203.956 -131.785 0 
347 -1.62615 4.9 0.1 -1.62615 4.9 0.1 -40.7981 0 0 
348 -4.9 -4.9 -0.1 -4.9 -4.9 -0.1 0 0 0 
349 -4.9 -4.9 -0.1 -4.9 -4.9 -0.1 0 0 0 
350 -4.9 -2.35028 0.1 -4.9 -2.35028 0.1 0 -96.5495 0 
351 4.9 -4.9 -0.1 4.9 -4.9 -0.1 0 0 0 
352 -4.9 -4.9 -0.1 -4.9 -4.9 -0.1 0 0 0 
353 -2.08858 -2.24723 -0.1 -2.08858 -2.24723 -0.1 -63.9106 -98.5118 0 
354 4.9 -4.9 0.1 4.9 -4.9 0.1 0 0 0 
355 4.9 -4.9 0.1 4.9 -4.9 0.1 0 0 0 
356 -3.31659 -4.9 0.1 -3.31659 -4.9 0.1 -209.602 0 0 
357 -4.9 -2.75444 0.1 -4.9 -2.75444 0.1 0 -345.066 0 
358 4.9 -4.9 0.1 4.9 -4.9 0.1 0 0 0 
359 -4.9 -4.9 0.1 -4.9 -4.9 0.1 0 0 0 
360 -4.9 -4.9 -0.1 -4.9 -4.9 -0.1 0 0 0 
361 -4.9 -4.9 0.1 -4.9 -4.9 0.1 0 0 0 
362 -4.9 -4.9 -0.1 -4.9 -4.9 -0.1 0 0 0 
363 4.9 -4.9 0.1 4.9 -4.9 0.1 0 -1401.13 0 
364 4.9 -4.9 -0.1 4.9 -4.9 -0.1 0 0 0 
365 4.9 -4.9 0.1 4.9 -4.9 0.1 0 0 0 
366 4.9 -4.9 0.1 4.9 -4.9 0.1 0 0 0 
367 -4.9 -4.9 0.1 -4.9 -4.9 0.1 0 0 0 
368 -4.9 -4.9 -0.1 -4.9 -4.9 -0.1 0 0 0 
369 -4.9 -4.9 0.1 -4.9 -4.9 0.1 0 0 0 
370 -4.9 -4.9 -0.1 -4.9 -4.9 -0.1 0 0 0 
371 -4.9 -4.9 -0.1 -4.9 -4.9 -0.1 0 0 0 
372 -4.9 -4.9 0.1 -4.9 -4.9 0.1 0 0 0 
373 4.9 -4.9 0.1 4.9 -4.9 0.1 0 0 0 
374 3.34049 4.9 0.1 3.34049 4.9 0.1 -188.296 536.18 0 
375 -4.9 -4.9 -0.1 -4.9 -4.9 -0.1 0 0 0 
376 4.9 -4.9 -0.1 4.9 -4.9 -0.1 0 0 0 
377 -1.13719 -0.927342 -0.1 -1.13719 -0.927342 -0.1 -75.9129 -95.4637 0 
378 4.9 -4.9 -0.1 4.9 -4.9 -0.1 0 0 0 
379 4.9 -4.9 0.1 4.9 -4.9 0.1 0 0 0 
380 -4.9 -4.9 0.1 -4.9 -4.9 0.1 0 0 0 
381 -4.9 -4.9 0.1 -4.9 -4.9 0.1 0 0 0 
382 4.9 -4.9 0.1 4.9 -4.9 0.1 0 0 0 
383 4.58745 -4.9 -0.1 4.58745 -4.9 -0.1 -93.7664 0 0 
384 4.9 -4.9 0.1 4.9 -4.9 0.1 629.277 -2939.8 0 
385 -4.9 -4.9 0.1 -4.9 -4.9 0.1 0 0 0 
386 4.9 -4.9 0.1 4.9 -4.9 0.1 0 0 0 
387 4.9 -4.9 0.1 4.9 -4.9 0.1 0 0 0 
388 4.9 -4.9 -0.1 4.9 -4.9 -0.1 0 -144.574 0 
389 0.330479 -0.576624 -0.1 0.330479 -0.576624 -0.1 42.6682 -70.4884 0 
390 0.974375 -0.465521 -0.0655386 0.974375 -0.465521 -0.0655386 5.64575 0.321893 -1.59299 
391 4.9 -4.9 0.1 4.9 -4.9 0.1 0 0 0 
392 -4.9 -4.9 0.1 -4.9 -4.9 0.1 0 0 0 
393 -4.9 -4.9 -0.1 -4.9 -4.9 -0.1 0 0 0 
394 -4.9 -4.9 -0.1 -4.9 -4.9 -0.1 0 0 0 
395 -4.9 3.46504 0.1 -4.9 3.46504 0.1 0 -215.261 0 
396 4.9 -4.9 -0.1 4.9 -4.9 -0.1 0 -2939.97 0 
397 2.22008 -2.13297 -0.1 2.22008 -2.13297 -0.1 104.755 -65.9561 0 
398 -2.72829 1.02392 -0.1 -2.72829 1.02392 -0.1 -132.265 41.5019 0 
399 -4.9 -4.9 0.1 -4.9 -4.9 0.1 0 0 0 
400 -4.9 -4.9 0.1 -4.9 -4.9 0.1 0 0 0 
401 4.9 -4.9 0.1 4.9 -4.9 0.1 0 0 0 
402 -4.9 -4.9 -0.1 -4.9 -4.9 -0.1 0 0 0 
403 4.9 -4.9 -0.1 4.9 -4.9 -0.1 0 0 0 
404 -4.9 -4.9 -0.1 -4.9 -4.9 -0.1 -2940 0 0 
405 -4.9 -4.9 0.1 -4.9 -4.9 0.1 0 0 0 
406 -0.888756 -4.9 0.1 -0.888756 -4.9 0.1 -578.876 0 0 
407 -4.9 -4.9 -0.1 -4.9 -4.9 -0.1 0 0 0 
408 -4.9 -4.9 0.1 -4.9 -4.9 0.1 0 0 0 
409 4.9 -4.9 -0.1 4.9 -4.9 -0.1 0 0 0 
410 4.9 -4.9 0.1 4.9 -4.9 0.1 0 0 0 
411 4.9 -4.9 0.1 4.9 -4.9 0.1 0 0 0 
412 4.9 -4.9 -0.1 4.9 -4.9 -0.1 0 0 0 
413 -4.9 -4.9 0.1 -4.9 -4.9 0.1 0 0 0 
414 -4.45962 4.89935 -0.1 -4.45962 4.89935 -0.1 33.0285 -0.098 0 
415 -4.9 -4.9 -0.1 -4.9 -4.9 -0.1 0 0 0 
416 4.9 -4.9 0.1 4.9 -4.9 0.1 0 0 0 
417 -4.9 -4.9 0.1 -4.9 -4.9 0.1 0 0 0 
418 4.9 -4.9 -0.1 4.9 -4.9 -0.1 0 0 0 
419 -4.9 -4.9 0.1 -4.9 -4.9 0.1 0 0 0 
420 -4.9 -4.9 0.1 -4.9 -4.9 0.1 0 0 0 
421 -4.9 -4.9 -0.1 -4.9 -4.9 -0.1 0 0 0 
422 4.9 -4.9 -0.1 4.9 -4.9 -0.1 0 0 0 
423 -4.9 -4.9 0.1 -4.9 -4.9 0.1 0 0 0 
424 4.9 4.9 -0.1 4.9 4.9 -0.1 0 0 0 
425 4.9 -4.9 0.1 4.9 -4.9 0.1 0 0 0 
426 4.9 -4.9 -0.1 4.9 -4.9 -0.1 0 0 0 
427 -4.9 -4.9 0.1 -4.9 -4.9 0.1 0 0 0 
428 4.9 -4.9 0.1 4.9 -4.9 0.1 0 0 0 
429 -4.9 -4.9 -0.1 -4.9 -4.9 -0.1 0 -2940 0 
430 4.9 -4.9 0.1 4.9 -4.9 0.1 0 0 0 
431 4.9 -4.9 0.1 4.9 -4.9 0.1 0 0 0 
432 4.9 -4.9 -0.1 4.9 -4.9 -0.1 0 0 0 
433 -4.9 -4.9 0.1 -4.9 -4.9 0.1 0 0 0 
434 4.9 -4.9 -0.1 4.9 -4.9 -0.1 0 0 0 
435 4.9 4.9 -0.1 4.9 4.9 -0.1 0 0 0 
436 4.9 -4.9 0.1 4.9 -4.9 0.1 0 0 0 
437 4.9 -4.9 -0.1 4.9 -4.9 -0.1 0 0 0 
438 -4.9 -4.9 0.1 -4.9 -4.9 0.1 0 0 0 
439 -4.9 -4.9 0.1 -4.9 -4.9 0.1 0 0 0 
440 -4.9 -4.51748 -0.1 -4.9 -4.51748 -0.1 0 -266.628 0 
441 4.9 -4.9 0.1 4.9 -4.9 0.1 0 0 0 
442 4.9 -4.9 0.1 4.9 -4.9 0.1 0 0 0 
443 4.9 -4.9 -0.1 4.9 -4.9 -0.1 0 0 0 
444 -4.9 -4.9 0.1 -4.9 -4.9 0.1 0 0 0 
445 4.9 -4.9 0.1 4.9 -4.9 0.1 0 0 0 
446 -4.9 -4.9 -0.1 -4.9 -4.9 -0.1 0 0 0 
447 -4.9 -4.9 -0.1 -4.9 -4.9 -0.1 0 0 0 
448 -4.54787 -4.9 -0.1 -4.54787 -4.9 -0.1 -944.787 0 0 
449 4.9 -4.9 -0.1 4.9 -4.9 -0.1 0 0 0 
450 -4.9 -4.9 -0.1 -4.9 -4.9 -0.1 0 0 0 
451 -4.9 -4.9 0.1 -4.9 -4.9 0.1 0 0 0 
452 -4.9 4.89989 -0.1 -4.9 4.89989 -0.1 0 -0.0326667 0 
453 4.9 -4.9 0.1 4.9 -4.9 0.1 0 0 0 
454 -4.9 -4.9 -0.1 -4.9 -4.9 -0.1 0 -2940 0 
455 4.9 -4.9 -0.1 4.9 -4.9 -0.1 0 0 0 
456 4.9 -4.9 -0.1 4.9 -4.9 -0.1 0 0 0 
457 -4.9 -3.8513 -0.1 -4.9 -3.8513 -0.1 0 -186.386 0 
458 4.9 4.9 -0.1 4.9 4.9 -0.1 0 0 0 
459 -4.9 4.89967 0.1 -4.9 4.89967 0.1 0 -0.0653333 0 
460 4.9 -4.9 -0.1 4.9 -4.9 -0.1 138.547 -2939.97 0 
461 -4.9 -4.9 0.1 -4.9 -4.9 0.1 0 0 0 
462 -4.05651 4.89935 -0.1 -4.05651 4.89935 -0.1 -210.979 -0.098 0 
463 4.9 -4.9 0.1 4.9 -4.9 0.1 0 0 0 
464 4.9 -1.66115 -0.1 4.9 -1.66115 -0.1 0 -61.5681 0 
465 -4.9 4.89967 0.1 -4.9 4.89967 0.1 0 -0.0653333 0 
466 4.9 -4.9 0.1 4.9 -4.9 0.1 0 0 0 
467 0.97796 0.460968 0.0499901 0.97796 0.460968 0.0499901 0 -0.196 0 
468 -4.9 4.35302 -0.1 -4.9 4.35302 -0.1 0 168.165 0 
469 -4.9 -4.9 -0.1 -4.9 -4.9 -0.1 0 0 0 
470 4.9 -4.9 -0.1 4.9 -4.9 -0.1 0 0 0 
471 4.9 -4.9 0.1 4.9 -4.9 0.1 0 0 0 
472 -4.9 -4.9 0.1 -4.9 -4.9 0.1 0 0 0 
473 -4.9 4.89989 -0.1 -4.9 4.89989 -0.1 0 -0.0326667 0 
474 -3.46614 2.00423 -0.1 -3.46614 2.00423 -0.1 -181.483 119.514 0 
475 -4.9 -4.9 -0.1 -4.9 -4.9 -0.1 0 0 0 
476 2.31231 -1.26133 0.1 2.31231 -1.26133 0.1 79.3972 -15.3267 0 
477 4.9 -4.9 0.1 4.9 -4.9 0.1 0 0 0 
478 -4.9 -4.9 -0.1 -4.9 -4.9 -0.1 0 0 0 
479 3.93227 3.76479 -0.1 3.93227 3.76479 -0.1 183.877 205.125 0 
480 -4.9 -4.9 -0.1 -4.9 -4.9 -0.1 0 0 0 
481 -1.03037 -4.9 -0.1 -1.03037 -4.9 -0.1 -593.037 0 0 
482 -4.9 -4.9 0.1 -4.9 -4.9 0.1 0 0 0 
483 4.9 -4.9 -0.1 4.9 -4.9 -0.1 0 0 0 
484 4.9 -4.9 0.1 4.9 -4.9 0.1 0 0 0 
485 4.9 -4.9 0.1 4.9 -4.9 0.1 0 0 0 
486 4.9 4.9 0.1 4.9 4.9 0.1 0 2940 0 
487 -4.9 -4.9 -0.1 -4.9 -4.9 -0.1 0 0 0 
488 4.9 -4.9 0.1 4.9 -4.9 0.1 0 0 0 
489 4.9 -4.9 0.1 4.9 -4.9 0.1 229.597 -2399.91 0 
490 1.87564 4.89935 -0.1 1.87564 4.89935 -0.1 132.962 -0.098 0 
491 4.9 -4.9 -0.1 4.9 -4.9 -0.1 0 0 0 
492 -4.9 -4.9 0.1 -4.9 -4.9 0.1 0 0 0 
493 4.9 -4.9 -0.1 4.9 -4.9 -0.1 0 0 0 
494 -4.9 -4.9 -0.1 -4.9 -4.9 -0.1 -256.462 0 0 
495 4.9 -4.9 -0.1 4.9 -4.9 -0.1 0 -2939.97 0 
496 4.9 -4.9 0.1 4.9 -4.9 0.1 0 0 0 
497 -4.9 -4.9 0.1 -4.9 -4.9 0.1 0 0 0 
498 -4.9 -4.9 0.1 -4.9 -4.9 0.1 0 0 0 
499 -4.9 -4.9 0.1 -4.9 -4.9 0.1 0 0 0 
500 -4.9 -4.9 0.1 -4.9 -4.9 0.1 0 0 0 
501 4.9 -4.9 0.1 4.9 -4.9 0.1 0 0 0 
502 4.9 -4.9 0.1 4.9 -4.9 0.1 0 0 0 
503 -4.9 -4.9 0.1 -4.9 -4.9 0.1 -2940 -2940 0 
504 -4.9 -4.9 0.1 -4.9 -4.9 0.1 0 0 0 
505 4.9 -4.9 -0.1 4.9 -4.9 -0.1 0 0 0 
506 -4.9 -4.9 -0.1 -4.9 -4.9 -0.1 0 0 0 
507 -4.9 -4.9 -0.1 -4.9 -4.9 -0.1 0 0 0 
508 4.9 -4.9 -0.1 4.9 -4.9 -0.1 0 0 0 
509 4.9 -4.9 0.1 4.9 -4.9 0.1 0 0 0 
510 4.9 -4.9 0.1 4.9 -4.9 0.1 0 0 0 
511 4.9 -4.9 -0.1 4.9 -4.9 -0.1 0 0 0 
512 4.9 -4.9 0.1 4.9 -4.9 0.1 0 0 0 
513 -4.9 -4.9 -0.1 -4.9 -4.9 -0.1 0 0 0 
514 4.9 -4.9 -0.1 4.9 -4.9 -0.1 0 0 0 
515 0.175095 0.450551 -0.056566 0.175095 0.450551 -0.056566 -8.18945 -16.9883 -0.88134 
516 4.9 -4.9 0.1 4.9 -4.9 0.1 0 0 0 
517 4.9 -4.9 0.1 4.9 -4.9 0.1 0 0 0 
518 4.9 -4.9 -0.1 4.9 -4.9 -0.1 0 0 0 
519 -4.9 -4.9 -0.1 -4.9 -4.9 -0.1 0 0 0 
520 -4.9 -4.9 0.1 -4.9 -4.9 0.1 0 0 0 
521 4.9 4.9 -0.1 4.9 4.9 -0.1 0 0 0 
522 4.9 -4.9 0.1 4.9 -4.9 0.1 0 0 0 
523 4.9 4.9 -0.1 4.9 4.9 -0.1 256.288 2648.3 0 
524 -4.9 -4.9 -0.1 -4.9 -4.9 -0.1 0 0 0 
525 1.02243 -0.415129 0.1 1.02243 -0.415129 0.1 12.0796 -50.8577 0 
526 4.9 -2.77875 -0.1 4.9 -2.77875 -0.1 0 212.092 0 
527 -4.9 -4.9 -0.1 -4.9 -4.9 -0.1 0 0 0 
528 4.9 -4.9 0.1 4.9 -4.9 0.1 0 0 0 
529 4.9 -4.9 0.1 4.9 -4.9 0.1 0 0 0 
530 -0.0369218 0.858862 0.1 -0.0369218 0.858862 0.1 21.9957 3.15257 2.80239 
531 4.9 -4.9 0.1 4.9 -4.9 0.1 0 0 0 
532 -4.9 -4.9 0.1 -4.9 -4.9 0.1 0 0 0 
533 -4.9 -4.9 0.1 -4.9 -4.9 0.1 0 0 0 
534 4.9 -4.9 0.1 4.9 -4.9 0.1 0 0 0 
535 -3.73208 -4.9 0.1 -3.73208 -4.9 0.1 -173.43 0 0 
536 4.9 -4.9 -0.1 4.9 -4.9 -0.1 0 0 0 
537 4.9 -4.9 -0.1 4.9 -4.9 -0.1 0 -307.389 0 
538 4.9 -4.9 0.1 4.9 -4.9 0.1 0 0 0 
539 -4.9 4.89967 0.1 -4.9 4.89967 0.1 0 -0.0653333 0 
540 4.9 -4.9 0.1 4.9 -4.9 0.1 0 0 0 
541 4.9 -4.9 -0.1 4.9 -4.9 -0.1 0 0 0 
542 2.52823 -1.90137 0.1 2.52823 -1.90137 0.1 162.171 -96.2565 0 
543 -4.9 -4.9 0.1 -4.9 -4.9 0.1 0 0 0 
544 -4.9 -4.9 0.1 -4.9 -4.9 0.1 0 0 0 
545 -4.9 -4.9 -0.1 -4.9 -4.9 -0.1 0 0 0 
546 4.9 -4.9 -0.1 4.9 -4.9 -0.1 0 0 0 
547 -4.9 -4.9 0.1 -4.9 -4.9 0.1 0 0 0 
548 4.9 -4.9 0.1 4.9 -4.9 0.1 0 0 0 
549 4.9 -4.9 0.1 4.9 -4.9 0.1 0 0 0 
550 -4.9 4.9 -0.1 -4.9 4.9 -0.1 0 0 0 
551 4.9 -4.9 0.1 4.9 -4.9 0.1 0 0 0 
552 -4.9 -4.9 0.1 -4.9 -4.9 0.1 0 0 0 
553 4.9 -4.9 0.1 4.9 -4.9 0.1 0 0 0 
554 -4.9 -4.9 0.1 -4.9 -4.9 0.1 0 0 0 
555 4.9 -4.9 -0.1 4.9 -4.9 -0.1 2428.78 0 0 
556 -4.9 -4.9 -0.1 -4.9 -4.9 -0.1 0 0 0 
557 -0.333305 -3.39972 0.1 -0.333305 -3.39972 0.1 -50.8771 -137.808 0 
558 -4.9 -4.9 -0.1 -4.9 -4.9 -0.1 0 0 0 
559 -4.9 -4.9 0.1 -4.9 -4.9 0.1 -2940 -2940 0 
560 4.9 -4.9 0.1 4.9 -4.9 0.1 0 0 0 
561 0.85189 4.9 -0.1 0.85189 4.9 -0.1 6.10948 0 0 
562 -4.9 -4.9 0.1 -4.9 -4.9 0.1 0 0 0 
563 4.9 -4.9 0.1 4.9 -4.9 0.1 0 0 0 
564 4.9 -4.9 0.1 4.9 -4.9 0.1 0 0 0 
565 4.9 -4.9 0.1 4.9 -4.9 0.1 0 0 0 
566 -4.9 -4.9 0.1 -4.9 -4.9 0.1 -2940 -2940 0 
567 -4.9 -4.9 -0.1 -4.9 -4.9 -0.1 0 0 0 
568 4.9 4.55307 -0.1 4.9 4.55307 -0.1 249.408 -103.98 0 
569 4.9 1.86594 0.1 4.9 1.86594 0.1 0 127.001 0 
570 4.9 -4.9 0.1 4.9 -4.9 0.1 0 0 0 
571 4.9 -4.9 0.1 4.9 -4.9 0.1 0 0 0 
572 -2.68958 4.31678 0.1 -2.68958 4.31678 0.1 -95.0055 220.787 0 
573 -4.9 -4.9 0.1 -4.9 -4.9 0.1 0 0 0 
574 -4.9 -4.9 0.1 -4.9 -4.9 0.1 0 0 0 
575 -4.9 -4.9 -0.1 -4.9 -4.9 -0.1 0 0 0 
576 -4.9 4.9 -0.1 -4.9 4.9 -0.1 0 0 0 
577 -4.9 -4.9 0.1 -4.9 -4.9 0.1 0 0 0 
578 4.9 -4.9 0.1 4.9 -4.9 0.1 0 0 0 
579 4.9 -4.9 -0.1 4.9 -4.9 -0.1 0 -2939.97 0 
580 4.9 -4.9 -0.1 4.9 -4.9 -0.1 0 0 0 
581 4.9 -4.9 0.1 4.9 -4.9 0.1 0 0 0 
582 -4.9 -4.9 -0.1 -4.9 -4.9 -0.1 0 0 0 
583 4.9 -4.9 0.1 4.9 -4.9 0.1 0 0 0 
584 -4.9 -4.9 -0.1 -4.9 -4.9 -0.1 0 0 0 
585 -4.9 -3.36176 -0.1 -4.9 -3.36176 -0.1 0 -188.488 0 
586 -4.9 -4.9 -0.1 -4.9 -4.9 -0.1 0 0 0 
587 -4.9 -4.9 -0.1 -4.9 -4.9 -0.1 -256.462 0 0 
588 -4.9 -4.9 0.1 -4.9 -4.9 0.1 0 0 0 
589 4.9 -4.9 -0.1 4.9 -4.9 -0.1 0 0 0 
590 -4.9 -4.9 -0.1 -4.9 -4.9 -0.1 0 0 0 
591 -4.9 -4.9 0.1 -4.9 -4.9 0.1 0 0 0 
592 4.9 -4.9 -0.1 4.9 -4.9 -0.1 0 0 0 
593 4.9 -0.888254 -0.1 4.9 -0.888254 -0.1 0 -59.1236 0 
594 -4.9 -4.9 0.1 -4.9 -4.9 0.1 0 0 0 
595 -4.9 -4.9 -0.1 -4.9 -4.9 -0.1 0 0 0 
596 -4.9 -4.9 0.1 -4.9 -4.9 0.1 0 0 0 
597 -4.9 4.89989 -0.1 -4.9 4.89989 -0.1 0 -0.0326667 0 
598 4.9 -4.9 0.1 4.9 -4.9 0.1 0 0 0 
599 4.9 -4.9 -0.1 4.9 -4.9 -0.1 0 0 0 
600 4.9 -4.9 0.1 4.9 -4.9 0.1 0 0 0 
601 -4.9 -4.9 -0.1 -4.9 -4.9 -0.1 0 0 0 
602 4.9 -4.9 0.1 4.9 -4.9 0.1 0 0 0 
603 -4.9 -4.9 -0.1 -4.9 -4.9 -0.1 0 0 0 
604 -4.9 -4.9 -0.1 -4.9 -4.9 -0.1 0 0 0 
605 -4.9 -4.9 -0.1 -4.9 -4.9 -0.1 0 0 0 
606 -4.9 -4.9 -0.1 -4.9 -4.9 -0.1 0 0 0 
607 -4.9 -4.9 -0.1 -4.9 -4.9 -0.1 0 0 0 
608 -4.72358 3.62219 -0.1 -4.72358 3.62219 -0.1 -206.277 147.866 0 
609 4.9 -4.9 0.1 4.9 -4.9 0.1 0 0 0 
610 4.9 -4.9 0.1 4.9 -4.9 0.1 0 0 0 
611 4.9 -4.9 -0.1 4.9 -4.9 -0.1 0 0 0 
612 -0.11024 -4.9 -0.1 -0.11024 -4.9 -0.1 359.232 0 0 
613 4.9 4.89989 -0.1 4.9 4.89989 -0.1 0 -0.0326667 0 
614 -4.9 -4.9 -0.1 -4.9 -4.9 -0.1 0 0 0 
615 4.9 -4.9 -0.1 4.9 -4.9 -0.1 0 0 0 
616 -4.9 -4.9 -0.1 -4.9 -4.9 -0.1 0 0 0 
617 -4.9 -4.9 0.1 -4.9 -4.9 0.1 0 0 0 
618 4.9 -4.9 0.1 4.9 -4.9 0.1 0 0 0 
619 -4.9 -4.9 0.1 -4.9 -4.9 0.1 0 -2939.97 0 
620 -4.9 -4.9 -0.1 -4.9 -4.9 -0.1 0 0 0 
621 4.9 -4.9 -0.1 4.9 -4.9 -0.1 0 0 0 
622 0.267268 0.815529 0.0425609 0.267268 0.815529 0.0425609 0 -0.196 0 
623 -4.9 -4.9 -0.1 -4.9 -4.9 -0.1 0 0 0 
624 3.90103 4.9 0.1 3.90103 4.9 0.1 199.298 0 0 
625 -4.9 -4.9 0.1 -4.9 -4.9 0.1 0 0 0 
626 0.229261 1.45583 0.00352569 0.229261 1.45583 0.00352569 -7.55141 29.0305 1.90045 
627 2.60381 -4.9 -0.1 2.60381 -4.9 -0.1 86.9703 0 0 
628 -4.9 -4.9 0.1 -4.9 -4.9 0.1 0 0 0 
629 4.9 -4.9 -0.1 4.9 -4.9 -0.1 0 -2939.97 0 
630 4.9 -4.9 0.1 4.9 -4.9 0.1 0 0 0 
631 4.9 -4.9 -0.1 4.9 -4.9 -0.1 196.419 0 0 
632 -4.9 -4.9 -0.1 -4.9 -4.9 -0.1 0 0 0 
633 -4.9 -4.9 0.1 -4.9 -4.9 0.1 0 0 0 
634 4.9 -4.9 -0.1 4.9 -4.9 -0.1 0 -2939.97 0 
635 -4.9 3.46504 0.1 -4.9 3.46504 0.1 0 -215.261 0 
636 0.595728 1.03334 -0.1 0.595728 1.03334 -0.1 0.861584 6.82905 0 
637 -4.9 -4.9 0.1 -4.9 -4.9 0.1 -1198.8 -117.402 0 
638 -4.9 -4.9 0.1 -4.9 -4.9 0.1 0 0 0 
639 4.9 -4.9 0.1 4.9 -4.9 0.1 0 0 0 
640 4.9 4.9 -0.1 4.9 4.9 -0.1 0 0.0326667 0 
641 4.9 -4.9 0.1 4.9 -4.9 0.1 0 0 0 
642 4.9 -4.9 -0.1 4.9 -4.9 -0.1 0 0 0 
643 4.9 -4.9 -0.1 4.9 -4.9 -0.1 0 0 0 
644 -4.9 -4.9 -0.1 -4.9 -4.9 -0.1 0 0 0 
645 4.9 -4.9 -0.1 4.9 -4.9 -0.1 0 0 0 
646 -4.9 -4.9 0.1 -4.9 -4.9 0.1 0 0 0 
647 -4.9 4.89989 -0.1 -4.9 4.89989 -0.1 0 -0.0326667 0 
648 -4.9 -4.9 -0.1 -4.9 -4.9 -0.1 0 0 0 
649 4.9 -4.9 0.1 4.9 -4.9 0.1 0 0 0 
650 4.9 -4.9 -0.1 4.9 -4.9 -0.1 0 0 0 
651 3.03343 4.89967 0.1 3.03343 4.89967 0.1 163.827 -0.0653333 0 
652 -4.9 -4.9 0.1 -4.9 -4.9 0.1 0 -711.411 0 
653 -4.9 -4.9 -0.1 -4.9 -4.9 -0.1 0 0 0 
654 -4.9 4.89989 -0.1 -4.9 4.89989 -0.1 0 -0.0326667 0 
655 -4.9 -4.9 -0.1 -4.9 -4.9 -0.1 0 0 0 
656 4.9 -4.9 -0.1 4.9 -4.9 -0.1 0 0 0 
657 4.9 4.89989 0.1 4.9 4.89989 0.1 0 -0.0326667 0 
658 4.9 -4.9 0.1 4.9 -4.9 0.1 0 0 0 
659 -1.53966 -2.01859 0.1 -1.53966 -2.01859 0.1 -109.302 -51.3647 0.202102 
660 -4.9 4.9 0.1 -4.9 4.9 0.1 0 0 0 
661 4.67489 4.9 0.1 4.67489 4.9 0.1 235.448 186.953 0 
662 4.9 -4.9 -0.1 4.9 -4.9 -0.1 0 0 0 
663 -4.9 4.9 0.1 -4.9 4.9 0.1 0 74.9581 0 
664 4.9 -4.9 0.1 4.9 -4.9 0.1 0 0 0 
665 4.9 -4.9 -0.1 4.9 -4.9 -0.1 0 0 0 
666 4.9 -4.9 0.1 4.9 -4.9 0.1 0 0 0 
667 -4.9 4.89989 -0.1 -4.9 4.89989 -0.1 0 -0.0326667 0 
668 4.9 -4.9 -0.1 4.9 -4.9 -0.1 0 0 0 
669 -4.9 -4.9 -0.1 -4.9 -4.9 -0.1 0 0 0 
670 -4.9 4.9 -0.1 -4.9 4.9 -0.1 -999.47 0 0 
671 -4.9 -4.9 -0.1 -4.9 -4.9 -0.1 0 0 0 
672 4.9 4.9 -0.1 4.9 4.9 -0.1 0 0 0 
673 2.44571 4.89967 -0.1 2.44571 4.89967 -0.1 147.031 -0.0653333 0 
674 -4.9 -4.9 0.1 -4.9 -4.9 0.1 0 0 0 
675 4.9 4.9 -0.1 4.9 4.9 -0.1 0 0 0 
676 -4.9 -4.9 -0.1 -4.9 -4.9 -0.1 0 0 0 
677 -4.9 -4.9 -0.1 -4.9 -4.9 -0.1 0 0 0 
678 -4.9 -4.9 -0.1 -4.9 -4.9 -0.1 0 0 0 
679 4.9 -4.9 -0.1 4.9 -4.9 -0.1 0 0 0 
680 4.9 -4.9 0.1 4.9 -4.9 0.1 0 0 0 
681 4.9 4.9 0.1 4.9 4.9 0.1 0 0 0 
682 -4.9 -4.9 0.1 -4.9 -4.9 0.1 0 0 0 
683 -4.9 -4.9 0.1 -4.9 -4.9 0.1 0 0 0 
684 -4.9 4.89989 -0.1 -4.9 4.89989 -0.1 0 -0.0326667 0 
685 -4.9 -4.9 0.1 -4.9 -4.9 0.1 0 0 0 
686 -4.9 -4.9 -0.1 -4.9 -4.9 -0.1 0 0 0 
687 2.65225 4.89967 0.1 2.65225 4.89967 0.1 141.849 -0.0653333 0 
688 -4.9 -4.9 -0.1 -4.9 -4.9 -0.1 0 0 0 
689 4.9 -4.9 0.1 4.9 -4.9 0.1 0 0 0 
690 -4.9 4.89967 0.1 -4.9 4.89967 0.1 0 -0.0653333 0 
691 4.9 -4.9 0.1 4.9 -4.9 0.1 0 0 0 
692 -4.9 4.9 0.1 -4.9 4.9 0.1 0 0 0 
693 -4.9 -4.9 0.1 -4.9 -4.9 0.1 0 0 0 
694 4.9 -4.9 0.1 4.9 -4.9 0.1 0 0 0 
695 4.9 4.71041 -0.1 4.9 4.71041 -0.1 0 1338.14 0 
696 4.9 -4.9 -0.1 4.9 -4.9 -0.1 0 0 0 
697 4.9 -4.9 0.1 4.9 -4.9 0.1 0 0 0 
698 -4.9 4.9 0.1 -4.9 4.9 0.1 0 0 0 
699 -4.9 -4.9 -0.1 -4.9 -4.9 -0.1 0 0 0 
700 4.9 -4.9 -0.1 4.9 -4.9 -0.1 0 0 0 
701 -4.9 -4.9 -0.1 -4.9 -4.9 -0.1 0 0 0 
702 -4.9 -4.9 0.1 -4.9 -4.9 0.1 0 0 0 
703 4.9 -4.9 0.1 4.9 -4.9 0.1 0 0 0 
704 4.9 -4.9 0.1 4.9 -4.9 0.1 0 0 0 
705 4.9 -4.9 0.1 4.9 -4.9 0.1 0 0 0 
706 4.9 -4.9 0.1 4.9 -4.9 0.1 0 0 0 
707 4.9 -4.9 -0.1 4.9 -4.9 -0.1 0 0 0 
708 -4.9 -4.9 0.1 -4.9 -4.9 0.1 0 0 0 
709 4.9 -4.9 0.1 4.9 -4.9 0.1 0 0 0 
710 4.9 -4.9 0.1 4.9 -4.9 0.1 0 0 0 
711 4.9 -4.9 -0.1 4.9 -4.9 -0.1 0 0 0 
712 4.9 2.67207 0.1 4.9 2.67207 0.1 180.767 -668.184 0 
713 4.9 -4.9 0.1 4.9 -4.9 0.1 0 0 0 
714 -4.9 -4.9 0.1 -4.9 -4.9 0.1 0 0 0 
715 4.9 -4.9 -0.1 4.9 -4.9 -0.1 0 0 0 
716 -4.9 -4.9 -0.1 -4.9 -4.9 -0.1 0 0 0 
717 4.9 -4.9 -0.1 4.9 -4.9 -0.1 0 0 0 
718 -3.51422 -3.8436 0.1 -3.51422 -3.8436 0.1 -180.002 -180.243 0 
719 -4.9 -4.9 0.1 -4.9 -4.9 0.1 0 0 0 
720 4.48031 -4.9 0.1 4.48031 -4.9 0.1 703.523 0 0 
721 4.9 -4.9 -0.1 4.9 -4.9 -0.1 0 0 0 
722 4.9 -4.9 0.1 4.9 -4.9 0.1 0 0 0 
723 4.9 -4.9 0.1 4.9 -4.9 0.1 0 0 0 
724 4.9 4.9 -0.1 4.9 4.9 -0.1 0 0 0 
725 -4.9 -4.9 0.1 -4.9 -4.9 0.1 0 0 0 
726 -4.9 -4.9 -0.1 -4.9 -4.9 -0.1 0 0 0 
727 2.12502 -3.59275 -0.1 2.12502 -3.59275 -0.1 8.66818 -4.35975 0 
728 -4.9 -4.9 0.1 -4.9 -4.9 0.1 0 0 0 
729 -4.9 -4.9 -0.1 -4.9 -4.9 -0.1 0 0 0 
730 -4.9 -4.9 0.1 -4.9 -4.9 0.1 0 0 0 
731 -4.9 4.9 0.1 -4.9 4.9 0.1 0 0 0 
732 -4.9 -4.9 -0.1 -4.9 -4.9 -0.1 0 0 0 
733 -4.22252 -3.82503 0.1 -4.22252 -3.82503 0.1 -188.378 -189.333 0 
734 -4.9 -4.9 0.1 -4.9 -4.9 0.1 0 0 0 
735 4.9 4.9 -0.1 4.9 4.9 -0.1 0 0 0 
736 -4.9 -4.9 0.1 -4.9 -4.9 0.1 0 0 0 
737 4.9 -4.9 0.1 4.9 -4.9 0.1 0 0 0 
738 -4.9 -4.9 -0.1 -4.9 -4.9 -0.1 0 0 0 
739 4.9 -4.9 -0.1 4.9 -4.9 -0.1 0 0 0 
740 -4.9 -4.9 0.1 -4.9 -4.9 0.1 0 0 0 
741 -4.9 4.89967 0.1 -4.9 4.89967 0.1 0 -0.0653333 0 
742 4.9 -4.9 0.1 4.9 -4.9 0.1 0 0 0 
743 -4.9 -4.9 0.1 -4.9 -4.9 0.1 0 0 0 
744 -4.9 -4.9 0.1 -4.9 -4.9 0.1 0 0 0 
745 4.9 -4.9 0.1 4.9 -4.9 0.1 0 0 0 
746 0.0479662 4.89891 -0.1 0.0479662 4.89891 -0.1 -30.316 -0.130667 0 
747 4.9 -4.9 0.1 4.9 -4.9 0.1 0 0 0 
748 4.9 -4.9 0.1 4.9 -4.9 0.1 0 0 0 
749 4.9 4.9 -0.1 4.9 4.9 -0.1 0 0 0 
750 -1.69595 3.53009 0.1 -1.69595 3.53009 0.1 -104.232 126.964 0 
751 4.9 -4.9 0.1 4.9 -4.9 0.1 0 0 0 
752 -0.777382 0.928823 0.0935733 -0.777382 0.928823 0.0935733 -10.752 4.7027 2.23707 
753 -3.86331 -4.9 -0.1 -3.86331 -4.9 -0.1 -149.271 -153.052 0 
754 -4.9 -4.9 0.1 -4.9 -4.9 0.1 0 0 0 
755 -4.9 -4.9 0.1 -4.9 -4.9 0.1 0 0 0 
756 4.9 -4.9 -0.1 4.9 -4.9 -0.1 0 0 0 
757 4.9 -4.9 0.1 4.9 -4.9 0.1 0 0 0 
758 4.9 -4.9 -0.1 4.9 -4.9 -0.1 0 0 0 
759 4.9 -4.9 -0.1 4.9 -4.9 -0.1 0 0 0 
760 4.9 -4.9 -0.1 4.9 -4.9 -0.1 0 0 0 
761 4.9 -4.9 -0.1 4.9 -4.9 -0.1 0 0 0 
762 -4.9 4.9 0.1 -4.9 4.9 0.1 0 0 0 
763 4.9 -4.9 -0.1 4.9 -4.9 -0.1 0 0 0 
764 -4.9 -4.9 -0.1 -4.9 -4.9 -0.1 0 0 0 
765 -4.9 4.89989 -0.1 -4.9 4.89989 -0.1 0 -0.0326667 0 
766 4.9 4.9 -0.1 4.9 4.9 -0.1 0 170.525 0 
767 -4.9 -0.950501 -0.1 -4.9 -0.950501 -0.1 0 -253.324 0 
768 -4.9 -4.9 0.1 -4.9 -4.9 0.1 0 0 0 
769 -4.9 4.89967 0.1 -4.9 4.89967 0.1 0 -0.0653333 0 
770 -4.9 -4.9 0.1 -4.9 -4.9 0.1 0 0 0 
771 -4.9 -4.9 0.1 -4.9 -4.9 0.1 0 0 0 
772 4.9 -4.9 0.1 4.9 -4.9 0.1 0 0 0 
773 -4.9 -4.9 -0.1 -4.9 -4.9 -0.1 0 0 0 
774 4.9 -4.9 -0.1 4.9 -4.9 -0.1 0 0 0 
775 4.9 0.625208 -0.1 4.9 0.625208 -0.1 0 -104.897 0 
776 4.9 -4.9 0.1 4.9 -4.9 0.1 0 0 0 
777 -4.9 -4.9 -0.1 -4.9 -4.9 -0.1 0 0 0 
778 -4.9 -4.9 0.1 -4.9 -4.9 0.1 -2940 -2940 0 
779 -4.9 4.9 0.1 -4.9 4.9 0.1 0 0 0 
780 4.9 -4.9 0.1 4.9 -4.9 0.1 0 0 0 
781 4.9 -4.9 0.1 4.9 -4.9 0.1 0 0 0 
782 -4.9 -4.9 0.1 -4.9 -4.9 0.1 0 0 0 
783 4.9 -4.9 -0.1 4.9 -4.9 -0.1 0 0 0 
784 -4.9 -4.9 -0.1 -4.9 -4.9 -0.1 0 0 0 
785 4.9 -4.9 -0.1 4.9 -4.9 -0.1 0 0 0 
786 -4.9 -4.9 -0.1 -4.9 -4.9 -0.1 0 0 0 
787 -4.9 -4.9 -0.1 -4.9 -4.9 -0.1 0 0 0 
788 4.9 -4.9 -0.1 4.9 -4.9 -0.1 0 -2939.97 0 
789 4.9 -4.9 0.1 4.9 -4.9 0.1 0 0 0 
790 -4.9 -4.9 -0.1 -4.9 -4.9 -0.1 0 0 0 
791 -4.9 4.9 -0.1 -4.9 4.9 -0.1 0 0 0 
792 4.9 -4.9 0.1 4.9 -4.9 0.1 0 0 0 
793 -4.9 -4.9 -0.1 -4.9 -4.9 -0.1 0 0 0 
794 4.9 -4.9 -0.1 4.9 -4.9 -0.1 0 0 0 
795 -4.9 -4.9 0.1 -4.9 -4.9 0.1 0 0 0 
796 4.9 4.9 0.1 4.9 4.9 0.1 0 0 0 
797 -4.9 -4.9 -0.1 -4.9 -4.9 -0.1 0 0 0 
798 1.38329 4.9 0.1 1.38329 4.9 0.1 -1055.01 198.908 0 
799 -4.9 -4.9 0.1 -4.9 -4.9 0.1 0 0 0 
800 4.9 -4.9 0.1 4.9 -4.9 0.1 0 0 0 
801 4.9 -4.9 0.1 4.9 -4.9 0.1 0 0 0 
802 -4.9 -4.9 0.1 -4.9 -4.9 0.1 0 0 0 
803 -4.9 -4.9 -0.1 -4.9 -4.9 -0.1 0 0 0 
804 4.9 -4.9 -0.1 4.9 -4.9 -0.1 0 0 0 
805 4.9 -4.9 -0.1 4.9 -4.9 -0.1 0 0 0 
806 4.9 -4.9 0.1 4.9 -4.9 0.1 0 0 0 
807 -4.9 -4.9 -0.1 -4.9 -4.9 -0.1 0 0 0 
808 4.9 -4.9 -0.1 4.9 -4.9 -0.1 0 0 0 
809 -4.9 -4.9 0.1 -4.9 -4.9 0.1 0 0 0 
810 4.9 -4.9 0.1 4.9 -4.9 0.1 0 0 0 
811 -4.9 -4.9 -0.1 -4.9 -4.9 -0.1 0 0 0 
812 4.9 -4.9 -0.1 4.9 -4.9 -0.1 0 0 0 
813 4.9 4.89989 0.1 4.9 4.89989 0.1 0 -0.0326667 0 
814 -4.9 -4.9 -0.1 -4.9 -4.9 -0.1 0 0 0 
815 4.9 4.9 -0.1 4.9 4.9 -0.1 0 0 0 
816 -4.9 -4.9 -0.1 -4.9 -4.9 -0.1 0 0 0 
817 1.40342 -4.9 -0.1 1.40342 -4.9 -0.1 72.6082 0 0 
818 -4.9 -4.9 -0.1 -4.9 -4.9 -0.1 0 0 0 
819 4.9 -4.9 0.1 4.9 -4.9 0.1 0 0 0 
820 4.9 -4.9 0.1 4.9 -4.9 0.1 0 0 0 
821 4.9 -4.9 0.1 4.9 -4.9 0.1 0 0 0 
822 -4.9 0.755164 -0.1 -4.9 0.755164 -0.1 0 -310.912 0 
823 -4.9 -4.9 -0.1 -4.9 -4.9 -0.1 0 0 0 
824 -4.9 -4.9 -0.1 -4.9 -4.9 -0.1 0 0 0 
825 -4.9 -4.9 -0.1 -4.9 -4.9 -0.1 0 0 0 
826 4.9 -4.9 0.1 4.9 -4.9 0.1 0 0 0 
827 -4.9 -4.9 -0.1 -4.9 -4.9 -0.1 0 0 0 
828 -4.9 -4.9 -0.1 -4.9 -4.9 -0.1 0 0 0 
829 4.9 -4.9 0.1 4.9 -4.9 0.1 0 0 0 
830 4.9 -4.9 -0.1 4.9 -4.9 -0.1 0 0 0 
831 0.45853 -4.9 0.1 0.45853 -4.9 0.1 -42.1639 0 0 
832 4.9 -4.9 0.1 4.9 -4.9 0.1 0 0 0 
833 -4.9 -4.9 -0.1 -4.9 -4.9 -0.1 0 -2940 0 
834 -4.9 -4.9 -0.1 -4.9 -4.9 -0.1 0 0 0 
835 4.9 -4.9 0.1 4.9 -4.9 0.1 0 0 0 
836 -4.9 -4.9 0.1 -4.9 -4.9 0.1 0 0 0 
837 4.9 -4.9 0.1 4.9 -4.9 0.1 0 0 0 
838 -4.9 -4.9 -0.1 -4.9 -4.9 -0.1 0 0 0 
839 4.9 -4.9 0.1 4.9 -4.9 0.1 0 0 0 
840 -4.9 -4.9 -0.1 -4.9 -4.9 -0.1 0 0 0 
841 4.9 -4.9 -0.1 4.9 -4.9 -0.1 0 0 0 
842 -4.9 -4.9 0.1 -4.9 -4.9 0.1 0 0 0 
843 -4.9 -4.9 0.1 -4.9 -4.9 0.1 0 0 0 
844 4.9 -4.9 0.1 4.9 -4.9 0.1 0 0 0 
845 4.9 -4.9 0.1 4.9 -4.9 0.1 0 0 0 
846 4.9 -4.9 0.1 4.9 -4.9 0.1 0 0 0 
847 -4.9 -4.9 0.1 -4.9 -4.9 0.1 0 0 0 
848 -4.9 -4.9 0.1 -4.9 -4.9 0.1 0 0 0 
849 4.9 -4.9 0.1 4.9 -4.9 0.1 0 0 0 
850 1.16168 -0.524907 -0.1 1.16168 -0.524907 -0.1 96.3614 -44.7675 0 
851 -4.9 -4.9 0.1 -4.9 -4.9 0.1 0 0 0 
852 4.9 -4.9 0.1 4.9 -4.9 0.1 0 0 0 
853 4.9 -4.9 -0.1 4.9 -4.9 -0.1 0 0 0 
854 4.9 -4.9 0.1 4.9 -4.9 0.1 0 0 0 
855 4.9 -4.9 0.1 4.9 -4.9 0.1 0 0 0 
856 -4.9 -4.9 0.1 -4.9 -4.9 0.1 -2940 -2940 0 
857 4.9 -4.9 0.1 4.9 -4.9 0.1 0 0 0 
858 4.9 -4.9 -0.1 4.9 -4.9 -0.1 0 0 0 
859 -4.9 -4.9 0.1 -4.9 -4.9 0.1 0 0 0 
860 4.9 4.53842 -0.1 4.9 4.53842 -0.1 0 -54.254 0 
861 4.9 -4.9 0.1 4.9 -4.9 0.1 0 0 0 
862 -4.9 -4.9 0.1 -4.9 -4.9 0.1 0 0 0 
863 -4.9 -4.9 -0.1 -4.9 -4.9 -0.1 0 0 0 
864 4.9 -4.9 -0.1 4.9 -4.9 -0.1 0 0 0 
865 4.9 4.9 -0.1 4.9 4.9 -0.1 0 0 0 
866 4.9 -4.9 -0.1 4.9 -4.9 -0.1 0 0 0 
867 -4.9 4.89989 0.1 -4.9 4.89989 0.1 0 -0.0326667 0 
868 0.365099 -4.9 -0.1 0.365099 -4.9 -0.1 -8.88247 -175.475 0 
869 -4.9 -4.9 0.1 -4.9 -4.9 0.1 0 0 0 
870 4.9 -4.9 -0.1 4.9 -4.9 -0.1 0 0 0 
871 -4.9 4.89967 0.1 -4.9 4.89967 0.1 0 -0.0653333 0 
872 4.9 -4.9 -0.1 4.9 -4.9 -0.1 0 0 0 
873 4.9 -4.9 -0.1 4.9 -4.9 -0.1 0 0 0 
874 4.9 -4.9 -0.1 4.9 -4.9 -0.1 0 0 0 
875 -2.90561 4.89891 0.1 -2.90561 4.89891 0.1 -86.4295 -0.130667 0 
876 -1.87681 4.89967 0.1 -1.87681 4.89967 0.1 -76.4106 -0.0653333 0 
877 -4.9 -4.9 -0.1 -4.9 -4.9 -0.1 0 0 0 
878 4.9 -4.9 -0.1 4.9 -4.9 -0.1 0 0 0 
879 4.9 -4.9 -0.1 4.9 -4.9 -0.1 0 0 0 
880 4.9 4.89989 -0.1 4.9 4.89989 -0.1 0 -0.0326667 0 
881 -3.69634 -4.9 -0.1 -3.69634 -4.9 -0.1 -644.725 0 0 
882 -4.9 -4.9 0.1 -4.9 -4.9 0.1 0 0 0 
883 -4.9 -4.9 0.1 -4.9 -4.9 0.1 0 0 0 
884 -4.9 -4.9 0.1 -4.9 -4.9 0.1 0 0 0 
885 -4.9 -4.9 -0.1 -4.9 -4.9 -0.1 0 0 0 
886 -4.9 -4.9 0.1 -4.9 -4.9 0.1 0 0 0 
887 4.9 -4.9 -0.1 4.9 -4.9 -0.1 0 -2939.97 0 
888 4.9 -4.9 -0.1 4.9 -4.9 -0.1 0 0 0 
889 -4.9 -4.9 0.1 -4.9 -4.9 0.1 0 0 0 
890 4.9 4.9 -0.1 4.9 4.9 -0.1 0 0 0 
891 4.9 -4.9 -0.1 4.9 -4.9 -0.1 0 0 0 
892 -4.9 -4.9 -0.1 -4.9 -4.9 -0.1 0 0 0 
893 -4.9 -4.9 0.1 -4.9 -4.9 0.1 0 0 0 
894 4.9 -4.9 0.1 4.9 -4.9 0.1 0 0 0 
895 -4.9 -4.9 0.1 -4.9 -4.9 0.1 0 0 0 
896 4.00012 -4.9 0.1 4.00012 -4.9 0.1 356.894 0 0 
897 -4.9 -4.9 -0.1 -4.9 -4.9 -0.1 0 0 0 
898 -4.9 -4.9 0.1 -4.9 -4.9 0.1 0 0 0 
899 -4.9 4.89989 -0.1 -4.9 4.89989 -0.1 0 -0.0326667 0 
900 -0.00400699 4.9 0.1 -0.00400699 4.9 0.1 -14.7543 194.488 0 
901 4.9 -4.9 0.1 4.9 -4.9 0.1 0 0 0 
902 -4.9 4.02543 0.1 -4.9 4.02543 0.1 0 212.221 0 
903 4.9 -4.9 0.1 4.9 -4.9 0.1 0 0 0 
904 4.9 -4.9 -0.1 4.9 -4.9 -0.1 0 0 0 
905 4.9 -4.9 -0.1 4.9 -4.9 -0.1 0 0 0 
906 -0.918499 0.248529 0.1 -0.918499 0.248529 0.1 -19.9283 58.6297 0 
907 -4.9 4.89989 -0.1 -4.9 4.89989 -0.1 0 -0.0326667 0 
908 -4.9 -4.9 -0.1 -4.9 -4.9 -0.1 0 -2940 0 
909 4.9 -0.612274 -0.1 4.9 -0.612274 -0.1 0 -58.6816 0 
910 4.9 -4.9 -0.1 4.9 -4.9 -0.1 0 0 0 
911 4.9 -4.9 0.1 4.9 -4.9 0.1 0 0 0 
912 0.496766 -1.169 -0.1 0.496766 -1.169 -0.1 -16.1124 -24.681 0 
913 -4.9 4.9 -0.1 -4.9 4.9 -0.1 -2940 0 0 
914 -4.9 -4.9 0.1 -4.9 -4.9 0.1 0 0 0 
915 4.9 -4.9 -0.1 4.9 -4.9 -0.1 0 0 0 
916 4.9 -4.9 -0.1 4.9 -4.9 -0.1 0 0 0 
917 4.9 -4.9 0.1 4.9 -4.9 0.1 0 0 0 
918 4.9 4.9 0.1 4.9 4.9 0.1 0 0 0 
919 -4.9 -4.9 -0.1 -4.9 -4.9 -0.1 0 -2940 0 
920 -4.9 4.9 0.1 -4.9 4.9 0.1 0 0 0 
921 -4.9 -4.9 0.1 -4.9 -4.9 0.1 -2940 -2940 0 
922 -3.76762 4.89935 0.1 -3.76762 4.89935 0.1 -866.762 -0.098 0 
923 -4.9 3.82792 0.1 -4.9 3.82792 0.1 0 -160.828 0 
924 4.9 -4.9 0.1 4.9 -4.9 0.1 0 0 0 
925 4.9 -4.9 0.1 4.9 -4.9 0.1 0 0 0 
926 4.38388 -2.65364 -0.1 4.38388 -2.65364 -0.1 211.732 -168.019 0 
927 4.9 -4.9 0.1 4.9 -4.9 0.1 0 0 0 
928 4.9 -4.9 0.1 4.9 -4.9 0.1 0 0 0 
929 -4.9 -4.9 -0.1 -4.9 -4.9 -0.1 0 0 0 
930 -4.9 -4.9 0.1 -4.9 -4.9 0.1 0 0 0 
931 4.9 -4.9 0.1 4.9 -4.9 0.1 0 0 0 
932 4.9 -4.9 0.1 4.9 -4.9 0.1 0 0 0 
933 4.9 -4.9 0.1 4.9 -4.9 0.1 0 0 0 
934 4.9 -4.9 -0.1 4.9 -4.9 -0.1 0 0 0 
935 -4.9 -4.9 0.1 -4.9 -4.9 0.1 0 0 0 
936 -4.9 -4.9 -0.1 -4.9 -4.9 -0.1 0 0 0 
937 -4.9 -4.9 0.1 -4.9 -4.9 0.1 0 0 0 
938 -4.9 -4.9 -0.1 -4.9 -4.9 -0.1 0 0 0 
939 -4.9 -4.9 0.1 -4.9 -4.9 0.1 0 0 0 
940 -4.9 -4.9 0.1 -4.9 -4.9 0.1 0 0 0 
941 -4.9 -4.9 0.1 -4.9 -4.9 0.1 0 0 0 
942 4.48697 1.81467 0.1 4.48697 1.81467 0.1 259.424 124.721 0 
943 -4.9 -4.9 -0.1 -4.9 -4.9 -0.1 -175.479 0 0 
944 4.9 -4.9 0.1 4.9 -4.9 0.1 0 0 0 
945 4.74658 -4.9 -0.1 4.74658 -4.9 -0.1 272.438 0 0 
946 -4.9 -4.9 -0.1 -4.9 -4.9 -0.1 0 0 0 
947 -4.9 -4.9 0.1 -4.9 -4.9 0.1 0 0 0 
948 -4.9 -4.9 -0.1 -4.9 -4.9 -0.1 0 0 0 
949 3.08122 4.9 0.1 3.08122 4.9 0.1 170.967 0 0 
950 -4.9 4.89989 -0.1 -4.9 4.89989 -0.1 0 -0.0326667 0 
951 -2.12876 4.76991 -0.1 -2.12876 4.76991 -0.1 -98.877 220.586 0 
952 -4.9 -4.9 -0.1 -4.9 -4.9 -0.1 0 0 0 
953 -4.9 4.89967 0.1 -4.9 4.89967 0.1 0 -0.0653333 0 
954 -4.9 -4.9 0.1 -4.9 -4.9 0.1 0 0 0 
955 4.9 -4.9 -0.1 4.9 -4.9 -0.1 0 0 0 
956 4.9 -4.9 -0.1 4.9 -4.9 -0.1 0 0 0 
957 4.9 -4.9 -0.1 4.9 -4.9 -0.1 0 0 0 
958 4.06185 4.9 0.1 4.06185 4.9 0.1 1521.72 0.0326667 0 
959 -4.9 4.9 0.1 -4.9 4.9 0.1 0 152.1 0 
960 4.9 -4.9 0.1 4.9 -4.9 0.1 0 0 0 
961 4.9 -4.9 0.1 4.9 -4.9 0.1 0 0 0 
962 4.9 2.33462 0.1 4.9 2.33462 0.1 0 7.15843 0 
963 4.9 -4.9 -0.1 4.9 -4.9 -0.1 0 0 0 
964 4.9 -4.9 -0.1 4.9 -4.9 -0.1 0 0 0 
965 4.9 -4.9 -0.1 4.9 -4.9 -0.1 0 0 0 
966 -4.9 -4.9 0.1 -4.9 -4.9 0.1 0 0 0 
967 -4.9 -4.9 -0.1 -4.9 -4.9 -0.1 0 0 0 
968 4.9 -4.9 0.1 4.9 -4.9 0.1 0 0 0 
969 4.9 -3.63733 -0.1 4.9 -3.63733 -0.1 0 -199.51 0 
970 -3.89139 2.41649 -0.1 -3.89139 2.41649 -0.1 -208.263 158.917 0 
971 -4.9 -4.9 -0.1 -4.9 -4.9 -0.1 0 0 0 
972 4.9 -4.9 0.1 4.9 -4.9 0.1 0 0 0 
973 4.9 -4.9 0.1 4.9 -4.9 0.1 0 0 0 
974 -4.9 -4.17747 -0.1 -4.9 -4.17747 -0.1 -197.31 -203.15 0 
975 4.9 -4.9 -0.1 4.9 -4.9 -0.1 0 0 0 
976 4.9 -4.9 0.1 4.9 -4.9 0.1 0 0 0 
977 4.9 -4.9 0.1 4.9 -4.9 0.1 0 0 0 
978 -4.9 -4.9 0.1 -4.9 -4.9 0.1 0 0 0 
979 -4.9 -2.49078 -0.1 -4.9 -2.49078 -0.1 0 -523.801 0 
980 -1.78718 -2.11944 -0.1 -1.78718 -2.11944 -0.1 -69.5001 -73.2651 0 
981 4.9 -4.9 0.1 4.9 -4.9 0.1 0 0 0 
982 4.9 -4.9 0.1 4.9 -4.9 0.1 0 0 0 
983 -4.9 -4.9 -0.1 -4.9 -4.9 -0.1 0 0 0 
984 -4.9 -4.9 -0.1 -4.9 -4.9 -0.1 0 0 0 
985 -4.9 -4.9 0.1 -4.9 -4.9 0.1 0 0 0 
986 4.9 4.9 -0.1 4.9 4.9 -0.1 0 0 0 
987 4.9 -4.9 -0.1 4.9 -4.9 -0.1 0 0 0 
988 -4.9 -4.9 0.1 -4.9 -4.9 0.1 0 0 0 
989 -4.9 4.9 -0.1 -4.9 4.9 -0.1 0 0 0 
990 0.00711329 -4.9 0.1 0.00711329 -4.9 0.1 -489.289 0 0 
991 1.74637 1.83501 -0.1 1.74637 1.83501 -0.1 47.4451 44.225 0 
992 -1.58278 3.48142 0.1 -1.58278 3.48142 0.1 -72.1632 219.637 0 
993 4.9 -4.9 0.1 4.9 -4.9 0.1 0 0 0 
994 -4.9 -4.9 -0.1 -4.9 -4.9 -0.1 0 0 0 
995 -4.9 -4.9 -0.1 -4.9 -4.9 -0.1 0 0 0 
996 4.9 -4.9 -0.1 4.9 -4.9 -0.1 0 0 0 
997 4.9 4.9 -0.1 4.9 4.9 -0.1 0 0 0 
998 0.855035 0.531755 0.0300228 0.855035 0.531755 0.0300228 0 -0.196 0 
999 -2.06043 4.89891 -0.1 -2.06043 4.89891 -0.1 -101.63 -0.130667 0 
