1000
-5 -5 -0.2 5 5 0.2 
0 0.89544 -0.800004 -0.1 0.89544 -0.800004 -0.1 179.711 -83.2577 0 
1 4.9 4.9 0.1 4.9 4.9 0.1 0 1397.87 0 
2 0.605498 -4.9 0.1 0.605498 -4.9 0.1 105.047 0 0 
3 4.9 4.9 0.1 4.9 4.9 0.1 0 724.579 0 
4 -4.9 -4.9 0.1 -4.9 -4.9 0.1 -1078.18 -479.611 0 
5 4.9 4.9 -0.1 4.9 4.9 -0.1 0 276.121 0 
6 -4.9 4.9 -0.1 -4.9 4.9 -0.1 -2069.4 0 0 
7 4.9 4.9 -0.1 4.9 4.9 -0.1 0 25.3019 0 
8 -2.43212 3.79048 0.1 -2.43212 3.79048 0.1 -235.157 682.663 0 
9 2.97747 -0.227235 -0.1 2.97747 -0.227235 -0.1 417.534 -150.248 0 
10 4.9 -4.9 0.1 4.9 -4.9 0.1 0 0 0 
11 4.9 4.9 0.1 4.9 4.9 0.1 0 712.651 0 
12 -0.129793 4.9 -0.1 -0.129793 4.9 -0.1 -716.328 0 0 
13 -1.01885 2.59858 0.1 -1.01885 2.59858 0.1 -131.229 270.426 0 
14 -4.41562 4.9 -0.1 -4.41562 4.9 -0.1 -753.36 0 0 
15 1.00946 2.49272 -0.1 1.00946 2.49272 -0.1 112.101 473.206 0 
16 -4.9 -4.9 -0.1 -4.9 -4.9 -0.1 -995.31 -619.597 0 
17 4.9 4.9 -0.1 4.9 4.9 -0.1 426.456 0 0 
18 4.9 -0.457807 -0.1 4.9 -0.457807 -0.1 1113.82 -82.9163 0 
19 -4.9 4.9 -0.1 -4.9 4.9 -0.1 -439.509 18.538 0 
20 4.9 -4.9 0.1 4.9 -4.9 0.1 1569.64 -210.332 0 
21 4.9 -0.297372 0.1 4.9 -0.297372 0.1 629.813 -43.0588 0 
22 -4.9 -4.05279 -0.1 -4.9 -4.05279 -0.1 -225.697 -541.452 0 
23 -4.9 4.9 -0.1 -4.9 4.9 -0.1 -1671 0 0 
24 -0.706276 3.38529 0.1 -0.706276 3.38529 0.1 -148.715 446.585 0 
25 4.87564 -4.63084 -0.1 4.87564 -4.63084 -0.1 786.135 -643.756 0 
26 4.9 -4.9 -0.1 4.9 -4.9 -0.1 0 0 0 
27 4.9 -4.9 -0.1 4.9 -4.9 -0.1 0 0 0 
28 4.81469 -4.9 -0.1 4.81469 -4.9 -0.1 1806.6 -501.043 0 
29 -4.16299 -3.20865 -0.1 -4.16299 -3.20865 -0.1 -520.64 -425.301 0 
30 -4.9 4.9 -0.1 -4.9 4.9 -0.1 0 1907.57 0 
31 0.112411 0.408065 -0.1 0.112411 0.408065 -0.1 -112.393 201.34 0 
32 -4.9 4.9 0.1 -4.9 4.9 0.1 0 976.8 0 
33 -4.9 4.9 -0.1 -4.9 4.9 -0.1 -300.525 566.865 0 
34 -4.9 4.9 -0.1 -4.9 4.9 -0.1 -220.25 0 0 
35 0.618616 0.155157 -0.1 0.618616 0.155157 -0.1 61.9496 70.1025 0 
36 -4.9 1.76022 -0.1 -4.9 1.76022 -0.1 -526.371 613.257 0 
37 -4.59135 -0.89313 0.1 -4.59135 -0.89313 0.1 -621.086 -85.1394 0 
38 1.46024 0.906131 -0.1 1.46024 0.906131 -0.1 315.583 88.7166 0 
39 4.9 -4.9 -0.1 4.9 -4.9 -0.1 0 -229.101 0 
40 4.9 4.9 0.1 4.9 4.9 0.1 0 642.508 0 
41 -0.568139 -1.4296 -0.1 -0.568139 -1.4296 -0.1 -117.458 -244.566 0 
42 4.9 4.9 -0.1 4.9 4.9 -0.1 600.446 0 0 
43 4.9 4.9 -0.1 4.9 4.9 -0.1 527.06 0 0 
44 4.9 -4.9 -0.1 4.9 -4.9 -0.1 1366.07 0 0 
45 -4.9 4.9 0.1 -4.9 4.9 0.1 0 790.215 0 
46 4.9 4.9 0.1 4.9 4.9 0.1 1306.04 0 0 
47 4.34341 -4.68161 0.1 4.34341 -4.68161 0.1 628.505 -807.557 0 
48 3.44212 0.228636 -0.1 3.44212 0.228636 -0.1 369.271 -9.41426 -3.61476 
49 4.9 -4.9 -0.1 4.9 -4.9 -0.1 729.432 -171.641 0 
50 4.9 2.74936 -0.1 4.9 2.74936 -0.1 262.618 315.578 0 
51 4.9 4.9 0.1 4.9 4.9 0.1 0 0 0 
52 -4.9 -4.9 -0.1 -4.9 -4.9 -0.1 -231.286 -409.189 0 
53 -0.634016 0.228195 -0.1 -0.634016 0.228195 -0.1 -54.2686 -44.8793 0 
54 -4.9 -4.9 -0.1 -4.9 -4.9 -0.1 0 -1793.1 0 
55 4.9 4.9 -0.1 4.9 4.9 -0.1 428.687 282.294 0 
56 -4.9 4.9 0.1 -4.9 4.9 0.1 -1335.8 0 0 
57 -4.9 1.52445 0.1 -4.9 1.52445 0.1 -565.508 117.395 0 
58 2.81763 -4.9 0.1 2.81763 -4.9 0.1 491.429 -598.629 0 
59 4.9 4.63672 -0.1 4.9 4.63672 -0.1 713.541 710.753 0 
60 4.9 4.9 -0.1 4.9 4.9 -0.1 361.599 0 -9.4161 
61 -4.9 -4.9 0.1 -4.9 -4.9 0.1 -482.091 -590.667 0 
62 -4.47977 -2.89183 -0.1 -4.47977 -2.89183 -0.1 -655.242 -380.864 0 
63 4.9 -4.9 -0.1 4.9 -4.9 -0.1 532.128 0 0 
64 -4.9 -4.9 -0.1 -4.9 -4.9 -0.1 -787.208 -677.973 0 
65 -0.451627 -1.67884 -0.1 -0.451627 -1.67884 -0.1 -129.388 -302.388 0 
66 -1.73584 2.5921 0.1 -1.73584 2.5921 0.1 -217.057 270.391 0 
67 0.814163 1.69489 -0.1 0.814163 1.69489 -0.1 57.761 307.894 0 
68 -4.9 -3.75149 -0.1 -4.9 -3.75149 -0.1 0 -483.761 0 
69 1.50857 3.3383 0.1 1.50857 3.3383 0.1 259.14 558.286 0 
70 4.9 4.9 0.1 4.9 4.9 0.1 0 0 0 
71 -1.83562 1.55703 0.1 -1.83562 1.55703 0.1 -342.028 298.6 0 
72 -4.9 -4.9 0.1 -4.9 -4.9 0.1 -1141.3 -566.391 0 
73 -1.47243 4.9 0.1 -1.47243 4.9 0.1 217.231 0 0 
74 -0.779284 -0.0313395 -0.1 -0.779284 -0.0313395 -0.1 -25.5015 16.7197 -3.69815 
75 2.13923 -4.9 0.1 2.13923 -4.9 0.1 210.104 0 0 
76 -4.9 -3.48574 0.1 -4.9 -3.48574 0.1 -128.421 -486.603 0 
77 0.809554 -4.9 -0.1 0.809554 -4.9 -0.1 -363.186 -737.184 0 
78 4.9 -3.85435 0.0874121 4.9 -3.85435 0.0874121 351.956 -689.32 14.9694 
79 4.9 -4.9 0.1 4.9 -4.9 0.1 121.84 -2087.05 0 
80 -4.9 4.9 0.1 -4.9 4.9 0.1 -1635.79 0 0 
81 4.9 4.9 0.1 4.9 4.9 0.1 0 578.986 0 
82 4.9 4.9 0.1 4.9 4.9 0.1 0 0 0 
83 -4.9 -1.71712 -0.1 -4.9 -1.71712 -0.1 0 -374.075 0 
84 4.9 4.9 -0.1 4.9 4.9 -0.1 0 0 0 
85 3.88846 1.01349 0.1 3.88846 1.01349 0.1 493.878 277.299 0 
86 0.239027 -1.12158 0.1 0.239027 -1.12158 0.1 119.164 -95.6319 0 
87 1.25356 -0.938651 -0.1 1.25356 -0.938651 -0.1 249 -285.005 0 
88 2.20391 -3.7606 -0.1 2.20391 -3.7606 -0.1 377.328 -477.496 0 
89 -4.9 4.9 -0.1 -4.9 4.9 -0.1 -646.85 2011.87 0 
90 4.9 -4.9 0.1 4.9 -4.9 0.1 0 -417.792 0 
91 -4.9 4.9 0.1 -4.9 4.9 0.1 0 472.578 0 
92 4.9 1.67474 -0.1 4.9 1.67474 -0.1 229.201 183.143 0 
93 -4.9 -1.48462 0.1 -4.9 -1.48462 0.1 0 -184.949 0 
94 4.9 -1.36131 0.1 4.9 -1.36131 0.1 277.059 -250.684 0 
95 4.9 -4.9 -0.1 4.9 -4.9 -0.1 162.385 -1058.84 0 
96 4.9 -4.9 0.1 4.9 -4.9 0.1 453.306 -150.438 0 
97 0.277838 -1.99382 -0.1 0.277838 -1.99382 -0.1 -29.6515 -171.498 0 
98 4.9 -0.639985 -0.1 4.9 -0.639985 -0.1 0 -61.7151 0 
99 -4.9 4.9 0.1 -4.9 4.9 0.1 0 0 0 
100 1.896 1.28246 -0.1 1.896 1.28246 -0.1 187.441 75.1397 0 
101 -3.10385 4.9 0.1 -3.10385 4.9 0.1 -501.873 0 0 
102 4.9 -4.24618 -0.1 4.9 -4.24618 -0.1 730.781 -743.19 0 
103 -4.36197 1.39802 0.1 -4.36197 1.39802 0.1 -607.74 123.937 0 
104 2.02489 -1.06515 0.1 2.02489 -1.06515 0.1 154.529 -38.2366 0 
105 -4.9 4.9 -0.1 -4.9 4.9 -0.1 0 1305.94 0 
106 0.877678 -0.664638 -0.1 0.877678 -0.664638 -0.1 98.1146 -176.674 0 
107 4.9 4.9 -0.1 4.9 4.9 -0.1 251.832 662.665 0 
108 1.4553 0.927043 0.1 1.4553 0.927043 0.1 243.551 110.039 0 
109 -4.9 4.9 -0.1 -4.9 4.9 -0.1 0 565.297 0 
110 -1.13344 1.86375 -0.1 -1.13344 1.86375 -0.1 -305.659 263.161 0 
111 2.06238 3.0654 0.1 2.06238 3.0654 0.1 305.257 569.868 0 
112 2.40541 2.79489 0.1 2.40541 2.79489 0.1 336.091 557.476 0 
113 -4.9 4.9 0.1 -4.9 4.9 0.1 -624.06 1627.78 60 
114 4.9 -4.9 0.1 4.9 -4.9 0.1 0 0 0 
115 4.9 4.9 -0.1 4.9 4.9 -0.1 0 355.781 0 
116 -4.9 -4.9 0.1 -4.9 -4.9 0.1 -629.123 0 0 
117 4.9 -4.9 0.1 4.9 -4.9 0.1 1911.93 -586.73 0 
118 4.9 -4.9 0.1 4.9 -4.9 0.1 488.771 -46.1279 0 
119 4.9 -1.5119 -0.1 4.9 -1.5119 -0.1 0 -285.044 0 
120 -0.755772 4.9 0.1 -0.755772 4.9 0.1 -1517.74 1876.43 0 
121 4.9 -4.9 0.1 4.9 -4.9 0.1 0 -1816.59 0 
122 -1.6248 4.9 -0.1 -1.6248 4.9 -0.1 -138.556 125.404 0 
123 4.9 -2.71139 -0.1 4.9 -2.71139 -0.1 0 -422.641 0 
124 4.9 -3.06295 -0.1 4.9 -3.06295 -0.1 408.344 -400.512 0 
125 4.9 4.9 0.1 4.9 4.9 0.1 0 114.739 0 
126 1.20877 -2.12886 -0.1 1.20877 -2.12886 -0.1 250.767 -205.052 0 
127 -1.45887 1.63993 -0.1 -1.45887 1.63993 -0.1 -616.776 280.573 0 
128 -4.9 -0.826744 0.1 -4.9 -0.826744 0.1 -316.03 -293.103 0 
129 -4.3244 1.77469 0.1 -4.3244 1.77469 0.1 -509.867 152.28 0 
130 4.9 -4.9 -0.1 4.9 -4.9 -0.1 0 0 0 
131 4.9 -1.4032 -0.1 4.9 -1.4032 -0.1 0 45.1482 0 
132 4.49869 4.9 -0.1 4.49869 4.9 -0.1 580.513 106.977 0 
133 -4.9 4.9 0.1 -4.9 4.9 0.1 0 47.0462 0 
134 4.9 -0.920998 -0.1 4.9 -0.920998 -0.1 272.365 -22.0379 0 
135 -4.9 4.9 -0.1 -4.9 4.9 -0.1 0 266.621 -60 
136 -4.9 4.9 -0.1 -4.9 4.9 -0.1 -303.821 0 0 
137 1.47025 4.59416 0.1 1.47025 4.59416 0.1 260.021 668.641 0 
138 -4.9 -1.22841 0.1 -4.9 -1.22841 0.1 0 -292.774 0 
139 -4.9 4.9 0.1 -4.9 4.9 0.1 -349.456 162.046 0 
140 -4.9 4.9 -0.1 -4.9 4.9 -0.1 0 314.727 0 
141 4.9 4.9 -0.1 4.9 4.9 -0.1 981.477 563.399 0 
142 4.9 -4.9 -0.1 4.9 -4.9 -0.1 0 -1461.71 0 
143 0.347575 -4.10534 0.1 0.347575 -4.10534 0.1 -16.7512 -707.814 0 
144 -4.9 -4.9 0.1 -4.9 -4.9 0.1 -777.267 0 0 
145 3.96647 -0.677942 0.1 3.96647 -0.677942 0.1 571.706 11.5544 0 
146 -4.9 4.9 0.1 -4.9 4.9 0.1 -521.351 0 0 
147 4.9 -4.9 0.1 4.9 -4.9 0.1 1959.47 0 0 
148 1.19506 4.10301 -0.1 1.19506 4.10301 -0.1 67.5917 743.395 0 
149 -4.9 4.9 0.1 -4.9 4.9 0.1 -1058.37 539.496 0 
150 -4.9 -4.9 0.1 -4.9 -4.9 0.1 0 0 0 
151 -0.259258 4.9 -0.1 -0.259258 4.9 -0.1 -68.8007 0 0 
152 -0.859431 -4.69337 0.1 -0.859431 -4.69337 0.1 -23.3073 -773.623 0 
153 3.64638 -4.9 0.0216855 3.64638 -4.9 0.0216855 563.333 -79.5523 8.5966 
154 -4.9 3.14975 -0.1 -4.9 3.14975 -0.1 0 450.839 0 
155 -4.9 4.9 0.1 -4.9 4.9 0.1 -635.002 201.421 0 
156 -4.9 -4.9 0.1 -4.9 -4.9 0.1 0 -730.283 0 
157 3.44005 -1.37201 -0.1 3.44005 -1.37201 -0.1 483.177 -181.123 0 
158 3.88722 2.0226 -0.1 3.88722 2.0226 -0.1 538.694 428.754 0 
159 -4.9 3.63781 -0.1 -4.9 3.63781 -0.1 -551.166 637.386 0 
160 -4.9 -4.9 -0.1 -4.9 -4.9 -0.1 -210.428 -57.9368 0 
161 -4.9 4.9 -0.1 -4.9 4.9 -0.1 -491.853 386.044 0 
162 -4.9 1.162 0.1 -4.9 1.162 0.1 0 323.646 0 
163 -4.9 4.9 0.1 -4.9 4.9 0.1 0 126.133 38.1741 
164 4.9 -4.9 0.1 4.9 -4.9 0.1 105.058 0 0 
165 -4.9 -4.9 -0.1 -4.9 -4.9 -0.1 -1307.03 0 0 
166 -0.881651 -4.9 0.1 -0.881651 -4.9 0.1 -1007.82 -451.534 0 
167 2.5388 4.9 -0.1 2.5388 4.9 -0.1 445.558 274.361 0 
168 -4.9 -4.9 0.1 -4.9 -4.9 0.1 -1122.72 -523.483 0 
169 -4.9 -4.9 -0.1 -4.9 -4.9 -0.1 -70.765 -311.102 0 
170 -4.9 4.9 0.1 -4.9 4.9 0.1 -315.997 547.14 0 
171 1.20987 4.71399 -0.1 1.20987 4.71399 -0.1 234.675 707.024 0 
172 -1.0776 -0.719781 0.1 -1.0776 -0.719781 0.1 -159.651 -91.4143 0 
173 -4.9 -4.9 -0.1 -4.9 -4.9 -0.1 -312.229 -756.705 0 
174 4.9 -4.9 -0.1 4.9 -4.9 -0.1 1459.2 -432.885 0 
175 -1.34197 -2.98469 -0.1 -1.34197 -2.98469 -0.1 -153.909 -538.239 0 
176 4.9 -4.9 -0.1 4.9 -4.9 -0.1 494.167 0 0 
177 4.9 -4.9 -0.1 4.9 -4.9 -0.1 551.104 -201.76 0 
178 -3.31204 -4.9 -0.1 -3.31204 -4.9 -0.1 -574.568 0 0 
179 3.7491 -1.40447 0.1 3.7491 -1.40447 0.1 413.397 -175.257 0 
180 0.911402 4.80603 0.1 0.911402 4.80603 0.1 28.4195 662.288 0 
181 -4.9 4.9 0.1 -4.9 4.9 0.1 0 0 0 
182 -4.9 4.9 0.1 -4.9 4.9 0.1 -207.99 782.694 0 
183 -4.9 -4.9 0.1 -4.9 -4.9 0.1 -599.925 0 0 
184 -4.9 -4.9 -0.1 -4.9 -4.9 -0.1 -410.299 -527.729 0 
185 4.9 -4.9 0.1 4.9 -4.9 0.1 499.376 -799.766 0 
186 -0.637357 -2.76171 0.1 -0.637357 -2.76171 0.1 -225.441 -267.791 0 
187 4.9 -4.9 0.1 4.9 -4.9 0.1 86.935 -238.036 0 
188 4.9 -4.9 -0.1 4.9 -4.9 -0.1 73.6434 0 0 
189 -1.94518 4.9 0.1 -1.94518 4.9 0.1 -275.723 0 0 
190 3.66151 0.354899 -0.1 3.66151 0.354899 -0.1 431.861 59.7169 0 
191 4.9 -4.9 -0.1 4.9 -4.9 -0.1 113.495 -506.852 0 
192 -1.87046 0.0526401 0.1 -1.87046 0.0526401 0.1 -149.365 46.5697 0 
193 -4.9 -4.9 -0.1 -4.9 -4.9 -0.1 -117.958 0 0 
194 -4.9 -4.9 -0.1 -4.9 -4.9 -0.1 0 -1258.45 0 
195 4.9 -4.9 -0.1 4.9 -4.9 -0.1 256.759 -322.458 0 
196 -4.9 -4.9 0.1 -4.9 -4.9 0.1 -1547.4 0 0 
197 -4.61551 -4.9 -0.1 -4.61551 -4.9 -0.1 -1415.4 0 0 
198 -4.9 4.9 -0.1 -4.9 4.9 -0.1 -1694.32 0 0 
199 -4.9 1.7963 0.1 -4.9 1.7963 0.1 0 -172.57 0 
200 4.9 -4.9 -0.1 4.9 -4.9 -0.1 1770.69 0 0 
201 -3.47073 1.27938 -0.1 -3.47073 1.27938 -0.1 -327.691 400.793 0 
202 -1.37171 3.03727 -0.1 -1.37171 3.03727 -0.1 -140.191 455.575 0 
203 -0.556179 -4.9 -0.1 -0.556179 -4.9 -0.1 51.9975 0 0 
204 -3.49127 4.9 -0.1 -3.49127 4.9 -0.1 -421.624 405.689 0 
205 -4.9 -0.0733022 -0.1 -4.9 -0.0733022 -0.1 0 -149.573 0 
206 -4.9 -4.9 0.1 -4.9 -4.9 0.1 0 -215.616 0 
207 4.9 -4.9 -0.1 4.9 -4.9 -0.1 770.263 0 0 
208 -4.9 -3.0468 0.1 -4.9 -3.0468 0.1 0 -509.593 0 
209 4.9 -4.9 0.1 4.9 -4.9 0.1 106.569 -656.043 0 
210 -0.91205 1.66323 0.1 -0.91205 1.66323 0.1 -211.387 177.474 0 
211 -4.9 -4.9 0.1 -4.9 -4.9 0.1 -241.744 0 0 
212 4.9 4.34047 0.1 4.9 4.34047 0.1 0 708.522 0 
213 -4.9 -1.68489 -0.1 -4.9 -1.68489 -0.1 -479.442 -186.15 0 
214 -4.9 4.9 -0.1 -4.9 4.9 -0.1 0 1968.95 0 
215 -4.9 -4.9 0.1 -4.9 -4.9 0.1 0 -414.119 0 
216 4.9 -4.9 -0.1 4.9 -4.9 -0.1 646.664 -240.817 0 
217 -4.9 -3.75537 -0.1 -4.9 -3.75537 -0.1 -525.598 -512.074 0 
218 -4.9 -4.9 -0.1 -4.9 -4.9 -0.1 0 -618.37 0 
219 4.9 -4.9 0.1 4.9 -4.9 0.1 518.792 0 0 
220 4.9 -4.9 -0.1 4.9 -4.9 -0.1 1882.71 -167.045 0 
221 4.9 4.9 -0.1 4.9 4.9 -0.1 0 904.632 0 
222 -4.77613 4.9 0.1 -4.77613 4.9 0.1 -803.775 0 0 
223 4.9 4.9 0.1 4.9 4.9 0.1 466.744 0 0.953674 
224 -4.9 -4.9 0.1 -4.9 -4.9 0.1 -1261.57 -44.9611 0 
225 -4.9 -4.9 -0.1 -4.9 -4.9 -0.1 0 -405.751 0 
226 -4.9 -4.9 0.1 -4.9 -4.9 0.1 0 0 0 
227 4.9 -4.9 0.1 4.9 -4.9 0.1 2067.75 -18.6416 0 
228 -4.9 -2.16791 0.1 -4.9 -2.16791 0.1 -138.245 -220.411 0 
229 -2.17451 0.374743 -0.1 -2.17451 0.374743 -0.1 -208.547 65.0234 0 
230 -4.9 -4.9 -0.1 -4.9 -4.9 -0.1 -251.134 0 0 
231 -4.9 2.70524 -0.1 -4.9 2.70524 -0.1 -2940 2281.57 -60 
232 -4.44818 4.66229 0.1 -4.44818 4.66229 0.1 -740.633 793.124 0 
233 -4.79145 4.9 0.1 -4.79145 4.9 0.1 -750.202 601.075 0 
234 -4.23649 0.350395 -0.1 -4.23649 0.350395 -0.1 -744.941 0.0384873 0 
235 0.774225 -0.138695 0.0491102 0.774225 -0.138695 0.0491102 0 -0.0653333 0 
236 -2.83412 3.22137 0.1 -2.83412 3.22137 0.1 -306.75 625.086 0 
237 2.33423 0.947092 0.1 2.33423 0.947092 0.1 406.373 99.9898 0 
238 2.09459 1.35262 -0.1 2.09459 1.35262 -0.1 364.332 57.4668 0 
239 -2.12519 4.9 0.1 -2.12519 4.9 0.1 -206.291 564.422 0 
240 -0.933404 -1.07099 -0.1 -0.933404 -1.07099 -0.1 -21.0967 -291.315 0 
241 4.9 4.9 0.1 4.9 4.9 0.1 0 1154.24 0 
242 -0.717175 -0.664692 -0.1 -0.717175 -0.664692 -0.1 -25.0629 -26.8387 0 
243 -4.9 -4.9 -0.1 -4.9 -4.9 -0.1 0 -114.935 0 
244 -0.94306 -1.36292 -0.1 -0.94306 -1.36292 -0.1 -59.1103 -70.7208 0 
245 4.9 -4.9 0.1 4.9 -4.9 0.1 1873.98 0 0 
246 -3.09019 -4.59551 -0.1 -3.09019 -4.59551 -0.1 -561.152 -704.887 0 
247 4.9 -4.9 -0.1 4.9 -4.9 -0.1 0 0 0 
248 -4.9 -2.58908 0.0659669 -4.9 -2.58908 0.0659669 -974.076 -769.578 49.7901 
249 -4.9 3.23707 -0.1 -4.9 3.23707 -0.1 0 339.775 0 
250 -4.9 4.9 0.1 -4.9 4.9 0.1 0 540.049 0 
251 -4.9 -2.06423 -0.1 -4.9 -2.06423 -0.1 -160.3 -1026.42 0 
252 4.9 -2.94437 -0.1 4.9 -2.94437 -0.1 345.028 -346.41 0 
253 -4.6436 -0.997121 0.1 -4.6436 -0.997121 0.1 -597.574 -146.646 0 
254 4.9 4.9 -0.1 4.9 4.9 -0.1 732.397 218.958 0 
255 -4.9 4.9 -0.1 -4.9 4.9 -0.1 -387.797 0 0 
256 3.8089 3.52012 -0.1 3.8089 3.52012 -0.1 662.897 491.035 0 
257 -4.9 4.9 0.1 -4.9 4.9 0.1 -1087.81 631.512 0 
258 4.85813 -2.06144 0.1 4.85813 -2.06144 0.1 674.013 -298.829 0 
259 -4.9 4.9 0.1 -4.9 4.9 0.1 -2046.63 663.268 0 
260 4.9 -4.9 -0.1 4.9 -4.9 -0.1 41.5841 -1234.76 0 
261 -4.9 -4.9 0.1 -4.9 -4.9 0.1 -957.705 -318.728 0 
262 -4.9 0.379444 -0.1 -4.9 0.379444 -0.1 -616.667 47.5054 0 
263 4.9 2.57742 -0.1 4.9 2.57742 -0.1 0 478.99 0 
264 -4.9 -4.9 -0.1 -4.9 -4.9 -0.1 0 -557.164 0 
265 -4.9 -4.79654 0.1 -4.9 -4.79654 0.1 -880.004 -620.423 0 
266 4.9 -4.9 0.1 4.9 -4.9 0.1 531.159 -213.975 0 
267 4.16591 3.28738 0.1 4.16591 3.28738 0.1 758.358 568.358 0 
268 -4.9 4.9 0.1 -4.9 4.9 0.1 -673.121 538.983 35.4711 
269 4.9 4.9 -0.1 4.9 4.9 -0.1 455.165 108.512 0 
270 4.4716 -0.0498687 -0.1 4.4716 -0.0498687 -0.1 577.658 119.325 0 
271 -0.69544 4.9 0.1 -0.69544 4.9 0.1 82.4036 0 0 
272 4.9 4.9 -0.1 4.9 4.9 -0.1 0 1306.17 0 
273 4.9 -4.00496 -0.1 4.9 -4.00496 -0.1 147.406 -500.929 0 
274 -4.36216 2.34506 -0.1 -4.36216 2.34506 -0.1 -571.931 383.155 0 
275 3.41649 4.9 -0.1 3.41649 4.9 -0.1 594.216 32.6889 0 
276 4.9 -4.9 0.1 4.9 -4.9 0.1 0 -297.689 0 
277 4.9 1.69827 0.1 4.9 1.69827 0.1 432.699 1021.09 0 
278 4.9 -3.72234 0.1 4.9 -3.72234 0.1 0 -520.721 0 
279 -4.9 -4.9 -0.1 -4.9 -4.9 -0.1 0 -469.548 0 
280 -4.9 -4.9 -0.1 -4.9 -4.9 -0.1 -1038.25 -675.984 0 
281 -4.9 -4.9 -0.1 -4.9 -4.9 -0.1 0 -431.211 -8.2189 
282 4.9 -4.9 -0.1 4.9 -4.9 -0.1 240.947 -384.422 0 
283 4.9 -0.786523 0.1 4.9 -0.786523 0.1 436.453 -102.225 0 
284 4.9 -4.9 0.1 4.9 -4.9 0.1 0 -838.111 0 
285 4.9 0.501027 -0.1 4.9 0.501027 -0.1 0 -60.553 0 
286 -4.9 0.926973 0.1 -4.9 0.926973 0.1 0 -192.425 7.68759 
287 -4.9 -4.9 0.1 -4.9 -4.9 0.1 0 -908.744 0 
288 -2.05954 2.16896 -0.1 -2.05954 2.16896 -0.1 -220.242 271.91 0 
289 -4.9 -4.9 -0.1 -4.9 -4.9 -0.1 -844.222 0 0 
290 -1.07832 -4.9 0.1 -1.07832 -4.9 0.1 -64.3709 -590.556 0 
291 -4.56741 -4.9 -0.1 -4.56741 -4.9 -0.1 -645.137 -121.883 0 
292 2.5514 1.42853 -0.1 2.5514 1.42853 -0.1 465.226 200.57 0 
293 3.90161 4.9 -0.1 3.90161 4.9 -0.1 694.681 520.913 0 
294 4.9 4.9 -0.1 4.9 4.9 -0.1 538.86 1071.68 0 
295 -0.826522 4.9 -0.1 -0.826522 4.9 -0.1 -246.475 0 0 
296 2.85762 1.431 -0.1 2.85762 1.431 -0.1 474.08 225.274 0 
297 -4.9 -4.9 -0.1 -4.9 -4.9 -0.1 0 0 0 
298 0.65145 4.9 -0.1 0.65145 4.9 -0.1 37.8392 628.149 0 
299 0.231566 -1.2459 -0.1 0.231566 -1.2459 -0.1 14.4493 -191.307 0 
300 -0.384233 0.398598 0.0972983 -0.384233 0.398598 0.0972983 26.9648 -5.59972 9.03894 
301 -1.82044 -1.38704 0.1 -1.82044 -1.38704 0.1 -279.565 -285.96 0 
302 4.9 -4.9 -0.1 4.9 -4.9 -0.1 1584.25 0 0 
303 -4.9 4.9 0.1 -4.9 4.9 0.1 -232.41 0 0 
304 4.9 -4.9 -0.1 4.9 -4.9 -0.1 983.167 -396.511 0 
305 4.9 4.9 -0.1 4.9 4.9 -0.1 202.002 0 0 
306 4.9 0.971711 -0.0595773 4.9 0.971711 -0.0595773 0 64.4005 -5.62688 
307 -3.40103 0.978902 0.1 -3.40103 0.978902 0.1 -623.042 267.433 0 
308 -0.276341 4.9 0.1 -0.276341 4.9 0.1 71.1771 0 0 
309 -4.9 -4.9 0.1 -4.9 -4.9 0.1 -353.401 -522.974 0 
310 -2.61077 4.9 -0.1 -2.61077 4.9 -0.1 -358.154 0 0 
311 4.9 -4.9 0.1 4.9 -4.9 0.1 2271.37 -98.6997 0 
312 -4.9 -4.75487 0.1 -4.9 -4.75487 0.1 -14.8575 -713.773 0 
313 4.9 -4.9 0.1 4.9 -4.9 0.1 0 -1157.83 0 
314 4.9 4.9 -0.1 4.9 4.9 -0.1 0 0 0 
315 2.6171 -4.88116 0.1 2.6171 -4.88116 0.1 451.773 -725.434 0 
316 -4.9 -4.9 -0.1 -4.9 -4.9 -0.1 0 -959.881 0 
317 0.512959 0.22748 -0.0478064 0.512959 0.22748 -0.0478064 0 -0.0653333 0 
318 -4.9 -4.9 0.1 -4.9 -4.9 0.1 0 -2013.8 0 
319 -4.9 1.28987 0.1 -4.9 1.28987 0.1 0 58.5591 0 
320 4.9 1.6824 0.1 4.9 1.6824 0.1 503.327 115.511 0 
321 4.9 -4.9 0.1 4.9 -4.9 0.1 72.2922 -162.569 0 
322 -4.9 4.9 0.1 -4.9 4.9 0.1 -50.3312 0 0 
323 -4.9 -2.50699 0.1 -4.9 -2.50699 0.1 0 -444.421 0 
324 -4.72947 4.42226 -0.1 -4.72947 4.42226 -0.1 -735.08 543.277 0 
325 -4.9 4.9 0.1 -4.9 4.9 0.1 0 20.4791 0 
326 -0.558901 3.28908 -0.1 -0.558901 3.28908 -0.1 -157.301 598.867 0 
327 0.423055 -0.655725 0.1 0.423055 -0.655725 0.1 -746.196 -932.57 60 
328 4.9 4.9 -0.1 4.9 4.9 -0.1 953.652 0 0 
329 4.9 -4.9 -0.1 4.9 -4.9 -0.1 348.494 -447.166 0 
330 1.21903 4.9 -0.1 1.21903 4.9 -0.1 46.9729 420.114 0 
331 4.9 1.39379 0.1 4.9 1.39379 0.1 0 -233.411 0 
332 -4.9 -3.7587 0.1 -4.9 -3.7587 0.1 -524.376 -507.182 0 
333 4.9 -4.9 0.1 4.9 -4.9 0.1 0 0 0 
334 4.9 -4.9 -0.1 4.9 -4.9 -0.1 0 0 0 
335 1.85792 0.253849 -0.1 1.85792 0.253849 -0.1 198.255 20.4511 0 
336 4.9 -1.70415 -0.1 4.9 -1.70415 -0.1 0 -237.245 0 
337 0.863372 1.43189 -0.1 0.863372 1.43189 -0.1 202.796 190.745 0 
338 4.9 4.9 -0.1 4.9 4.9 -0.1 399.842 723.795 0 
339 -4.9 4.9 0.1 -4.9 4.9 0.1 0 0 0 
340 4.9 -4.35525 0.1 4.9 -4.35525 0.1 451.656 -511.562 0 
341 0.284665 0.391517 0.1 0.284665 0.391517 0.1 139.262 -54.8331 0 
342 -3.65872 -2.52487 0.1 -3.65872 -2.52487 0.1 -404.007 -232.332 0 
343 -3.70149 -0.507402 -0.1 -3.70149 -0.507402 -0.1 -539.053 50.039 0 
344 -4.9 4.9 0.1 -4.9 4.9 0.1 -998.516 0 0 
345 4.9 -4.9 -0.1 4.9 -4.9 -0.1 399.286 0 0 
346 0.482976 -0.64394 0.1 0.482976 -0.64394 0.1 178.344 -117.288 0 
347 -1.08218 2.50684 0.1 -1.08218 2.50684 0.1 -40.7981 281.767 0 
348 -4.9 -4.9 -0.1 -4.9 -4.9 -0.1 -301.106 0 0 
349 -4.9 -4.9 -0.1 -4.9 -4.9 -0.1 -1348.34 0 0 
350 -4.9 -1.06361 0.1 -4.9 -1.06361 0.1 -298.245 -96.4188 0 
351 4.9 -4.9 -0.1 4.9 -4.9 -0.1 899.859 -115.833 0 
352 -4.9 -4.9 -0.1 -4.9 -4.9 -0.1 -520.154 -879.216 0 
353 -1.23644 -0.934394 -0.1 -1.23644 -0.934394 -0.1 -63.9106 -98.3812 0 
354 4.9 2.09348 0.1 4.9 2.09348 0.1 0 406.588 0 
355 2.68889 4.9 0.1 2.68889 4.9 0.1 1178.65 0 0 
356 -0.521893 -3.03318 0.1 -0.521893 -3.03318 0.1 -209.602 -414.316 0 
357 -2.99428 0.605455 0.1 -2.99428 0.605455 0.1 -368.538 39.8841 0 
358 4.9 -4.9 0.1 4.9 -4.9 0.1 553.2 -58.9868 0 
359 -4.9 -4.9 0.1 -4.9 -4.9 0.1 -1753.34 -577.478 0 
360 -4.9 -4.9 -0.1 -4.9 -4.9 -0.1 -1897.42 -267.973 0 
361 -4.9 -4.9 0.1 -4.9 -4.9 0.1 -560.821 0 0 
362 -4.9 -4.9 -0.1 -4.9 -4.9 -0.1 -2105.72 0 0 
363 2.20294 -0.199793 0.1 2.20294 -0.199793 0.1 375.209 -2.91222 0 
364 -4.9 4.9 -0.1 -4.9 4.9 -0.1 0 1942.34 0 
365 -2.63404 4.9 0.1 -2.63404 4.9 0.1 -659.028 0 0 
366 -2.57858 -2.61245 0.1 -2.57858 -2.61245 0.1 -418.446 -433.173 0 
367 4.9 4.9 0.1 4.9 4.9 0.1 571.59 961.914 0 
368 -4.9 4.9 -0.1 -4.9 4.9 -0.1 0 372.02 0 
369 -3.99176 3.64454 0.1 -3.99176 3.64454 0.1 -683.981 425.098 0 
370 0.759257 -2.62392 -0.1 0.759257 -2.62392 -0.1 -20.9057 -394.851 0 
371 -4.9 4.9 -0.1 -4.9 4.9 -0.1 0 0 0 
372 -4.9 4.9 0.1 -4.9 4.9 0.1 -148.395 0 0 
373 4.9 4.9 0.1 4.9 4.9 0.1 0 411.747 0 
374 1.52665 1.67026 0.1 1.52665 1.67026 0.1 244.149 144.313 0 
375 -4.9 4.9 -0.1 -4.9 4.9 -0.1 0 167.909 0 
376 4.9 -4.9 -0.1 4.9 -4.9 -0.1 419.115 -1292.4 0 
377 -0.125015 0.344855 -0.1 -0.125015 0.344855 -0.1 -75.9129 -95.3331 0 
378 -4.9 -4.9 -0.1 -4.9 -4.9 -0.1 -90.7886 0 0 
379 4.9 4.9 0.1 4.9 4.9 0.1 0 1889.55 0 
380 -4.9 4.9 0.1 -4.9 4.9 0.1 -924.434 778.18 0 
381 -4.9 4.9 0.1 -4.9 4.9 0.1 0 365.3 0 
382 4.9 2.20325 0.1 4.9 2.20325 0.1 0 353.226 0 
383 4.9 4.9 -0.1 4.9 4.9 -0.1 1134.58 0 0 
384 -3.6314 4.9 0.1 -3.6314 4.9 0.1 -320.38 0 0 
385 -4.9 -4.9 0.1 -4.9 -4.9 0.1 -450.489 -1674.3 0 
386 0.971533 -4.9 0.1 0.971533 -4.9 0.1 235.949 -462.625 0 
387 4.9 4.9 0.1 4.9 4.9 0.1 0 68.3059 0 
388 4.9 -2.35107 -0.1 4.9 -2.35107 -0.1 207.164 -206.637 0 
389 -0.23843 0.362568 -0.1 -0.23843 0.362568 -0.1 42.6682 -70.3577 0 
390 0.899099 -0.470466 -0.0442987 0.899099 -0.470466 -0.0442987 5.64575 0.45256 -1.59299 
391 4.9 4.9 0.1 4.9 4.9 0.1 529.75 872.384 0 
392 3.01211 -4.9 0.1 3.01211 -4.9 0.1 1044.1 0 0 
393 -4.9 -4.9 -0.1 -4.9 -4.9 -0.1 -1972.98 -73.2439 0 
394 4.9 -4.9 -0.1 4.9 -4.9 -0.1 819.805 0 0 
395 -2.73279 3.17982 0.1 -2.73279 3.17982 0.1 -425.345 583.528 0 
396 4.9 4.9 -0.1 4.9 4.9 -0.1 336.027 1829.1 0 
397 0.823339 -1.25421 -0.1 0.823339 -1.25421 -0.1 104.755 -65.8255 0 
398 -0.96476 0.46991 -0.1 -0.96476 0.46991 -0.1 -132.265 41.6326 -6.82975 
399 -4.9 2.19289 0.1 -4.9 2.19289 0.1 -158.525 195.312 0 
400 -4.9 -4.9 0.1 -4.9 -4.9 0.1 0 0 0 
401 4.9 -4.9 0.1 4.9 -4.9 0.1 0 -268.56 0 
402 0.993695 -4.9 -0.1 0.993695 -4.9 -0.1 176.23 0 0 
403 -4.9 4.9 -0.1 -4.9 4.9 -0.1 -1781.02 75.0246 0 
404 4.9 -4.9 -0.1 4.9 -4.9 -0.1 306.083 -611.005 0 
405 2.45101 -4.9 0.1 2.45101 -4.9 0.1 381.277 0 0 
406 4.9 -4.9 0.1 4.9 -4.9 0.1 159.884 0 0 
407 -4.9 -4.9 -0.1 -4.9 -4.9 -0.1 0 -748.613 0 
408 -4.9 4.9 0.1 -4.9 4.9 0.1 -646.891 1917.24 0 
409 4.9 4.9 -0.1 4.9 4.9 -0.1 0 253.542 0 
410 4.9 4.45543 0.1 4.9 4.45543 0.1 508.722 703.286 0 
411 4.42608 4.9 0.1 4.42608 4.9 0.1 567.412 240.464 0 
412 -4.9 4.9 -0.1 -4.9 4.9 -0.1 -355.998 1546.82 0 
413 -4.9 4.9 0.1 -4.9 4.9 0.1 -378.162 0 0 
414 -4.9 4.9 -0.1 -4.9 4.9 -0.1 0 255.661 0 
415 -4.9 -4.9 -0.1 -4.9 -4.9 -0.1 -715.419 -88.474 0 
416 4.78406 -4.9 0.1 4.78406 -4.9 0.1 721.052 0 0 
417 -4.9 -4.12531 0.1 -4.9 -4.12531 0.1 0 -563.268 0 
418 2.20936 -4.9 -0.1 2.20936 -4.9 -0.1 330.423 -23.1545 0 
419 -3.98817 0.60807 0.1 -3.98817 0.60807 0.1 -523.679 53.2257 0 
420 -4.9 4.9 0.1 -4.9 4.9 0.1 -204.699 635.518 0 
421 2.10361 -4.9 -0.1 2.10361 -4.9 -0.1 168.701 -9.12746 0 
422 4.9 2.86274 -0.1 4.9 2.86274 -0.1 0 542.107 0 
423 -4.9 -4.9 0.1 -4.9 -4.9 0.1 0 0 0 
424 0.862006 3.49261 -0.1 0.862006 3.49261 -0.1 143.2 409.226 0 
425 4.9 -4.9 0.1 4.9 -4.9 0.1 0 0 0 
426 4.9 4.9 -0.1 4.9 4.9 -0.1 104.14 959.51 0 
427 -4.9 4.9 0.1 -4.9 4.9 0.1 0 109.993 0 
428 4.9 -4.9 0.1 4.9 -4.9 0.1 0 0 0 
429 -4.9 -2.69533 -0.1 -4.9 -2.69533 -0.1 -409.333 -159.87 0 
430 4.9 4.9 0.1 4.9 4.9 0.1 23.7062 0 0 
431 3.46015 -4.79226 0.1 3.46015 -4.79226 0.1 655.378 -809.136 0 
432 -4.9 -4.9 -0.1 -4.9 -4.9 -0.1 -279.267 0 0 
433 -4.9 -4.9 0.1 -4.9 -4.9 0.1 0 0 0 
434 -1.15112 -4.9 -0.1 -1.15112 -4.9 -0.1 -278.693 -557.007 0 
435 4.9 4.9 -0.1 4.9 4.9 -0.1 0 0 0 
436 0.0288032 -4.9 0.1 0.0288032 -4.9 0.1 58.3335 -373.709 0 
437 4.9 -4.9 -0.1 4.9 -4.9 -0.1 378.031 -597.05 0 
438 -2.46268 4.60517 0.1 -2.46268 4.60517 0.1 -426.322 635.239 0 
439 -4.36455 -4.9 0.1 -4.36455 -4.9 0.1 -598.995 -581.263 0 
440 -4.82354 -0.963088 -0.1 -4.82354 -0.963088 -0.1 -791.498 -266.498 0 
441 4.9 -4.9 0.1 4.9 -4.9 0.1 0 -623.866 0 
442 4.9 -4.9 0.1 4.9 -4.9 0.1 0 -1622.34 0 
443 4.9 -4.9 -0.1 4.9 -4.9 -0.1 392.146 -1731.65 0 
444 -4.9 -4.9 0.1 -4.9 -4.9 0.1 0 -546.758 0 
445 4.9 4.9 0.1 4.9 4.9 0.1 1292.98 518.752 0 
446 -4.9 -4.9 -0.1 -4.9 -4.9 -0.1 -271.462 -57.5953 0 
447 -4.9 4.9 -0.1 -4.9 4.9 -0.1 -710.85 0 0 
448 4.9 -4.9 -0.1 4.9 -4.9 -0.1 0 -441.255 0 
449 -3.45129 4.49416 -0.1 -3.45129 4.49416 -0.1 -411.864 766.858 0 
450 -4.9 -4.9 -0.1 -4.9 -4.9 -0.1 -495.036 -94.2315 0 
451 -4.9 4.9 0.1 -4.9 4.9 0.1 0 1664.34 0 
452 -4.9 -1.4523 -0.1 -4.9 -1.4523 -0.1 0 -242.053 0 
453 4.9 -4.9 0.1 4.9 -4.9 0.1 1407.86 0 0 
454 -4.64132 2.99599 -0.1 -4.64132 2.99599 -0.1 -719.331 380.129 0 
455 4.9 4.9 -0.1 4.9 4.9 -0.1 1215.36 0 0 
456 3.94163 -3.36856 -0.1 3.94163 -3.36856 -0.1 617.549 -529.363 0 
457 -4.9 -1.05353 -0.1 -4.9 -1.05353 -0.1 -248.025 -280.237 0 
458 2.83767 2.65247 -0.1 2.83767 2.65247 -0.1 447.951 344.456 0 
459 -4.9 -4.9 -0.1 -4.9 -4.9 -0.1 0 0 0 
460 1.78884 4.53813 -0.1 1.78884 4.53813 -0.1 264.934 821.249 0 
461 4.9 4.9 0.1 4.9 4.9 0.1 2113.89 406.159 0 
462 -1.24346 4.9 -0.1 -1.24346 4.9 -0.1 -210.979 422.857 0 
463 4.9 4.9 0.1 4.9 4.9 0.1 0 0 0 
464 1.79422 -0.840897 -0.1 1.79422 -0.840897 -0.1 340.877 -61.4374 -60 
465 -4.9 -4.9 -0.1 -4.9 -4.9 -0.1 0 0 0 
466 3.29813 -4.9 0.1 3.29813 -4.9 0.1 631.093 -469.077 0 
467 0.97796 0.462928 0.0499901 0.97796 0.462928 0.0499901 0 -0.0653333 0 
468 -2.31577 2.11017 -0.1 -2.31577 2.11017 -0.1 -320.212 168.296 0 
469 -4.9 -4.9 -0.1 -4.9 -4.9 -0.1 -404.874 -594.743 0 
470 4.9 1.225 -0.1 4.9 1.225 -0.1 0 1051.68 0 
471 4.9 4.9 0.1 4.9 4.9 0.1 147.206 0 0 
472 -4.9 1.72779 0.1 -4.9 1.72779 0.1 0 340.309 0 
473 -4.9 2.86175 -0.1 -4.9 2.86175 -0.1 -497.457 304.824 0 
474 -1.04637 0.410059 -0.1 -1.04637 0.410059 -0.1 -181.483 119.645 0 
475 -4.22498 -4.46093 -0.1 -4.22498 -4.46093 -0.1 -738.847 -796.015 0 
476 1.25368 -1.05763 0.1 1.25368 -1.05763 0.1 79.3972 -15.196 0 
477 4.11691 -4.9 0.1 4.11691 -4.9 0.1 714.362 0 0 
478 -4.9 -4.9 -0.1 -4.9 -4.9 -0.1 0 -1110.75 0 
479 1.48058 1.02915 -0.0712481 1.48058 1.02915 -0.0712481 183.877 205.255 -16.2811 
480 -4.9 4.9 -0.1 -4.9 4.9 -0.1 -461.197 0 0 
481 4.9 -4.9 -0.1 4.9 -4.9 -0.1 0 0 -60 
482 4.9 4.9 0.1 4.9 4.9 0.1 1333.45 594.118 0 
483 4.9 4.9 -0.1 4.9 4.9 -0.1 0 785.48 0 
484 1.50022 4.9 0.1 1.50022 4.9 0.1 279.987 0 0 
485 3.81358 -3.05018 0.1 3.81358 -3.05018 0.1 677.742 -403.166 0 
486 1.60777 4.9 0.1 1.60777 4.9 0.1 723.947 108.415 8.8898 
487 -4.75856 -4.68879 -0.1 -4.75856 -4.68879 -0.1 -662.148 -761.569 0 
488 4.9 4.9 0.1 4.9 4.9 0.1 978.446 0 0 
489 2.16333 1.82951 0.1 2.16333 1.82951 0.1 197.135 127.084 0 
490 0.102806 4.9 -0.1 0.102806 4.9 -0.1 132.962 382.883 0 
491 4.9 4.9 -0.1 4.9 4.9 -0.1 0 819.083 0 
492 -3.35782 -3.89053 0.1 -3.35782 -3.89053 0.1 -383.36 -641.453 0 
493 -4.9 4.9 -0.1 -4.9 4.9 -0.1 -400.998 1511.1 0 
494 4.9 -4.9 -0.1 4.9 -4.9 -0.1 1036.95 0 0 
495 4.9 4.9 -0.1 4.9 4.9 -0.1 1464.72 190.798 0 
496 4.9 4.9 0.1 4.9 4.9 0.1 0 0 0 
497 -3.82577 -2.84264 0.1 -3.82577 -2.84264 0.1 -470.271 -491.297 0 
498 -4.05553 0.247325 0.1 -4.05553 0.247325 0.1 -570.045 -59.5757 0 
499 -2.43359 4.9 0.1 -2.43359 4.9 0.1 -272.916 0 0 
500 -4.9 4.9 0.1 -4.9 4.9 0.1 -152.478 341.721 0 
501 4.9 4.9 0.1 4.9 4.9 0.1 848.527 354.116 0 
502 2.87829 -1.37343 0.1 2.87829 -1.37343 0.1 380.173 -173.593 0 
503 4.9 3.10239 0.1 4.9 3.10239 0.1 0 403.796 0 
504 -4.9 -4.9 0.1 -4.9 -4.9 0.1 0 0 0 
505 4.9 2.34531 -0.1 4.9 2.34531 -0.1 546.101 313.938 0 
506 -4.9 4.9 -0.1 -4.9 4.9 -0.1 -22.1382 236.973 0 
507 -2.00907 -4.9 -0.1 -2.00907 -4.9 -0.1 -157.761 0 0 
508 4.9 4.9 -0.1 4.9 4.9 -0.1 501.275 491.282 0 
509 -1.52715 4.9 0.1 -1.52715 4.9 0.1 -310.943 0 0 
510 4.68356 1.03248 0.1 4.68356 1.03248 0.1 769.199 177.998 0 
511 4.9 4.9 -0.1 4.9 4.9 -0.1 540.506 1066.02 0 
512 4.65711 -4.9 0.1 4.65711 -4.9 0.1 569.08 -240.157 0 
513 -1.82015 1.01199 -0.1 -1.82015 1.01199 -0.1 -370.057 72.908 0 
514 4.9 -4.9 -0.1 4.9 -4.9 -0.1 240.606 -991.212 0 
515 0.284288 0.676409 -0.0448148 0.284288 0.676409 -0.0448148 -8.18945 -16.8576 -0.88134 
516 4.9 -4.9 0.1 4.9 -4.9 0.1 0 -2040.68 0 
517 4.9 4.9 0.1 4.9 4.9 0.1 0 551.222 0 
518 4.9 4.9 -0.1 4.9 4.9 -0.1 0 1561.91 0 
519 -4.9 4.9 -0.1 -4.9 4.9 -0.1 -80.9378 391.215 0 
520 -4.9 4.9 0.1 -4.9 4.9 0.1 0 1301.46 0 
521 4.9 0.612352 -0.1 4.9 0.612352 -0.1 451.344 196.662 0 
522 4.9 -4.9 0.1 4.9 -4.9 0.1 713.852 -480.947 0 
523 1.4762 -1.19868 -0.1 1.4762 -1.19868 -0.1 256.95 -272.832 0 
524 4.9 4.9 -0.1 4.9 4.9 -0.1 518.917 655.731 0 
525 0.861372 0.262321 0.0659783 0.861372 0.262321 0.0659783 12.0796 -50.7271 12.315 
526 0.253195 -4.54684 -0.1 0.253195 -4.54684 -0.1 63.1345 -569.25 0 
527 -4.9 -4.9 -0.1 -4.9 -4.9 -0.1 0 -1248.97 0 
528 -4.9 4.9 0.1 -4.9 4.9 0.1 0 0 0 
529 4.9 -4.9 0.1 4.9 -4.9 0.1 0 0 0 
530 -0.330198 0.816174 0.0548882 -0.330198 0.816174 0.0548882 21.9957 3.28324 3.57705 
531 3.2117 4.9 0.1 3.2117 4.9 0.1 566.445 482.859 0 
532 -4.05807 -3.49616 0.1 -4.05807 -3.49616 0.1 -636.653 -588.147 0 
533 -4.9 2.30806 0.1 -4.9 2.30806 0.1 -152.026 478.724 0 
534 4.9 -0.472339 0.1 4.9 -0.472339 0.1 603.445 -161.814 0 
535 -1.41968 -4.9 0.1 -1.41968 -4.9 0.1 -173.43 -11.2286 0 
536 4.9 4.9 -0.1 4.9 4.9 -0.1 486.435 98.1724 0 
537 4.9 4.9 -0.1 4.9 4.9 -0.1 271.29 804.761 0 
538 4.9 -4.9 0.1 4.9 -4.9 0.1 0 0 0 
539 -4.9 -4.9 -0.1 -4.9 -4.9 -0.1 0 0 0 
540 4.9 4.9 0.1 4.9 4.9 0.1 150.816 1147.82 0 
541 4.9 -4.9 -0.1 4.9 -4.9 -0.1 0 -896.371 0 
542 0.365941 -0.618599 0.1 0.365941 -0.618599 0.1 187.783 -110.492 0 
543 0.219675 -4.9 0.1 0.219675 -4.9 0.1 -4.5787 -270.396 0 
544 1.60131 -4.9 0.1 1.60131 -4.9 0.1 141.58 0 0 
545 -4.9 -4.9 -0.1 -4.9 -4.9 -0.1 0 -1029.74 0 
546 3.15799 -4.9 -0.1 3.15799 -4.9 -0.1 1620.77 -778.853 0 
547 -4.9 -4.9 0.1 -4.9 -4.9 0.1 -1404.07 -351.791 0 
548 4.9 4.9 0.1 4.9 4.9 0.1 443.354 503.534 0 
549 4.10064 1.15677 0.1 4.10064 1.15677 0.1 545.001 128.835 0 
550 -2.19695 1.82791 -0.1 -2.19695 1.82791 -0.1 -366.654 405.71 0 
551 4.9 4.9 0.1 4.9 4.9 0.1 553.293 0 0 
552 -4.9 4.9 0.1 -4.9 4.9 0.1 -777.529 550.473 0 
553 4.9 -4.9 0.1 4.9 -4.9 0.1 1928.58 0 0 
554 -4.9 -0.946132 0.1 -4.9 -0.946132 0.1 0 -247.621 0 
555 -1.84648 -4.12369 -0.1 -1.84648 -4.12369 -0.1 -134.944 -652.422 0 
556 4.9 -4.9 -0.1 4.9 -4.9 -0.1 0 0 0 
557 0.345056 -1.56293 0.1 0.345056 -1.56293 0.1 -50.8771 -137.678 9.76289 
558 -4.9 1.72872 -0.1 -4.9 1.72872 -0.1 -379.312 378.921 0 
559 1.50859 4.9 0.1 1.50859 4.9 0.1 -241.445 757.99 0 
560 2.66544 -4.9 0.1 2.66544 -4.9 0.1 712.724 0 0 
561 0.77043 2.06589 -0.1 0.77043 2.06589 -0.1 6.10948 421.915 0 
562 -4.9 4.9 0.1 -4.9 4.9 0.1 -443.444 489.055 0 
563 4.9 4.9 0.1 4.9 4.9 0.1 1529.71 532.957 0 
564 4.9 4.9 0.1 4.9 4.9 0.1 1703.22 0 0 
565 4.9 4.9 0.1 4.9 4.9 0.1 0 0 0 
566 2.9557 -0.793178 0.1 2.9557 -0.793178 0.1 394.005 -257.199 0 
567 -0.122241 3.83726 -0.1 -0.122241 3.83726 -0.1 31.5423 691.532 0 
568 1.31911 4.9 -0.1 1.31911 4.9 -0.1 274.953 477.563 0 
569 2.8456 0.171937 0.1 2.8456 0.171937 0.1 565.155 127.132 0 
570 4.40499 4.66681 0.1 4.40499 4.66681 0.1 615.355 598.414 0 
571 4.9 0.960219 0.1 4.9 0.960219 0.1 0 225.177 0 
572 -1.42284 1.3723 0.1 -1.42284 1.3723 0.1 -95.0055 220.918 0 
573 4.9 4.9 0.1 4.9 4.9 0.1 0 0 0 
574 -4.9 4.9 0.1 -4.9 4.9 0.1 -1292.36 0 0 
575 -4.9 4.9 -0.1 -4.9 4.9 -0.1 0 0 0 
576 -3.79775 -1.8719 -0.1 -3.79775 -1.8719 -0.1 -583.476 -371.763 0 
577 -4.9 -0.434487 0.1 -4.9 -0.434487 0.1 -757.977 -134.214 0 
578 4.9 -4.9 0.1 4.9 -4.9 0.1 0 0 0 
579 4.9 4.9 -0.1 4.9 4.9 -0.1 99.0525 2185.41 0 
580 4.9 4.9 -0.1 4.9 4.9 -0.1 0 312.313 0 
581 4.9 -4.9 0.1 4.9 -4.9 0.1 322.316 -15.3083 0 
582 -4.9 -4.9 -0.1 -4.9 -4.9 -0.1 -434.823 -1797.25 0 
583 4.9 -4.9 0.1 4.9 -4.9 0.1 570.621 0 0 
584 -4.9 -4.9 -0.1 -4.9 -4.9 -0.1 -1244.32 0 0 
585 -3.3143 -0.849244 -0.1 -3.3143 -0.849244 -0.1 -575.237 -188.357 0 
586 -4.9 -4.9 -0.1 -4.9 -4.9 -0.1 -405.918 -405.178 0 
587 4.9 -4.9 -0.1 4.9 -4.9 -0.1 417.083 -1962.15 0 
588 1.91553 -4.9 0.1 1.91553 -4.9 0.1 249.456 0 0 
589 4.9 -4.9 -0.1 4.9 -4.9 -0.1 0 -716.247 0 
590 -4.9 -4.9 -0.1 -4.9 -4.9 -0.1 0 0 -25.3564 
591 4.9 4.9 -0.1 4.9 4.9 -0.1 371.054 0 0 
592 -4.9 4.9 -0.1 -4.9 4.9 -0.1 0 1598.85 0 
593 2.94963 -0.100593 -0.1 2.94963 -0.100593 -0.1 546.923 -58.9929 0 
594 1.13933 -3.73878 0.1 1.13933 -3.73878 0.1 184.259 -622.773 0 
595 -4.9 4.9 -0.1 -4.9 4.9 -0.1 -1213.5 0 0 
596 -4.9 4.9 0.1 -4.9 4.9 0.1 -1360.02 296.712 0 
597 0.342956 3.68157 -0.1 0.342956 3.68157 -0.1 110.519 503.242 0 
598 4.9 4.9 0.1 4.9 4.9 0.1 0 0 0 
599 -4.9 4.9 -0.1 -4.9 4.9 -0.1 -1485.4 532.902 0 
600 4.9 -4.9 0.1 4.9 -4.9 0.1 0 0 0 
601 -4.9 -4.9 -0.1 -4.9 -4.9 -0.1 -559.635 -1406.91 0 
602 4.9 -4.02362 0.1 4.9 -4.02362 0.1 0 -607.165 0 
603 4.9 -4.9 -0.1 4.9 -4.9 -0.1 497.834 -655.796 0 
604 -4.9 4.9 -0.1 -4.9 4.9 -0.1 0 693.207 0 
605 4.9 -4.9 -0.1 4.9 -4.9 -0.1 431.686 -540.953 0 
606 -2.25313 -2.11869 -0.1 -2.25313 -2.11869 -0.1 -300.285 -271.371 0 
607 -2.51923 -4.53172 -0.1 -2.51923 -4.53172 -0.1 -254.871 -549.521 0 
608 -1.97322 1.64999 -0.1 -1.97322 1.64999 -0.1 -206.277 147.997 0 
609 1.86941 -1.7383 0.1 1.86941 -1.7383 0.1 396.685 -367.224 0 
610 4.9 4.9 0.1 4.9 4.9 0.1 0 905.282 0 
611 3.70306 -4.9 -0.1 3.70306 -4.9 -0.1 2013.33 -1361.52 0 
612 -4.9 4.9 -0.1 -4.9 4.9 -0.1 0 251.974 0 
613 4.9 -3.88188 -0.1 4.9 -3.88188 -0.1 0 -515.921 0 
614 -4.9 -4.9 -0.1 -4.9 -4.9 -0.1 0 -1065.49 0 
615 -4.9 4.9 -0.1 -4.9 4.9 -0.1 -444.049 0 0 
616 -4.38037 -3.92845 -0.1 -4.38037 -3.92845 -0.1 -792.202 -691.521 0 
617 -4.9 -4.9 0.1 -4.9 -4.9 0.1 0 -825.174 0 
618 4.9 4.9 -0.1 4.9 4.9 -0.1 373.573 0 0 
619 -4.9 -4.9 -0.1 -4.9 -4.9 -0.1 0 0 0 
620 -4.9 4.9 -0.1 -4.9 4.9 -0.1 0 0 0 
621 4.9 4.9 -0.1 4.9 4.9 -0.1 58.1521 913.82 0 
622 0.267268 0.817489 0.0425609 0.267268 0.817489 0.0425609 0 -0.0653333 0 
623 -4.9 4.9 -0.1 -4.9 4.9 -0.1 -654.392 155.752 0 
624 1.24372 2.45279 0.1 1.24372 2.45279 0.1 199.298 321.808 0 
625 -4.9 -4.9 0.1 -4.9 -4.9 0.1 -200.507 -1471.26 0 
626 0.329947 1.0681 -0.0218136 0.329947 1.0681 -0.0218136 -7.55141 29.1611 1.90045 
627 1.97611 -4.9 -0.1 1.97611 -4.9 -0.1 -72.6017 -555.961 0 
628 -4.9 -4.9 0.1 -4.9 -4.9 0.1 -214.042 -230.492 0 
629 4.9 4.9 -0.1 4.9 4.9 -0.1 0 943.725 0 
630 4.9 4.9 0.1 4.9 4.9 0.1 344.548 0 0 
631 1.1479 -3.80408 -0.1 1.1479 -3.80408 -0.1 309.738 -578.317 0 
632 -4.9 -4.9 -0.1 -4.9 -4.9 -0.1 -127.888 -728.478 0 
633 -4.9 -4.9 0.1 -4.9 -4.9 0.1 -107.934 -710.198 0 
634 4.9 4.9 -0.1 4.9 4.9 -0.1 1013.42 217.263 0 
635 -2.78217 3.89146 0.1 -2.78217 3.89146 0.1 -462.257 544.031 0 
636 0.58424 0.941638 -0.0630922 0.58424 0.941638 -0.0630922 0.861584 6.95971 -3.75904 
637 -0.740752 -1.79643 0.1 -0.740752 -1.79643 0.1 -16.3232 -271.158 0 
638 -4.9 -3.24364 0.1 -4.9 -3.24364 0.1 0 -534.203 0 
639 4.9 4.9 0.1 4.9 4.9 0.1 0 568.833 0 
640 4.9 4.9 -0.1 4.9 4.9 -0.1 0 1231.28 0 
641 4.9 4.9 0.1 4.9 4.9 0.1 0 775.477 0 
642 -4.9 4.9 -0.1 -4.9 4.9 -0.1 -595.362 0 0 
643 4.9 -1.83423 -0.1 4.9 -1.83423 -0.1 0 -560.156 0 
644 4.9 -4.9 -0.1 4.9 -4.9 -0.1 220.256 -317.985 0 
645 -1.9604 4.9 -0.1 -1.9604 4.9 -0.1 -307.826 389.916 0 
646 -4.69952 -4.9 0.1 -4.69952 -4.9 0.1 -761.01 -567.51 0 
647 -3.82566 3.97776 -0.1 -3.82566 3.97776 -0.1 -540.078 674.01 0 
648 -2.57475 -4.9 -0.1 -2.57475 -4.9 -0.1 -884.72 -643.661 0 
649 1.82492 -3.25679 0.1 1.82492 -3.25679 0.1 131.794 -583.26 0 
650 -4.9 4.9 -0.1 -4.9 4.9 -0.1 -166.28 1744.31 0 
651 0.849071 3.95016 0.1 0.849071 3.95016 0.1 163.827 714.473 0 
652 -2.72422 0.997752 0.1 -2.72422 0.997752 0.1 -481.877 143.947 0 
653 -4.9 -4.9 -0.1 -4.9 -4.9 -0.1 -848.819 0 0 
654 -4.9 3.44437 -0.1 -4.9 3.44437 -0.1 -129.06 514.587 0 
655 -4.9 -4.9 -0.1 -4.9 -4.9 -0.1 -691.212 -1586.04 0 
656 -1.0326 -4.9 -0.1 -1.0326 -4.9 -0.1 -45.3357 0 0 
657 -0.107836 2.64928 0.1 -0.107836 2.64928 0.1 -17.1335 392.08 0 
658 4.9 4.9 0.1 4.9 4.9 0.1 1781.97 213.196 0 
659 -0.0822949 -1.33439 0.0628757 -0.0822949 -1.33439 0.0628757 -109.302 -51.234 3.64507 
660 -4.9 2.49926 0.1 -4.9 2.49926 0.1 0 486.976 0 
661 1.53559 1.78796 0.1 1.53559 1.78796 0.1 235.448 248.951 0 
662 4.17454 4.19008 -0.1 4.17454 4.19008 -0.1 619.452 517.541 0 
663 -2.7034 -4.34542 0.1 -2.7034 -4.34542 0.1 -407.456 -753.099 0 
664 -1.84682 -4.9 0.1 -1.84682 -4.9 0.1 43.0003 0 0 
665 4.9 4.9 -0.1 4.9 4.9 -0.1 644.889 604.295 0 
666 4.9 4.9 0.1 4.9 4.9 0.1 0 835.439 0 
667 -4.9 1.52318 -0.1 -4.9 1.52318 -0.1 -688.78 182.06 0 
668 4.9 -4.9 -0.1 4.9 -4.9 -0.1 0 -669.266 0 
669 -1.58081 -4.9 -0.1 -1.58081 -4.9 -0.1 -1097.84 -181.338 0 
670 2.51989 1.76757 -0.1 2.51989 1.76757 -0.1 292.985 283.249 0 
671 -4.9 4.9 -0.1 -4.9 4.9 -0.1 0 558.676 0 
672 2.96732 0.835411 -0.1 2.96732 0.835411 -0.1 568.192 245.81 0 
673 0.485297 4.63065 -0.1 0.485297 4.63065 -0.1 147.031 566.254 0 
674 -0.957772 -4.9 0.1 -0.957772 -4.9 0.1 409.842 0 0 
675 4.9 4.9 -0.1 4.9 4.9 -0.1 0 0 0 
676 -4.9 -3.01704 -0.1 -4.9 -3.01704 -0.1 0 -845.871 0 
677 -4.9 1.41733 -0.1 -4.9 1.41733 -0.1 0 194.58 0 
678 -4.9 -4.9 -0.1 -4.9 -4.9 -0.1 0 -771.363 0 
679 4.9 4.9 -0.1 4.9 4.9 -0.1 390.221 0 0 
680 -4.9 -4.9 0.1 -4.9 -4.9 0.1 -594.726 0 0 
681 4.88385 -1.79113 0.1 4.88385 -1.79113 0.1 725.502 -393.739 0 
682 4.9 -4.9 0.1 4.9 -4.9 0.1 1955.79 0 0 
683 -4.9 -4.27066 0.1 -4.9 -4.27066 0.1 -170.398 -786.137 0 
684 -4.29946 4.9 -0.1 -4.29946 4.9 -0.1 -539.025 82.5336 0 
685 -4.9 -4.9 0.1 -4.9 -4.9 0.1 0 -2940 60 
686 -4.9 -4.9 -0.1 -4.9 -4.9 -0.1 -876.971 0 0 
687 0.760933 4.57783 0.1 0.760933 4.57783 0.1 141.849 599.877 0 
688 -2.1086 4.9 -0.1 -2.1086 4.9 -0.1 -276.049 475.009 0 
689 4.9 -4.9 0.1 4.9 -4.9 0.1 0 -662.337 0 
690 -4.9 -4.9 -0.1 -4.9 -4.9 -0.1 0 0 0 
691 -4.9 4.9 0.1 -4.9 4.9 0.1 0 0 0 
692 -2.11032 4.61318 0.1 -2.11032 4.61318 0.1 -260.611 618.601 0 
693 -4.9 -4.9 0.1 -4.9 -4.9 0.1 0 0 0 
694 3.2017 -4.9 0.1 3.2017 -4.9 0.1 1253.11 0 0 
695 2.07704 0.432957 -0.1 2.07704 0.432957 -0.1 376.787 -18.2361 0 
696 4.9 4.9 -0.1 4.9 4.9 -0.1 2140.88 0 0 
697 4.28167 -4.9 0.1 4.28167 -4.9 0.1 1462.11 0 0 
698 2.08778 4.9 0.1 2.08778 4.9 0.1 434.173 507.108 0 
699 -4.9 4.9 -0.1 -4.9 4.9 -0.1 -626.354 0 -45.6631 
700 3.42491 -3.92921 -0.1 3.42491 -3.92921 -0.1 526.161 -659.81 0 
701 -4.9 -4.9 -0.1 -4.9 -4.9 -0.1 -377.422 0 0 
702 -3.87893 -4.9 0.1 -3.87893 -4.9 0.1 -1119.45 0 0 
703 4.9 4.9 0.1 4.9 4.9 0.1 0 198.865 0 
704 4.9 4.9 0.1 4.9 4.9 0.1 0 0 0 
705 4.30332 4.9 0.1 4.30332 4.9 0.1 683.254 449.593 0 
706 4.9 -4.9 0.1 4.9 -4.9 0.1 0 -2271.02 0 
707 -4.9 4.9 -0.1 -4.9 4.9 -0.1 -266.494 1865.24 0 
708 -4.9 4.9 0.1 -4.9 4.9 0.1 -912.075 411.065 0 
709 -0.656339 -3.3391 0.1 -0.656339 -3.3391 0.1 -220.561 -375.808 0 
710 4.9 -4.9 0.1 4.9 -4.9 0.1 0 -1434.63 0 
711 4.9 4.9 -0.1 4.9 4.9 -0.1 716.971 550.311 0 
712 1.1812 4.9 0.1 1.1812 4.9 0.1 311.625 0 0 
713 4.9 4.9 0.1 4.9 4.9 0.1 1337.19 480.935 0 
714 -4.9 -0.0409009 0.1 -4.9 -0.0409009 0.1 0 15.5847 0 
715 4.9 -4.9 -0.1 4.9 -4.9 -0.1 0 -1353.5 0 
716 -4.9 4.9 -0.1 -4.9 4.9 -0.1 -684.226 50.4227 0 
717 -4.9 4.9 -0.1 -4.9 4.9 -0.1 0 1314.63 0 
718 -1.1142 -1.44101 0.1 -1.1142 -1.44101 0.1 -180.002 -180.113 0 
719 -4.9 -4.9 -0.1 -4.9 -4.9 -0.1 0 -4.46835 0 
720 -4.9 -4.9 0.1 -4.9 -4.9 0.1 -94.4063 0 0 
721 4.9 1.56251 -0.1 4.9 1.56251 -0.1 0 91.8753 0 
722 4.9 -4.9 0.1 4.9 -4.9 0.1 934.964 0 0 
723 0.545914 -4.20245 0.1 0.545914 -4.20245 0.1 -39.8335 -655.662 0 
724 4.9 0.834833 -0.1 4.9 0.834833 -0.1 744.158 265.003 0 
725 -4.9 -4.9 0.1 -4.9 -4.9 0.1 0 0 0 
726 -4.9 -4.9 -0.1 -4.9 -4.9 -0.1 -153.339 0 0 
727 2.00944 -3.53527 -0.1 2.00944 -3.53527 -0.1 186.172 -386.188 0 
728 -4.9 4.9 0.1 -4.9 4.9 0.1 0 384.936 0 
729 -2.92325 -4.9 -0.1 -2.92325 -4.9 -0.1 -430.024 0 0 
730 -4.9 3.97129 0.1 -4.9 3.97129 0.1 -375.315 735.727 0 
731 -4.29604 2.23731 0.1 -4.29604 2.23731 0.1 -568.583 305.393 0 
732 -2.63396 -2.75817 -0.1 -2.63396 -2.75817 -0.1 -325.068 -338.415 0 
733 -1.71081 -1.30124 0.1 -1.71081 -1.30124 0.1 -188.378 -189.203 0 
734 -4.9 -3.87731 0.1 -4.9 -3.87731 0.1 0 -569.353 0 
735 4.9 4.9 -0.1 4.9 4.9 -0.1 0 0 0 
736 -4.9 -4.9 0.1 -4.9 -4.9 0.1 -46.9374 -721.284 0 
737 4.9 -4.9 0.1 4.9 -4.9 0.1 261.799 0 0 
738 -3.59854 4.9 -0.1 -3.59854 4.9 -0.1 -562.246 0 0 
739 3.96881 -4.78211 -0.1 3.96881 -4.78211 -0.1 559.544 -652.358 0 
740 -4.9 4.9 0.1 -4.9 4.9 0.1 -1.43463 0 0 
741 -4.9 -4.9 -0.1 -4.9 -4.9 -0.1 0 0 0 
742 3.05898 -4.9 0.1 3.05898 -4.9 0.1 371.652 0 0 
743 -4.9 -4.9 0.1 -4.9 -4.9 0.1 -1044.47 0 0 
744 -4.9 4.9 0.1 -4.9 4.9 0.1 -432.32 612.097 0 
745 -0.727099 4.9 0.1 -0.727099 4.9 0.1 -167.976 0 0 
746 0.45218 4.9 -0.1 0.45218 4.9 -0.1 -30.316 0 0 
747 4.9 -4.9 0.1 4.9 -4.9 0.1 2097.43 -331.865 0 
748 4.9 4.9 0.1 4.9 4.9 0.1 369.153 591.459 0 
749 2.67849 -1.43508 -0.1 2.67849 -1.43508 -0.1 405.6 -161.444 0 
750 -0.306199 1.83659 0.1 -0.306199 1.83659 0.1 -104.232 127.094 0 
751 4.9 -4.9 0.1 4.9 -4.9 0.1 1796.28 -261.328 0 
752 -0.634023 0.865467 0.0637458 -0.634023 0.865467 0.0637458 -10.752 4.83337 2.23707 
753 -1.87303 -2.06749 -0.1 -1.87303 -2.06749 -0.1 -149.271 -232.169 0 
754 -4.9 4.9 0.1 -4.9 4.9 0.1 -287.44 510.895 7.97086 
755 -4.9 -4.9 0.1 -4.9 -4.9 0.1 -302.936 -84.2622 0 
756 4.9 1.38922 -0.1 4.9 1.38922 -0.1 281.615 515.188 0 
757 4.9 -4.9 0.1 4.9 -4.9 0.1 0 -125.584 0 
758 4.9 -4.9 -0.1 4.9 -4.9 -0.1 682.831 0 0 
759 4.9 4.9 -0.1 4.9 4.9 -0.1 822.964 0 0 
760 4.9 2.63188 -0.1 4.9 2.63188 -0.1 865.74 817.553 -60 
761 4.9 -4.9 -0.1 4.9 -4.9 -0.1 0 -2006.31 0 
762 -4.9 0.297086 0.1 -4.9 0.297086 0.1 -22.0649 106.032 0 
763 2.26942 4.9 -0.1 2.26942 4.9 -0.1 1031.12 535.684 0 
764 -4.9 4.9 -0.1 -4.9 4.9 -0.1 0 621.131 0 
765 -4.9 4.29974 -0.1 -4.9 4.29974 -0.1 -519.301 636.357 0 
766 2.84628 2.06511 -0.1 2.84628 2.06511 -0.1 566.02 226.712 0 
767 -1.92761 0.651317 -0.1 -1.92761 0.651317 -0.1 -345.148 13.0838 0 
768 -4.9 -4.9 0.1 -4.9 -4.9 0.1 -345.386 -335.62 0 
769 -4.9 -4.9 -0.1 -4.9 -4.9 -0.1 0 0 0 
770 -4.9 -4.9 0.1 -4.9 -4.9 0.1 0 0 0 
771 -3.95821 4.9 0.1 -3.95821 4.9 0.1 -524.609 480.983 0 
772 4.9 4.9 0.1 4.9 4.9 0.1 237.976 0 0 
773 -4.9 2.73165 -0.1 -4.9 2.73165 -0.1 0 508.515 0 
774 4.9 4.9 -0.1 4.9 4.9 -0.1 0 191.483 0 
775 2.39815 1.26459 -0.1 2.39815 1.26459 -0.1 476.141 122.81 0 
776 4.9 -4.9 0.1 4.9 -4.9 0.1 0 -1071.15 0 
777 -4.9 4.9 0.1 -4.9 4.9 0.1 -286.516 498.808 0 
778 4.9 -1.51624 0.1 4.9 -1.51624 0.1 0 -113.727 0 
779 -3.12023 0.1149 0.1 -3.12023 0.1149 0.1 -551.463 -60.6453 0 
780 0.98552 -3.41896 0.1 0.98552 -3.41896 0.1 74.0593 -506.125 0 
781 -4.9 4.9 0.1 -4.9 4.9 0.1 0 0 0 
782 -4.9 4.9 0.1 -4.9 4.9 0.1 -1581.53 94.9042 0 
783 4.9 2.41715 -0.1 4.9 2.41715 -0.1 32.1245 987.614 0 
784 -4.9 -2.9374 -0.1 -4.9 -2.9374 -0.1 -211.683 -573.979 0 
785 4.9 -4.9 -0.1 4.9 -4.9 -0.1 0 -1837.72 0 
786 -4.9 4.9 -0.1 -4.9 4.9 -0.1 0 0 -60 
787 -4.9 4.9 -0.1 -4.9 4.9 -0.1 -752.89 591.561 0 
788 4.9 4.9 -0.1 4.9 4.9 -0.1 202.76 1466.49 0 
789 4.9 -4.9 0.1 4.9 -4.9 0.1 629.445 -840.946 0 
790 -4.9 4.9 -0.1 -4.9 4.9 -0.1 0 0 0 
791 -4.56619 0.240475 -0.1 -4.56619 0.240475 -0.1 -686.3 155.431 0 
792 4.9 4.9 0.1 4.9 4.9 0.1 0 0 0 
793 4.9 -4.9 -0.1 4.9 -4.9 -0.1 1030.69 -282.81 0 
794 4.9 -4.9 -0.1 4.9 -4.9 -0.1 0 0 0 
795 -4.9 4.9 0.1 -4.9 4.9 0.1 -64.6341 316.193 0 
796 4.9 -0.944569 0.1 4.9 -0.944569 0.1 0 -196.961 0 
797 -4.9 4.9 -0.1 -4.9 4.9 -0.1 0 0 0 
798 2.69103 2.06246 0.1 2.69103 2.06246 0.1 472.939 217.517 0 
799 -4.9 -4.9 -0.1 -4.9 -4.9 -0.1 0 0 0 
800 -4.9 -4.9 0.1 -4.9 -4.9 0.1 -1023.58 0 0 
801 4.9 4.9 0.1 4.9 4.9 0.1 0 548.484 0 
802 -3.60954 -4.9 0.1 -3.60954 -4.9 0.1 -490.651 0 0 
803 0.18322 -4.9 -0.1 0.18322 -4.9 -0.1 -591.057 0 0 
804 4.9 4.9 -0.1 4.9 4.9 -0.1 117.277 0 0 
805 1.61492 1.50482 -0.1 1.61492 1.50482 -0.1 385.437 304.273 0 
806 -4.9 4.9 0.1 -4.9 4.9 0.1 0 0 0 
807 -4.9 4.9 -0.1 -4.9 4.9 -0.1 0 60.4035 0 
808 4.9 4.9 -0.1 4.9 4.9 -0.1 18.3579 891.91 0 
809 -3.81003 -4.7968 0.1 -3.81003 -4.7968 0.1 -435.579 -651.84 0 
810 4.9 -4.9 0.1 4.9 -4.9 0.1 0 -992.489 0 
811 -4.9 -4.9 -0.1 -4.9 -4.9 -0.1 -2265.9 0 0 
812 -4.9 4.9 -0.1 -4.9 4.9 -0.1 -2144.17 0 0 
813 -3.29875 -4.9 0.1 -3.29875 -4.9 0.1 -824.966 -519.019 0 
814 -4.9 4.9 -0.1 -4.9 4.9 -0.1 -662.698 244.025 0 
815 4.9 4.9 -0.1 4.9 4.9 -0.1 0 0 0 
816 -4.9 -4.9 -0.1 -4.9 -4.9 -0.1 -725.137 -721.376 0 
817 0.656784 -4.9 -0.1 0.656784 -4.9 -0.1 6.16607 -692.045 0 
818 -4.9 4.9 -0.1 -4.9 4.9 -0.1 0 549.094 0 
819 4.9 4.9 0.1 4.9 4.9 0.1 0 0 0 
820 4.9 -4.9 0.1 4.9 -4.9 0.1 354.126 -364.787 0 
821 3.96259 -1.977 0.1 3.96259 -1.977 0.1 535.344 -349.786 0 
822 -4.9 4.9 -0.1 -4.9 4.9 -0.1 0 526.841 0 
823 4.9 -4.9 -0.1 4.9 -4.9 -0.1 674.586 -227.705 0 
824 -4.9 -4.9 -0.1 -4.9 -4.9 -0.1 -80.6843 -569.778 0 
825 -4.9 -4.9 -0.1 -4.9 -4.9 -0.1 0 -1382.84 0 
826 4.9 -4.9 0.1 4.9 -4.9 0.1 786.243 -1752.9 0 
827 -4.9 -4.9 -0.1 -4.9 -4.9 -0.1 -550.028 -372.668 0 
828 -4.9 -4.9 -0.1 -4.9 -4.9 -0.1 -2940 -2940 -60 
829 4.9 0.396303 0.1 4.9 0.396303 0.1 328.37 180.235 0 
830 4.9 4.9 -0.1 4.9 4.9 -0.1 572.906 26.8227 0 
831 1.02072 -2.86731 0.1 1.02072 -2.86731 0.1 -42.1639 -545.044 0 
832 4.9 4.9 0.1 4.9 4.9 0.1 24.32 1377.85 0 
833 -4.9 0.254931 -0.1 -4.9 0.254931 -0.1 -715.897 33.2362 0 
834 0.84205 -4.43438 -0.1 0.84205 -4.43438 -0.1 190.292 -704.493 0 
835 4.9 4.9 0.1 4.9 4.9 0.1 615.63 0 0 
836 -4.9 -4.9 0.1 -4.9 -4.9 0.1 0 -228.928 0 
837 4.9 -4.9 0.1 4.9 -4.9 0.1 667.746 -1380.18 0 
838 -4.9 -4.9 -0.1 -4.9 -4.9 -0.1 -1536.49 0 0 
839 4.9 -4.9 0.1 4.9 -4.9 0.1 0 0 0 
840 -4.9 4.9 -0.1 -4.9 4.9 -0.1 0 0 0 
841 4.9 4.9 -0.1 4.9 4.9 -0.1 201.346 113.427 0 
842 -4.9 0.447448 0.1 -4.9 0.447448 0.1 0 235.133 0 
843 -1.84682 -2.49461 0.1 -1.84682 -2.49461 0.1 -358.9 -268.324 0 
844 4.9 -4.9 0.1 4.9 -4.9 0.1 94.8084 -194.612 0 
845 -4.9 4.9 0.1 -4.9 4.9 0.1 0 0 0 
846 4.9 4.9 0.1 4.9 4.9 0.1 297.343 276.654 0 
847 4.9 -4.9 0.1 4.9 -4.9 0.1 500.592 0 0 
848 -4.9 -4.9 0.1 -4.9 -4.9 0.1 0 -2074.69 0 
849 4.9 4.9 0.1 4.9 4.9 0.1 849.449 646.464 0 
850 -0.123136 0.0713398 -0.1 -0.123136 0.0713398 -0.1 96.3614 -44.6369 0 
851 -4.9 -4.9 0.1 -4.9 -4.9 0.1 -893.282 0 0 
852 4.9 -4.9 0.1 4.9 -4.9 0.1 91.6513 -1958.4 0 
853 2.47536 -3.79396 -0.1 2.47536 -3.79396 -0.1 484.404 -429.522 0 
854 4.9 4.9 0.1 4.9 4.9 0.1 387.408 530.623 0 
855 -4.9 4.9 0.1 -4.9 4.9 0.1 0 0 0 
856 4.9 2.7947 0.1 4.9 2.7947 0.1 0 560.502 0 
857 4.9 -4.9 0.1 4.9 -4.9 0.1 712.756 0 0 
858 4.9 4.9 -0.1 4.9 4.9 -0.1 521.672 661.254 0 
859 4.9 -4.9 0.1 4.9 -4.9 0.1 88.1125 0 0 
860 0.518925 4.38351 -0.1 0.518925 4.38351 -0.1 -61.4142 703.506 0 
861 -4.9 4.9 0.1 -4.9 4.9 0.1 0 0 0 
862 -4.9 4.9 0.1 -4.9 4.9 0.1 -431.392 770.749 0 
863 -4.9 4.9 -0.1 -4.9 4.9 -0.1 0 0 0 
864 4.9 -4.9 -0.1 4.9 -4.9 -0.1 0 -961.597 -60 
865 3.92234 2.88315 -0.1 3.92234 2.88315 -0.1 674.155 557.162 0 
866 -4.9 4.9 -0.1 -4.9 4.9 -0.1 -703.835 1028.86 0 
867 -4.9 4.9 0.1 -4.9 4.9 0.1 -1616.98 0 0 
868 0.483532 -1.52439 -0.1 0.483532 -1.52439 -0.1 -8.88247 -279.004 0 
869 -4.9 -4.9 0.1 -4.9 -4.9 0.1 0 0 0 
870 2.72354 4.9 -0.1 2.72354 4.9 -0.1 377.752 0 -60 
871 -4.9 -4.9 -0.1 -4.9 -4.9 -0.1 0 0 0 
872 1.76148 4.9 -0.1 1.76148 4.9 -0.1 390.573 635.846 0 
873 3.10234 4.9 -0.1 3.10234 4.9 -0.1 345.152 175.285 0 
874 -4.9 4.9 -0.1 -4.9 4.9 -0.1 -1738.31 836.088 0 
875 -1.75322 4.9 0.1 -1.75322 4.9 0.1 -86.4295 0 0 
876 -0.858005 4.07278 0.1 -0.858005 4.07278 0.1 -76.4106 546.109 0 
877 -4.9 -4.9 -0.1 -4.9 -4.9 -0.1 -1450.01 0 0 
878 4.9 -4.9 -0.1 4.9 -4.9 -0.1 159.398 -128.988 0 
879 4.9 -4.9 -0.1 4.9 -4.9 -0.1 921.593 -647.679 0 
880 3.45078 -2.20946 -0.1 3.45078 -2.20946 -0.1 455.814 -396.968 0 
881 4.9 -4.9 -0.1 4.9 -4.9 -0.1 291.927 0 0 
882 -4.9 -4.9 0.1 -4.9 -4.9 0.1 -145.308 -96.3521 0 
883 -4.9 4.9 0.1 -4.9 4.9 0.1 0 214.746 0 
884 -4.9 4.9 0.1 -4.9 4.9 0.1 -235.375 218.015 0 
885 -2.57432 -2.33044 -0.1 -2.57432 -2.33044 -0.1 -487.333 -218.415 0 
886 -4.9 -4.9 0.1 -4.9 -4.9 0.1 0 -153.044 0 
887 4.9 4.9 -0.1 4.9 4.9 -0.1 307.024 1595.52 0 
888 4.31682 -4.9 -0.1 4.31682 -4.9 -0.1 631.923 0 0 
889 -4.9 2.96277 0.1 -4.9 2.96277 0.1 0 195.708 0 
890 3.46722 0.902431 -0.1 3.46722 0.902431 -0.1 485.626 153.828 0 
891 4.9 4.9 -0.1 4.9 4.9 -0.1 0 1852.1 0 
892 -4.9 -4.9 -0.1 -4.9 -4.9 -0.1 0 -804.763 0 
893 0.661395 -4.21554 0.1 0.661395 -4.21554 0.1 -626.593 -1176.46 0 
894 4.9 -4.9 0.1 4.9 -4.9 0.1 354.369 -829.774 0 
895 -4.25304 -4.9 0.1 -4.25304 -4.9 0.1 -513.585 0 0 
896 -0.758468 -2.7756 0.1 -0.758468 -2.7756 0.1 356.894 -376.744 0 
897 -4.9 4.9 -0.1 -4.9 4.9 -0.1 0 0 0 
898 -4.9 4.9 0.1 -4.9 4.9 0.1 -687.837 800.702 0 
899 -4.9 4.05337 -0.1 -4.9 4.05337 -0.1 -661.794 667.222 0 
900 0.192717 1.16961 0.1 0.192717 1.16961 0.1 -14.7543 308.275 0 
901 4.9 3.78796 0.1 4.9 3.78796 0.1 0 530.826 0 
902 -2.53314 1.19516 0.1 -2.53314 1.19516 0.1 -290.492 212.352 60 
903 -4.9 4.9 0.1 -4.9 4.9 0.1 -1602.22 0 0 
904 4.9 4.9 -0.1 4.9 4.9 -0.1 1120.45 454.44 0 
905 4.9 -4.9 -0.1 4.9 -4.9 -0.1 0 0 0 
906 -0.652788 -0.533854 0.1 -0.652788 -0.533854 0.1 -19.9283 58.7603 0 
907 -4.9 4.17305 -0.1 -4.9 4.17305 -0.1 -246.163 488.559 0 
908 -1.11144 3.43381 -0.1 -1.11144 3.43381 -0.1 -185.879 365.07 0 
909 4.9 0.169494 -0.1 4.9 0.169494 -0.1 424.818 87.7307 0 
910 -4.9 4.9 -0.1 -4.9 4.9 -0.1 -695.096 0 0 
911 4.9 -4.9 0.1 4.9 -4.9 0.1 1544.01 -603.714 0 
912 0.711599 -0.84057 -0.1 0.711599 -0.84057 -0.1 -16.1124 -24.5504 0 
913 2.76361 1.50157 -0.1 2.76361 1.50157 -0.1 439.549 104.585 0 
914 -4.14563 4.9 0.1 -4.14563 4.9 0.1 -1836.93 301.535 0 
915 4.9 -4.9 -0.1 4.9 -4.9 -0.1 0 -1694.35 0 
916 4.9 -3.23664 -0.1 4.9 -3.23664 -0.1 490.057 -418.912 0 
917 3.60648 4.9 0.1 3.60648 4.9 0.1 1280.83 78.3293 0 
918 3.67269 1.98554 0.1 3.67269 1.98554 0.1 449.283 372.698 0 
919 -4.9 1.23589 -0.1 -4.9 1.23589 -0.1 0 165.407 0 
920 4.9 4.9 0.1 4.9 4.9 0.1 869.708 0 0 
921 3.15922 2.76694 0.1 3.15922 2.76694 0.1 358.626 487.345 4.25648 
922 4.9 4.9 0.1 4.9 4.9 0.1 303.056 2026.77 0 
923 1.64785 4.9 0.1 1.64785 4.9 0.1 184.165 687.782 0 
924 4.9 4.9 0.1 4.9 4.9 0.1 0 0 0 
925 4.9 4.9 0.1 4.9 4.9 0.1 203.322 635.858 0 
926 1.56078 -0.414043 -0.1 1.56078 -0.414043 -0.1 211.732 -167.888 0 
927 4.9 4.62882 0.1 4.9 4.62882 0.1 0 1578.77 0 
928 -4.9 4.9 0.1 -4.9 4.9 0.1 0 0 0 
929 4.9 -4.9 -0.1 4.9 -4.9 -0.1 98.5882 -325.572 0 
930 -4.9 -4.9 0.1 -4.9 -4.9 0.1 -990.198 -664.088 0 
931 4.9 4.9 0.1 4.9 4.9 0.1 98.7005 105.451 0 
932 4.9 -4.9 0.1 4.9 -4.9 0.1 54.4126 -581.777 0 
933 4.9 4.9 0.1 4.9 4.9 0.1 40.326 551.443 0 
934 4.9 4.9 -0.1 4.9 4.9 -0.1 0 215.609 0 
935 1.68111 3.66117 0.1 1.68111 3.66117 0.1 361.442 683.931 0 
936 -4.9 4.9 -0.1 -4.9 4.9 -0.1 -148.394 171.834 0 
937 -4.9 2.60127 0.1 -4.9 2.60127 0.1 0 369.972 0 
938 4.9 -4.9 -0.1 4.9 -4.9 -0.1 190.639 -1873.95 0 
939 -1.06295 -4.9 0.1 -1.06295 -4.9 0.1 -207.289 -641.67 0 
940 -4.9 -4.9 0.1 -4.9 -4.9 0.1 0 -534.445 0 
941 -3.5394 4.9 0.1 -3.5394 4.9 0.1 -580.463 474.135 0 
942 1.02798 0.151074 0.1 1.02798 0.151074 0.1 259.424 124.851 0 
943 -2.2001 -4.9 -0.1 -2.2001 -4.9 -0.1 -211.497 -606.235 0 
944 4.9 -4.9 0.1 4.9 -4.9 0.1 499.75 -1226.58 0 
945 1.11407 -4.9 -0.1 1.11407 -4.9 -0.1 272.438 0 0 
946 -2.6002 -4.9 -0.1 -2.6002 -4.9 -0.1 -400.952 -780.615 0 
947 -4.9 -4.9 0.1 -4.9 -4.9 0.1 -116.84 0 0 
948 -2.82396 -4.9 -0.1 -2.82396 -4.9 -0.1 -279.746 -398.407 0 
949 0.801663 2.46855 0.1 0.801663 2.46855 0.1 170.967 318.664 0 
950 -3.41742 -1.41857 -0.1 -3.41742 -1.41857 -0.1 -558.561 -262.508 0 
951 -0.810397 1.82811 -0.1 -0.810397 1.82811 -0.1 -98.877 220.717 0 
952 -4.9 -4.9 -0.1 -4.9 -4.9 -0.1 0 -953.525 0 
953 -4.9 -4.9 -0.1 -4.9 -4.9 -0.1 0 0 0 
954 -4.9 -4.9 0.1 -4.9 -4.9 0.1 -591.434 -57.7174 0 
955 4.9 -4.9 -0.1 4.9 -4.9 -0.1 357.925 0 0 
956 3.35171 -4.58813 -0.1 3.35171 -4.58813 -0.1 405.411 -751.749 0 
957 4.9 -4.9 -0.1 4.9 -4.9 -0.1 0 -679.417 0 
958 -0.0309751 4.89534 0.1 -0.0309751 4.89534 0.1 -97.9578 664.543 0 
959 -4.9 1.4022 0.1 -4.9 1.4022 0.1 -668.532 299.145 0 
960 4.9 -4.9 0.1 4.9 -4.9 0.1 1953.81 -333.753 0 
961 4.9 4.9 0.1 4.9 4.9 0.1 378 65.6032 0 
962 4.9 2.23852 0.1 4.9 2.23852 0.1 600.748 7.28909 0 
963 3.71923 4.9 -0.1 3.71923 4.9 -0.1 562.322 85.5943 0 
964 3.18337 4.9 -0.1 3.18337 4.9 -0.1 2425.01 683.667 -60 
965 4.9 -0.583447 -0.1 4.9 -0.583447 -0.1 0 447.665 0 
966 -4.9 4.9 0.1 -4.9 4.9 0.1 0 636.541 0 
967 4.56202 -4.9 -0.1 4.56202 -4.9 -0.1 781.624 0 0 
968 4.9 -3.46757 0.1 4.9 -3.46757 0.1 672.494 -647.017 0 
969 4.9 -0.977861 -0.1 4.9 -0.977861 -0.1 0 -912.165 0 
970 -1.11455 0.296945 -0.1 -1.11455 0.296945 -0.1 -208.263 159.048 0 
971 4.9 -4.9 -0.1 4.9 -4.9 -0.1 126.54 -808.937 0 
972 4.9 -4.9 0.1 4.9 -4.9 0.1 320.532 -140.464 0 
973 4.9 1.22617 0.1 4.9 1.22617 0.1 0 246.331 0 
974 -2.19917 -1.46945 -0.1 -2.19917 -1.46945 -0.1 -204.313 -203.02 0 
975 4.9 4.9 -0.1 4.9 4.9 -0.1 276.283 0 0 
976 4.9 -2.29502 0.1 4.9 -2.29502 0.1 0 -429.979 0 
977 4.9 4.9 0.1 4.9 4.9 0.1 0 1941.11 0 
978 -2.786 -4.9 0.1 -2.786 -4.9 0.1 -515.285 -15.0142 0 
979 -4.9 2.06676 -0.1 -4.9 2.06676 -0.1 -363.736 204.075 0 
980 -0.860511 -1.14323 -0.1 -0.860511 -1.14323 -0.1 -69.5001 -73.1345 0 
981 4.9 4.9 0.1 4.9 4.9 0.1 166.524 1568.83 0 
982 4.9 4.9 0.1 4.9 4.9 0.1 803.054 1667.58 0 
983 -2.71956 -4.80715 -0.1 -2.71956 -4.80715 -0.1 -534.495 -724.314 0 
984 -4.5956 3.41921 -0.1 -4.5956 3.41921 -0.1 -580.151 438.865 0 
985 -4.9 4.9 0.1 -4.9 4.9 0.1 0 286.592 0 
986 4.9 4.9 -0.1 4.9 4.9 -0.1 0 0 0 
987 4.42698 -4.9 -0.1 4.42698 -4.9 -0.1 721.662 -318.379 0 
988 -4.9 4.9 0.1 -4.9 4.9 0.1 -614.342 303.817 0 
989 -4.60595 2.2051 -0.1 -4.60595 2.2051 -0.1 -584.302 357.762 0 
990 4.9 -4.9 0.1 4.9 -4.9 0.1 1261.02 -444.809 0 
991 1.11377 1.24469 -0.1 1.11377 1.24469 -0.1 47.4451 44.3557 0 
992 -0.620599 0.552271 0.1 -0.620599 0.552271 0.1 -72.1632 219.768 0 
993 4.9 4.9 0.1 4.9 4.9 0.1 0 0 0 
994 4.9 -4.9 -0.1 4.9 -4.9 -0.1 0 0 0 
995 -4.9 0.96649 -0.1 -4.9 0.96649 -0.1 -347.64 200.766 0 
996 4.9 -4.9 -0.1 4.9 -4.9 -0.1 313.727 0 0 
997 4.9 4.9 -0.1 4.9 4.9 -0.1 0 0 0 
998 0.855035 0.533715 0.0300228 0.855035 0.533715 0.0300228 0 -0.0653333 0 
999 -0.705363 4.9 -0.1 -0.705363 4.9 -0.1 -101.63 0 0 
